LAM MK;Area Type;Area FID;Area Version;Area Name;Zoning FID;Zoning Version;Zoning Name;Zoning Id;Zoning Tech;BG Version;Building FID;Building Version;BG Id;LAM City Code;LAM Street Code
972221;Zoning;6803489;20200127113640;W03-C-Antwerpen-West-FH05;6803489;20200127113640;W03-C-Antwerpen-West-FH05;19082;FTTH-Cu;;725954;20200622132324;;1630000;812
1736424;Zoning;6803489;20200127113640;W03-C-Antwerpen-West-FH05;6803489;20200127113640;W03-C-Antwerpen-West-FH05;19082;FTTH-Cu;;35730139;20200908140516;;1630000;812
972223;Zoning;6803489;20200127113640;W03-C-Antwerpen-West-FH05;6803489;20200127113640;W03-C-Antwerpen-West-FH05;19082;FTTH-Cu;;725955;20200622132324;;1630000;812
972220;Zoning;6803489;20200127113640;W03-C-Antwerpen-West-FH05;6803489;20200127113640;W03-C-Antwerpen-West-FH05;19082;FTTH-Cu;;725953;20200622132324;;1630000;812
1736426;Zoning;6803489;20200127113640;W03-C-Antwerpen-West-FH05;6803489;20200127113640;W03-C-Antwerpen-West-FH05;19082;FTTH-Cu;;623837;20200908140122;;1630000;812
972219;Zoning;6803489;20200127113640;W03-C-Antwerpen-West-FH05;6803489;20200127113640;W03-C-Antwerpen-West-FH05;19082;FTTH-Cu;;725952;20200908141010;;1630000;812
1736428;Zoning;6803489;20200127113640;W03-C-Antwerpen-West-FH05;6803489;20200127113640;W03-C-Antwerpen-West-FH05;19082;FTTH-Cu;;35730143;20200908140128;;1630000;812
3918229;Zoning;6803489;20200127113640;W03-C-Antwerpen-West-FH05;6803489;20200127113640;W03-C-Antwerpen-West-FH05;19082;FTTH-Cu;;690692;20200908140136;;1630000;812
1736429;Zoning;6803489;20200127113640;W03-C-Antwerpen-West-FH05;6803489;20200127113640;W03-C-Antwerpen-West-FH05;19082;FTTH-Cu;;623838;20200622132322;;1630000;812
3918230;Zoning;6803489;20200127113640;W03-C-Antwerpen-West-FH05;6803489;20200127113640;W03-C-Antwerpen-West-FH05;19082;FTTH-Cu;;35730142;20200908140143;;1630000;812
1736430;Zoning;6803489;20200127113640;W03-C-Antwerpen-West-FH05;6803489;20200127113640;W03-C-Antwerpen-West-FH05;19082;FTTH-Cu;;623839;20200908140152;;1630000;812
1736431;Zoning;6803489;20200127113640;W03-C-Antwerpen-West-FH05;6803489;20200127113640;W03-C-Antwerpen-West-FH05;19082;FTTH-Cu;;35730141;20200908140203;;1630000;812
1736432;Zoning;6803489;20200127113640;W03-C-Antwerpen-West-FH05;6803489;20200127113640;W03-C-Antwerpen-West-FH05;19082;FTTH-Cu;;623840;20200908140211;;1630000;812
972222;Zoning;6803489;20200127113640;W03-C-Antwerpen-West-FH05;6803489;20200127113640;W03-C-Antwerpen-West-FH05;19082;FTTH-Cu;;35730140;20200908140220;;1630000;812
1059317;Zoning;6803489;20200127113640;W03-C-Antwerpen-West-FH05;6803489;20200127113640;W03-C-Antwerpen-West-FH05;19082;FTTH-Cu;;612229;20200622132326;;1630000;2698
1059319;Zoning;6803489;20200127113640;W03-C-Antwerpen-West-FH05;6803489;20200127113640;W03-C-Antwerpen-West-FH05;19082;FTTH-Cu;;612230;20200909143404;;1630000;2698
1749309;Zoning;6803489;20200127113640;W03-C-Antwerpen-West-FH05;6803489;20200127113640;W03-C-Antwerpen-West-FH05;19082;FTTH-Cu;;628702;20200909143353;;1630000;2698
1749311;Zoning;6803489;20200127113640;W03-C-Antwerpen-West-FH05;6803489;20200127113640;W03-C-Antwerpen-West-FH05;19082;FTTH-Cu;;628703;20200909143344;;1630000;2698
1749312;Zoning;6803489;20200127113640;W03-C-Antwerpen-West-FH05;6803489;20200127113640;W03-C-Antwerpen-West-FH05;19082;FTTH-Cu;;628704;20200909143341;;1630000;2698
1749315;Zoning;6803489;20200127113640;W03-C-Antwerpen-West-FH05;6803489;20200127113640;W03-C-Antwerpen-West-FH05;19082;FTTH-Cu;;628705;20200909143322;;1630000;2698
1749317;Zoning;6803489;20200127113640;W03-C-Antwerpen-West-FH05;6803489;20200127113640;W03-C-Antwerpen-West-FH05;19082;FTTH-Cu;;628706;20200909143350;;1630000;2698
1749320;Zoning;6803489;20200127113640;W03-C-Antwerpen-West-FH05;6803489;20200127113640;W03-C-Antwerpen-West-FH05;19082;FTTH-Cu;;628707;20200909143316;;1630000;2698
1749321;Zoning;6803489;20200127113640;W03-C-Antwerpen-West-FH05;6803489;20200127113640;W03-C-Antwerpen-West-FH05;19082;FTTH-Cu;;628708;20200909143312;;1630000;2698
1749322;Zoning;6803489;20200127113640;W03-C-Antwerpen-West-FH05;6803489;20200127113640;W03-C-Antwerpen-West-FH05;19082;FTTH-Cu;;628709;20200909143259;;1630000;2698
1297992;Zoning;6803489;20200127113640;W03-C-Antwerpen-West-FH05;6803489;20200127113640;W03-C-Antwerpen-West-FH05;19082;FTTH-Cu;;615859;20200622132327;;1630000;3844
5575222;Zoning;6803489;20200127113640;W03-C-Antwerpen-West-FH05;6803489;20200127113640;W03-C-Antwerpen-West-FH05;19082;FTTH-Cu;;712228;20200622132326;;1630000;3844
1774541;Zoning;6803489;20200127113640;W03-C-Antwerpen-West-FH05;6803489;20200127113640;W03-C-Antwerpen-West-FH05;19082;FTTH-Cu;;631557;20200622132321;;1630000;3844
1774545;Zoning;6803489;20200127113640;W03-C-Antwerpen-West-FH05;6803489;20200127113640;W03-C-Antwerpen-West-FH05;19082;FTTH-Cu;;631558;20200622132321;;1630000;3844
1774551;Zoning;6803489;20200127113640;W03-C-Antwerpen-West-FH05;6803489;20200127113640;W03-C-Antwerpen-West-FH05;19082;FTTH-Cu;;631559;20200622132321;;1630000;3844
1774557;Zoning;6803489;20200127113640;W03-C-Antwerpen-West-FH05;6803489;20200127113640;W03-C-Antwerpen-West-FH05;19082;FTTH-Cu;;631560;20200622132321;;1630000;3844
4509387;Zoning;6803489;20200127113640;W03-C-Antwerpen-West-FH05;6803489;20200127113640;W03-C-Antwerpen-West-FH05;19082;FTTH-Cu;;35730088;20200622132328;;1630000;3844
6202845;Zoning;6803489;20200127113640;W03-C-Antwerpen-West-FH05;6803489;20200127113640;W03-C-Antwerpen-West-FH05;19082;FTTH-Cu;;35730085;20200622132328;;1630000;3844
1774559;Zoning;6803489;20200127113640;W03-C-Antwerpen-West-FH05;6803489;20200127113640;W03-C-Antwerpen-West-FH05;19082;FTTH-Cu;;631561;20200622132321;;1630000;3844
4509416;Zoning;6803489;20200127113640;W03-C-Antwerpen-West-FH05;6803489;20200127113640;W03-C-Antwerpen-West-FH05;19082;FTTH-Cu;;706934;20200622132325;;1630000;3844
1774573;Zoning;6803489;20200127113640;W03-C-Antwerpen-West-FH05;6803489;20200127113640;W03-C-Antwerpen-West-FH05;19082;FTTH-Cu;;35730087;20200622132328;;1630000;3844
1774578;Zoning;6803489;20200127113640;W03-C-Antwerpen-West-FH05;6803489;20200127113640;W03-C-Antwerpen-West-FH05;19082;FTTH-Cu;;35730084;20200622132328;;1630000;3844
57596;Zoning;6803489;20200127113640;W03-C-Antwerpen-West-FH05;6803489;20200127113640;W03-C-Antwerpen-West-FH05;19082;FTTH-Cu;;713970;20200622132324;;1630000;3844
4509419;Zoning;6803489;20200127113640;W03-C-Antwerpen-West-FH05;6803489;20200127113640;W03-C-Antwerpen-West-FH05;19082;FTTH-Cu;;35730086;20200622132328;;1630000;3844
57595;Zoning;6803489;20200127113640;W03-C-Antwerpen-West-FH05;6803489;20200127113640;W03-C-Antwerpen-West-FH05;19082;FTTH-Cu;;35730083;20200622132328;;1630000;3844
2068890;Zoning;6803489;20200127113640;W03-C-Antwerpen-West-FH05;6803489;20200127113640;W03-C-Antwerpen-West-FH05;19082;FTTH-Cu;;689646;20200622132319;;1630000;44620
3928760;Zoning;6803489;20200127113640;W03-C-Antwerpen-West-FH05;6803489;20200127113640;W03-C-Antwerpen-West-FH05;19082;FTTH-Cu;;691429;20200622132319;;1630000;44620
2068891;Zoning;6803489;20200127113640;W03-C-Antwerpen-West-FH05;6803489;20200127113640;W03-C-Antwerpen-West-FH05;19082;FTTH-Cu;;689647;20200622132319;;1630000;44620
1446147;Zoning;6803489;20200127113640;W03-C-Antwerpen-West-FH05;6803489;20200127113640;W03-C-Antwerpen-West-FH05;19082;FTTH-Cu;;618245;20200622132327;;1630000;44620
2068892;Zoning;6803489;20200127113640;W03-C-Antwerpen-West-FH05;6803489;20200127113640;W03-C-Antwerpen-West-FH05;19082;FTTH-Cu;;689648;20200622132319;;1630000;44620
2068893;Zoning;6803489;20200127113640;W03-C-Antwerpen-West-FH05;6803489;20200127113640;W03-C-Antwerpen-West-FH05;19082;FTTH-Cu;;689649;20200622132319;;1630000;44620
3928761;Zoning;6803489;20200127113640;W03-C-Antwerpen-West-FH05;6803489;20200127113640;W03-C-Antwerpen-West-FH05;19082;FTTH-Cu;;691430;20200622132319;;1630000;44620
4509575;Zoning;6803489;20200127113640;W03-C-Antwerpen-West-FH05;6803489;20200127113640;W03-C-Antwerpen-West-FH05;19082;FTTH-Cu;;35730116;20200909151305;;1630000;4669
1785673;Zoning;6803489;20200127113640;W03-C-Antwerpen-West-FH05;6803489;20200127113640;W03-C-Antwerpen-West-FH05;19082;FTTH-Cu;;35730115;20200909151841;;1630000;4669
4509576;Zoning;6803489;20200127113640;W03-C-Antwerpen-West-FH05;6803489;20200127113640;W03-C-Antwerpen-West-FH05;19082;FTTH-Cu;;35730114;20200909151847;;1630000;4669
4509577;Zoning;6803489;20200127113640;W03-C-Antwerpen-West-FH05;6803489;20200127113640;W03-C-Antwerpen-West-FH05;19082;FTTH-Cu;;35730113;20200909151208;;1630000;4669
58014;Zoning;6803489;20200127113640;W03-C-Antwerpen-West-FH05;6803489;20200127113640;W03-C-Antwerpen-West-FH05;19082;FTTH-Cu;;714029;20200622132325;;1630000;4669
1785677;Zoning;6803489;20200127113640;W03-C-Antwerpen-West-FH05;6803489;20200127113640;W03-C-Antwerpen-West-FH05;19082;FTTH-Cu;;633181;20200909151108;;1630000;4669
58017;Zoning;6803489;20200127113640;W03-C-Antwerpen-West-FH05;6803489;20200127113640;W03-C-Antwerpen-West-FH05;19082;FTTH-Cu;;714030;20200622132325;;1630000;4669
4073320;Zoning;6803489;20200127113640;W03-C-Antwerpen-West-FH05;6803489;20200127113640;W03-C-Antwerpen-West-FH05;19082;FTTH-Cu;;693178;20200622132319;;1630000;4669
4509604;Zoning;6803489;20200127113640;W03-C-Antwerpen-West-FH05;6803489;20200127113640;W03-C-Antwerpen-West-FH05;19082;FTTH-Cu;;35730112;20200622132328;;1630000;4669
4509606;Zoning;6803489;20200127113640;W03-C-Antwerpen-West-FH05;6803489;20200127113640;W03-C-Antwerpen-West-FH05;19082;FTTH-Cu;;35730111;20200622132328;;1630000;4669
4509607;Zoning;6803489;20200127113640;W03-C-Antwerpen-West-FH05;6803489;20200127113640;W03-C-Antwerpen-West-FH05;19082;FTTH-Cu;;706951;20200622132325;;1630000;4669
58016;Zoning;6803489;20200127113640;W03-C-Antwerpen-West-FH05;6803489;20200127113640;W03-C-Antwerpen-West-FH05;19082;FTTH-Cu;;35730110;20200622132328;;1630000;4669
57666;Zoning;6803489;20200127113640;W03-C-Antwerpen-West-FH05;6803489;20200127113640;W03-C-Antwerpen-West-FH05;19082;FTTH-Cu;;714006;20200622132324;;1630000;5471
1808525;Zoning;6803489;20200127113640;W03-C-Antwerpen-West-FH05;6803489;20200127113640;W03-C-Antwerpen-West-FH05;19082;FTTH-Cu;;635208;20200622132322;;1630000;5471
1808533;Zoning;6803489;20200127113640;W03-C-Antwerpen-West-FH05;6803489;20200127113640;W03-C-Antwerpen-West-FH05;19082;FTTH-Cu;;635210;20200622132322;;1630000;5471
1808566;Zoning;6803489;20200127113640;W03-C-Antwerpen-West-FH05;6803489;20200127113640;W03-C-Antwerpen-West-FH05;19082;FTTH-Cu;;635212;20200622132322;;1630000;5471
1808577;Zoning;6803489;20200127113640;W03-C-Antwerpen-West-FH05;6803489;20200127113640;W03-C-Antwerpen-West-FH05;19082;FTTH-Cu;;635213;20200622132322;;1630000;5471
1808596;Zoning;6803489;20200127113640;W03-C-Antwerpen-West-FH05;6803489;20200127113640;W03-C-Antwerpen-West-FH05;19082;FTTH-Cu;;635214;20200622132322;;1630000;5471
1808602;Zoning;6803489;20200127113640;W03-C-Antwerpen-West-FH05;6803489;20200127113640;W03-C-Antwerpen-West-FH05;19082;FTTH-Cu;;635216;20200622132322;;1630000;5471
1808606;Zoning;6803489;20200127113640;W03-C-Antwerpen-West-FH05;6803489;20200127113640;W03-C-Antwerpen-West-FH05;19082;FTTH-Cu;;635217;20200622132322;;1630000;5471
5555304;Zoning;6803489;20200127113640;W03-C-Antwerpen-West-FH05;6803489;20200127113640;W03-C-Antwerpen-West-FH05;19082;FTTH-Cu;;712065;20200622132326;;1630000;5471
1107091;Zoning;6803489;20200127113640;W03-C-Antwerpen-West-FH05;6803489;20200127113640;W03-C-Antwerpen-West-FH05;19082;FTTH-Cu;;613204;20200622132326;;1630000;44851
1107090;Zoning;6803489;20200127113640;W03-C-Antwerpen-West-FH05;6803489;20200127113640;W03-C-Antwerpen-West-FH05;19082;FTTH-Cu;;613203;20200622132326;;1630000;44851
57669;Zoning;6803489;20200127113640;W03-C-Antwerpen-West-FH05;6803489;20200127113640;W03-C-Antwerpen-West-FH05;19082;FTTH-Cu;;714007;20200622132324;;1630000;8649
1865629;Zoning;6803489;20200127113640;W03-C-Antwerpen-West-FH05;6803489;20200127113640;W03-C-Antwerpen-West-FH05;19082;FTTH-Cu;;641405;20200622132318;;1630000;8649
1865632;Zoning;6803489;20200127113640;W03-C-Antwerpen-West-FH05;6803489;20200127113640;W03-C-Antwerpen-West-FH05;19082;FTTH-Cu;;641406;20200622132318;;1630000;8649
57670;Zoning;6803489;20200127113640;W03-C-Antwerpen-West-FH05;6803489;20200127113640;W03-C-Antwerpen-West-FH05;19082;FTTH-Cu;;714008;20200622132324;;1630000;8649
6086767;Zoning;6803489;20200127113640;W03-C-Antwerpen-West-FH05;6803489;20200127113640;W03-C-Antwerpen-West-FH05;19082;FTTH-Cu;;35730147;20200909153530;;1630000;8649
43987;Zoning;6803489;20200127113640;W03-C-Antwerpen-West-FH05;6803489;20200127113640;W03-C-Antwerpen-West-FH05;19082;FTTH-Cu;;697208;20200622132322;;1630000;6522
43988;Zoning;6803489;20200127113640;W03-C-Antwerpen-West-FH05;6803489;20200127113640;W03-C-Antwerpen-West-FH05;19082;FTTH-Cu;;35730135;20200622132328;;1630000;6522
1830096;Zoning;6803489;20200127113640;W03-C-Antwerpen-West-FH05;6803489;20200127113640;W03-C-Antwerpen-West-FH05;19082;FTTH-Cu;;35730134;20200622132328;;1630000;6522
43989;Zoning;6803489;20200127113640;W03-C-Antwerpen-West-FH05;6803489;20200127113640;W03-C-Antwerpen-West-FH05;19082;FTTH-Cu;;697209;20200909141909;;1630000;6522
1830100;Zoning;6803489;20200127113640;W03-C-Antwerpen-West-FH05;6803489;20200127113640;W03-C-Antwerpen-West-FH05;19082;FTTH-Cu;;637885;20200909141823;;1630000;6522
5319508;Zoning;6803489;20200127113640;W03-C-Antwerpen-West-FH05;6803489;20200127113640;W03-C-Antwerpen-West-FH05;19082;FTTH-Cu;;710703;20200909141815;;1630000;6522
61471;Zoning;6803489;20200127113640;W03-C-Antwerpen-West-FH05;6803489;20200127113640;W03-C-Antwerpen-West-FH05;19082;FTTH-Cu;;35730133;20200909141820;;1630000;6522
1516551;Zoning;6803489;20200127113640;W03-C-Antwerpen-West-FH05;6803489;20200127113640;W03-C-Antwerpen-West-FH05;19082;FTTH-Cu;;619436;20200909141811;;1630000;6522
5575430;Zoning;6803489;20200127113640;W03-C-Antwerpen-West-FH05;6803489;20200127113640;W03-C-Antwerpen-West-FH05;19082;FTTH-Cu;;712291;20200909141758;;1630000;6522
61469;Zoning;6803489;20200127113640;W03-C-Antwerpen-West-FH05;6803489;20200127113640;W03-C-Antwerpen-West-FH05;19082;FTTH-Cu;;715629;20200909140607;;1630000;6522
1830267;Zoning;6803489;20200127113640;W03-C-Antwerpen-West-FH05;6803489;20200127113640;W03-C-Antwerpen-West-FH05;19082;FTTH-Cu;;35730132;20200909140843;;1630000;6522
61468;Zoning;6803489;20200127113640;W03-C-Antwerpen-West-FH05;6803489;20200127113640;W03-C-Antwerpen-West-FH05;19082;FTTH-Cu;;35730131;20200909140858;;1630000;6522
5575431;Zoning;6803489;20200127113640;W03-C-Antwerpen-West-FH05;6803489;20200127113640;W03-C-Antwerpen-West-FH05;19082;FTTH-Cu;;712292;20200622132324;;1630000;6522
1830318;Zoning;6803489;20200127113640;W03-C-Antwerpen-West-FH05;6803489;20200127113640;W03-C-Antwerpen-West-FH05;19082;FTTH-Cu;;35730130;20200909133150;;1630000;6522
61473;Zoning;6803489;20200127113640;W03-C-Antwerpen-West-FH05;6803489;20200127113640;W03-C-Antwerpen-West-FH05;19082;FTTH-Cu;;35730129;20200909133203;;1630000;6522
48852;Zoning;6803489;20200127113640;W03-C-Antwerpen-West-FH05;6803489;20200127113640;W03-C-Antwerpen-West-FH05;19082;FTTH-Cu;;710451;20200909133154;;1630000;6522
1830347;Zoning;6803489;20200127113640;W03-C-Antwerpen-West-FH05;6803489;20200127113640;W03-C-Antwerpen-West-FH05;19082;FTTH-Cu;;637886;20200909133123;;1630000;6522
192884;Zoning;6803489;20200127113640;W03-C-Antwerpen-West-FH05;6803489;20200127113640;W03-C-Antwerpen-West-FH05;19082;FTTH-Cu;;35730128;20200909133127;;1630000;6522
1830376;Zoning;6803489;20200127113640;W03-C-Antwerpen-West-FH05;6803489;20200127113640;W03-C-Antwerpen-West-FH05;19082;FTTH-Cu;;637887;20200622132317;;1630000;6522
6414012;Zoning;6803489;20200127113640;W03-C-Antwerpen-West-FH05;6803489;20200127113640;W03-C-Antwerpen-West-FH05;19082;FTTH-Cu;;35730127;20200909133103;;1630000;6522
1830401;Zoning;6803489;20200127113640;W03-C-Antwerpen-West-FH05;6803489;20200127113640;W03-C-Antwerpen-West-FH05;19082;FTTH-Cu;;637888;20200622132317;;1630000;6522
192883;Zoning;6803489;20200127113640;W03-C-Antwerpen-West-FH05;6803489;20200127113640;W03-C-Antwerpen-West-FH05;19082;FTTH-Cu;;646860;20200909133044;;1630000;6522
4508706;Zoning;6803489;20200127113640;W03-C-Antwerpen-West-FH05;6803489;20200127113640;W03-C-Antwerpen-West-FH05;19082;FTTH-Cu;;706856;20200909132659;;1630000;6522
48851;Zoning;6803489;20200127113640;W03-C-Antwerpen-West-FH05;6803489;20200127113640;W03-C-Antwerpen-West-FH05;19082;FTTH-Cu;;35730126;20200909132702;;1630000;6522
60574;Zoning;6803489;20200127113640;W03-C-Antwerpen-West-FH05;6803489;20200127113640;W03-C-Antwerpen-West-FH05;19082;FTTH-Cu;;714395;20200909132134;;1630000;6522
4504855;Zoning;6803489;20200127113640;W03-C-Antwerpen-West-FH05;6803489;20200127113640;W03-C-Antwerpen-West-FH05;19082;FTTH-Cu;;35730125;20200909132138;;1630000;6522
4504858;Zoning;6803489;20200127113640;W03-C-Antwerpen-West-FH05;6803489;20200127113640;W03-C-Antwerpen-West-FH05;19082;FTTH-Cu;;35730124;20200909132143;;1630000;6522
4504859;Zoning;6803489;20200127113640;W03-C-Antwerpen-West-FH05;6803489;20200127113640;W03-C-Antwerpen-West-FH05;19082;FTTH-Cu;;35730123;20200909132149;;1630000;6522
4504860;Zoning;6803489;20200127113640;W03-C-Antwerpen-West-FH05;6803489;20200127113640;W03-C-Antwerpen-West-FH05;19082;FTTH-Cu;;35730122;20200909132153;;1630000;6522
1830432;Zoning;6803489;20200127113640;W03-C-Antwerpen-West-FH05;6803489;20200127113640;W03-C-Antwerpen-West-FH05;19082;FTTH-Cu;;637889;20200909132014;;1630000;6522
60573;Zoning;6803489;20200127113640;W03-C-Antwerpen-West-FH05;6803489;20200127113640;W03-C-Antwerpen-West-FH05;19082;FTTH-Cu;;714394;20200909131947;;1630000;6522
1830437;Zoning;6803489;20200127113640;W03-C-Antwerpen-West-FH05;6803489;20200127113640;W03-C-Antwerpen-West-FH05;19082;FTTH-Cu;;35730121;20200909131951;;1630000;6522
60572;Zoning;6803489;20200127113640;W03-C-Antwerpen-West-FH05;6803489;20200127113640;W03-C-Antwerpen-West-FH05;19082;FTTH-Cu;;714393;20200622132326;;1630000;6522
1830454;Zoning;6803489;20200127113640;W03-C-Antwerpen-West-FH05;6803489;20200127113640;W03-C-Antwerpen-West-FH05;19082;FTTH-Cu;;637890;20200909143833;;1630000;6522
1737328;Zoning;6803489;20200127113640;W03-C-Antwerpen-West-FH05;6803489;20200127113640;W03-C-Antwerpen-West-FH05;19082;FTTH-Cu;;624388;20200622132322;;1630000;1055
3918268;Zoning;6803489;20200127113640;W03-C-Antwerpen-West-FH05;6803489;20200127113640;W03-C-Antwerpen-West-FH05;19082;FTTH-Cu;;690700;20200908135823;;1630000;1055
1737329;Zoning;6803489;20200127113640;W03-C-Antwerpen-West-FH05;6803489;20200127113640;W03-C-Antwerpen-West-FH05;19082;FTTH-Cu;;35729788;20200622132322;;1630000;1055
3918269;Zoning;6803489;20200127113640;W03-C-Antwerpen-West-FH05;6803489;20200127113640;W03-C-Antwerpen-West-FH05;19082;FTTH-Cu;;35729787;20200908135805;;1630000;1055
3918270;Zoning;6803489;20200127113640;W03-C-Antwerpen-West-FH05;6803489;20200127113640;W03-C-Antwerpen-West-FH05;19082;FTTH-Cu;;690701;20200622132319;;1630000;1055
1737334;Zoning;6803489;20200127113640;W03-C-Antwerpen-West-FH05;6803489;20200127113640;W03-C-Antwerpen-West-FH05;19082;FTTH-Cu;;624393;20200622132322;;1630000;1055
4186109;Zoning;6803489;20200127113640;W03-C-Antwerpen-West-FH05;6803489;20200127113640;W03-C-Antwerpen-West-FH05;19082;FTTH-Cu;;35729786;20200622132322;;1630000;1055
48782;Zoning;6803489;20200127113640;W03-C-Antwerpen-West-FH05;6803489;20200127113640;W03-C-Antwerpen-West-FH05;19082;FTTH-Cu;;710423;20200909142022;;1630000;44846
2069007;Zoning;6803489;20200127113640;W03-C-Antwerpen-West-FH05;6803489;20200127113640;W03-C-Antwerpen-West-FH05;19082;FTTH-Cu;;35730104;20200622132328;;1630000;44846
4509810;Zoning;6803489;20200127113640;W03-C-Antwerpen-West-FH05;6803489;20200127113640;W03-C-Antwerpen-West-FH05;19082;FTTH-Cu;;706983;20200909142054;;1630000;44846
4509812;Zoning;6803489;20200127113640;W03-C-Antwerpen-West-FH05;6803489;20200127113640;W03-C-Antwerpen-West-FH05;19082;FTTH-Cu;;35730103;20200909142031;;1630000;44846
48783;Zoning;6803489;20200127113640;W03-C-Antwerpen-West-FH05;6803489;20200127113640;W03-C-Antwerpen-West-FH05;19082;FTTH-Cu;;35730102;20200909142138;;1630000;44846
4509814;Zoning;6803489;20200127113640;W03-C-Antwerpen-West-FH05;6803489;20200127113640;W03-C-Antwerpen-West-FH05;19082;FTTH-Cu;;35730101;20200909142113;;1630000;44846
4509815;Zoning;6803489;20200127113640;W03-C-Antwerpen-West-FH05;6803489;20200127113640;W03-C-Antwerpen-West-FH05;19082;FTTH-Cu;;35730100;20200909142145;;1630000;44846
4509816;Zoning;6803489;20200127113640;W03-C-Antwerpen-West-FH05;6803489;20200127113640;W03-C-Antwerpen-West-FH05;19082;FTTH-Cu;;35730099;20200909142117;;1630000;44846
4509818;Zoning;6803489;20200127113640;W03-C-Antwerpen-West-FH05;6803489;20200127113640;W03-C-Antwerpen-West-FH05;19082;FTTH-Cu;;35730098;20200909142152;;1630000;44846
48781;Zoning;6803489;20200127113640;W03-C-Antwerpen-West-FH05;6803489;20200127113640;W03-C-Antwerpen-West-FH05;19082;FTTH-Cu;;710422;20200909142156;;1630000;44846
972229;Zoning;6803489;20200127113640;W03-C-Antwerpen-West-FH05;6803489;20200127113640;W03-C-Antwerpen-West-FH05;19082;FTTH-Cu;;725957;20200622132324;;1630000;10206
970902;Zoning;6803489;20200127113640;W03-C-Antwerpen-West-FH05;6803489;20200127113640;W03-C-Antwerpen-West-FH05;19082;FTTH-Cu;;725748;20200622132324;;1630000;10206
1905990;Zoning;6803489;20200127113640;W03-C-Antwerpen-West-FH05;6803489;20200127113640;W03-C-Antwerpen-West-FH05;19082;FTTH-Cu;;644834;20200908134512;;1630000;10206
1905999;Zoning;6803489;20200127113640;W03-C-Antwerpen-West-FH05;6803489;20200127113640;W03-C-Antwerpen-West-FH05;19082;FTTH-Cu;;644835;20200622132319;;1630000;10206
1906011;Zoning;6803489;20200127113640;W03-C-Antwerpen-West-FH05;6803489;20200127113640;W03-C-Antwerpen-West-FH05;19082;FTTH-Cu;;644836;20200908134833;;1630000;10206
4516892;Zoning;6803489;20200127113640;W03-C-Antwerpen-West-FH05;6803489;20200127113640;W03-C-Antwerpen-West-FH05;19082;FTTH-Cu;;708341;20200908134844;;1630000;10206
1906034;Zoning;6803489;20200127113640;W03-C-Antwerpen-West-FH05;6803489;20200127113640;W03-C-Antwerpen-West-FH05;19082;FTTH-Cu;;644838;20200622132319;;1630000;10206
1906039;Zoning;6803489;20200127113640;W03-C-Antwerpen-West-FH05;6803489;20200127113640;W03-C-Antwerpen-West-FH05;19082;FTTH-Cu;;644839;20200908134854;;1630000;10206
1906060;Zoning;6803489;20200127113640;W03-C-Antwerpen-West-FH05;6803489;20200127113640;W03-C-Antwerpen-West-FH05;19082;FTTH-Cu;;644840;20200622132319;;1630000;10206
1906070;Zoning;6803489;20200127113640;W03-C-Antwerpen-West-FH05;6803489;20200127113640;W03-C-Antwerpen-West-FH05;19082;FTTH-Cu;;644841;20200908134901;;1630000;10206
4516894;Zoning;6803489;20200127113640;W03-C-Antwerpen-West-FH05;6803489;20200127113640;W03-C-Antwerpen-West-FH05;19082;FTTH-Cu;;708343;20200908134908;;1630000;10206
1906091;Zoning;6803489;20200127113640;W03-C-Antwerpen-West-FH05;6803489;20200127113640;W03-C-Antwerpen-West-FH05;19082;FTTH-Cu;;644842;20200622132319;;1630000;10206
970899;Zoning;6803489;20200127113640;W03-C-Antwerpen-West-FH05;6803489;20200127113640;W03-C-Antwerpen-West-FH05;19082;FTTH-Cu;;725747;20200622132324;;1630000;10206
3927574;Zoning;6803489;20200127113640;W03-C-Antwerpen-West-FH05;6803489;20200127113640;W03-C-Antwerpen-West-FH05;19082;FTTH-Cu;;35729776;20200622132322;;1630000;10206
4516897;Zoning;6803489;20200127113640;W03-C-Antwerpen-West-FH05;6803489;20200127113640;W03-C-Antwerpen-West-FH05;19082;FTTH-Cu;;35729775;20200908134940;;1630000;10206
4516898;Zoning;6803489;20200127113640;W03-C-Antwerpen-West-FH05;6803489;20200127113640;W03-C-Antwerpen-West-FH05;19082;FTTH-Cu;;35729774;20200908134946;;1630000;10206
972228;Zoning;6803489;20200127113640;W03-C-Antwerpen-West-FH05;6803489;20200127113640;W03-C-Antwerpen-West-FH05;19082;FTTH-Cu;;725956;20200622132324;;1630000;10206
58122;Zoning;6803489;20200127113640;W03-C-Antwerpen-West-FH05;6803489;20200127113640;W03-C-Antwerpen-West-FH05;19082;FTTH-Cu;;714038;20200909150130;;1630000;10359
4509593;Zoning;6803489;20200127113640;W03-C-Antwerpen-West-FH05;6803489;20200127113640;W03-C-Antwerpen-West-FH05;19082;FTTH-Cu;;35729785;20200909150239;;1630000;10359
4509596;Zoning;6803489;20200127113640;W03-C-Antwerpen-West-FH05;6803489;20200127113640;W03-C-Antwerpen-West-FH05;19082;FTTH-Cu;;35729784;20200622132322;;1630000;10359
4509597;Zoning;6803489;20200127113640;W03-C-Antwerpen-West-FH05;6803489;20200127113640;W03-C-Antwerpen-West-FH05;19082;FTTH-Cu;;35729783;20200622132322;;1630000;10359
1909848;Zoning;6803489;20200127113640;W03-C-Antwerpen-West-FH05;6803489;20200127113640;W03-C-Antwerpen-West-FH05;19082;FTTH-Cu;;645093;20200622132319;;1630000;10359
4509598;Zoning;6803489;20200127113640;W03-C-Antwerpen-West-FH05;6803489;20200127113640;W03-C-Antwerpen-West-FH05;19082;FTTH-Cu;;706948;20200909150552;;1630000;10359
57991;Zoning;6803489;20200127113640;W03-C-Antwerpen-West-FH05;6803489;20200127113640;W03-C-Antwerpen-West-FH05;19082;FTTH-Cu;;714018;20200622132325;;1630000;10359
1298583;Zoning;6803489;20200127113640;W03-C-Antwerpen-West-FH05;6803489;20200127113640;W03-C-Antwerpen-West-FH05;19082;FTTH-Cu;;35729782;20200622132322;;1630000;10359
4508659;Zoning;6803489;20200127113640;W03-C-Antwerpen-West-FH05;6803489;20200127113640;W03-C-Antwerpen-West-FH05;19082;FTTH-Cu;;706850;20200622132325;;1630000;10359
1909897;Zoning;6803489;20200127113640;W03-C-Antwerpen-West-FH05;6803489;20200127113640;W03-C-Antwerpen-West-FH05;19082;FTTH-Cu;;645094;20200909150544;;1630000;10359
1909903;Zoning;6803489;20200127113640;W03-C-Antwerpen-West-FH05;6803489;20200127113640;W03-C-Antwerpen-West-FH05;19082;FTTH-Cu;;645095;20200622132319;;1630000;10359
4509599;Zoning;6803489;20200127113640;W03-C-Antwerpen-West-FH05;6803489;20200127113640;W03-C-Antwerpen-West-FH05;19082;FTTH-Cu;;706949;20200622132325;;1630000;10359
1909921;Zoning;6803489;20200127113640;W03-C-Antwerpen-West-FH05;6803489;20200127113640;W03-C-Antwerpen-West-FH05;19082;FTTH-Cu;;35729781;20200622132322;;1630000;10359
1909924;Zoning;6803489;20200127113640;W03-C-Antwerpen-West-FH05;6803489;20200127113640;W03-C-Antwerpen-West-FH05;19082;FTTH-Cu;;645096;20200909150533;;1630000;10359
4508660;Zoning;6803489;20200127113640;W03-C-Antwerpen-West-FH05;6803489;20200127113640;W03-C-Antwerpen-West-FH05;19082;FTTH-Cu;;706851;20200622132325;;1630000;10359
4509600;Zoning;6803489;20200127113640;W03-C-Antwerpen-West-FH05;6803489;20200127113640;W03-C-Antwerpen-West-FH05;19082;FTTH-Cu;;35729780;20200622132322;;1630000;10359
58011;Zoning;6803489;20200127113640;W03-C-Antwerpen-West-FH05;6803489;20200127113640;W03-C-Antwerpen-West-FH05;19082;FTTH-Cu;;714028;20200622132325;;1630000;10359
4509601;Zoning;6803489;20200127113640;W03-C-Antwerpen-West-FH05;6803489;20200127113640;W03-C-Antwerpen-West-FH05;19082;FTTH-Cu;;35729779;20200622132322;;1630000;10359
58121;Zoning;6803489;20200127113640;W03-C-Antwerpen-West-FH05;6803489;20200127113640;W03-C-Antwerpen-West-FH05;19082;FTTH-Cu;;35729778;20200622132322;;1630000;10359
1909937;Zoning;6803489;20200127113640;W03-C-Antwerpen-West-FH05;6803489;20200127113640;W03-C-Antwerpen-West-FH05;19082;FTTH-Cu;;35729777;20200909150509;;1630000;10359
1904628;Zoning;6803489;20200127113640;W03-C-Antwerpen-West-FH05;6803489;20200127113640;W03-C-Antwerpen-West-FH05;19082;FTTH-Cu;;35729762;20200622132322;;1630000;10175
57727;Zoning;6803489;20200127113640;W03-C-Antwerpen-West-FH05;6803489;20200127113640;W03-C-Antwerpen-West-FH05;19082;FTTH-Cu;;714010;20200622132324;;1630000;10175
1904635;Zoning;6803489;20200127113640;W03-C-Antwerpen-West-FH05;6803489;20200127113640;W03-C-Antwerpen-West-FH05;19082;FTTH-Cu;;35729761;20200622132322;;1630000;10175
1904650;Zoning;6803489;20200127113640;W03-C-Antwerpen-West-FH05;6803489;20200127113640;W03-C-Antwerpen-West-FH05;19082;FTTH-Cu;;644783;20200622132319;;1630000;10175
1904672;Zoning;6803489;20200127113640;W03-C-Antwerpen-West-FH05;6803489;20200127113640;W03-C-Antwerpen-West-FH05;19082;FTTH-Cu;;644784;20200622132319;;1630000;10175
4085538;Zoning;6803489;20200127113640;W03-C-Antwerpen-West-FH05;6803489;20200127113640;W03-C-Antwerpen-West-FH05;19082;FTTH-Cu;;35729760;20200909163336;;1630000;10175
1904686;Zoning;6803489;20200127113640;W03-C-Antwerpen-West-FH05;6803489;20200127113640;W03-C-Antwerpen-West-FH05;19082;FTTH-Cu;;644785;20200622132319;;1630000;10175
1904697;Zoning;6803489;20200127113640;W03-C-Antwerpen-West-FH05;6803489;20200127113640;W03-C-Antwerpen-West-FH05;19082;FTTH-Cu;;35729759;20200622132322;;1630000;10175
1904710;Zoning;6803489;20200127113640;W03-C-Antwerpen-West-FH05;6803489;20200127113640;W03-C-Antwerpen-West-FH05;19082;FTTH-Cu;;35729758;20200622132322;;1630000;10175
1904724;Zoning;6803489;20200127113640;W03-C-Antwerpen-West-FH05;6803489;20200127113640;W03-C-Antwerpen-West-FH05;19082;FTTH-Cu;;644786;20200622132319;;1630000;10175
1904741;Zoning;6803489;20200127113640;W03-C-Antwerpen-West-FH05;6803489;20200127113640;W03-C-Antwerpen-West-FH05;19082;FTTH-Cu;;644787;20200622132319;;1630000;10175
1904754;Zoning;6803489;20200127113640;W03-C-Antwerpen-West-FH05;6803489;20200127113640;W03-C-Antwerpen-West-FH05;19082;FTTH-Cu;;644788;20200622132319;;1630000;10175
1904766;Zoning;6803489;20200127113640;W03-C-Antwerpen-West-FH05;6803489;20200127113640;W03-C-Antwerpen-West-FH05;19082;FTTH-Cu;;644789;20200909163427;;1630000;10175
1904770;Zoning;6803489;20200127113640;W03-C-Antwerpen-West-FH05;6803489;20200127113640;W03-C-Antwerpen-West-FH05;19082;FTTH-Cu;;644790;20200622132319;;1630000;10175
1904788;Zoning;6803489;20200127113640;W03-C-Antwerpen-West-FH05;6803489;20200127113640;W03-C-Antwerpen-West-FH05;19082;FTTH-Cu;;644791;20200622132319;;1630000;10175
1904795;Zoning;6803489;20200127113640;W03-C-Antwerpen-West-FH05;6803489;20200127113640;W03-C-Antwerpen-West-FH05;19082;FTTH-Cu;;644792;20200622132319;;1630000;10175
4511318;Zoning;6803489;20200127113640;W03-C-Antwerpen-West-FH05;6803489;20200127113640;W03-C-Antwerpen-West-FH05;19082;FTTH-Cu;;35729757;20200622132322;;1630000;10175
1904814;Zoning;6803489;20200127113640;W03-C-Antwerpen-West-FH05;6803489;20200127113640;W03-C-Antwerpen-West-FH05;19082;FTTH-Cu;;644793;20200622132319;;1630000;10175
1904820;Zoning;6803489;20200127113640;W03-C-Antwerpen-West-FH05;6803489;20200127113640;W03-C-Antwerpen-West-FH05;19082;FTTH-Cu;;644794;20200622132319;;1630000;10175
3927544;Zoning;6803489;20200127113640;W03-C-Antwerpen-West-FH05;6803489;20200127113640;W03-C-Antwerpen-West-FH05;19082;FTTH-Cu;;35729753;20200622132322;;1630000;10175
1904836;Zoning;6803489;20200127113640;W03-C-Antwerpen-West-FH05;6803489;20200127113640;W03-C-Antwerpen-West-FH05;19082;FTTH-Cu;;35729756;20200622132322;;1630000;10175
1904852;Zoning;6803489;20200127113640;W03-C-Antwerpen-West-FH05;6803489;20200127113640;W03-C-Antwerpen-West-FH05;19082;FTTH-Cu;;644795;20200622132319;;1630000;10175
4071117;Zoning;6803489;20200127113640;W03-C-Antwerpen-West-FH05;6803489;20200127113640;W03-C-Antwerpen-West-FH05;19082;FTTH-Cu;;693140;20200622132319;;1630000;10175
1904905;Zoning;6803489;20200127113640;W03-C-Antwerpen-West-FH05;6803489;20200127113640;W03-C-Antwerpen-West-FH05;19082;FTTH-Cu;;644796;20200622132319;;1630000;10175
57726;Zoning;6803489;20200127113640;W03-C-Antwerpen-West-FH05;6803489;20200127113640;W03-C-Antwerpen-West-FH05;19082;FTTH-Cu;;714009;20200622132324;;1630000;10175
5575599;Zoning;6803489;20200127113640;W03-C-Antwerpen-West-FH05;6803489;20200127113640;W03-C-Antwerpen-West-FH05;19082;FTTH-Cu;;35729755;20200622132322;;1630000;10175
1904912;Zoning;6803489;20200127113640;W03-C-Antwerpen-West-FH05;6803489;20200127113640;W03-C-Antwerpen-West-FH05;19082;FTTH-Cu;;35729754;20200909163605;;1630000;10175
6086673;Zoning;6803489;20200127113640;W03-C-Antwerpen-West-FH05;6803489;20200127113640;W03-C-Antwerpen-West-FH05;19082;FTTH-Cu;;35730090;20200622132328;;1630000;40280
2067254;Zoning;6803489;20200127113640;W03-C-Antwerpen-West-FH05;6803489;20200127113640;W03-C-Antwerpen-West-FH05;19082;FTTH-Cu;;688304;20200622132319;;1630000;40280
2067255;Zoning;6803489;20200127113640;W03-C-Antwerpen-West-FH05;6803489;20200127113640;W03-C-Antwerpen-West-FH05;19082;FTTH-Cu;;688305;20200622132319;;1630000;40280
2067256;Zoning;6803489;20200127113640;W03-C-Antwerpen-West-FH05;6803489;20200127113640;W03-C-Antwerpen-West-FH05;19082;FTTH-Cu;;688306;20200622132319;;1630000;40280
5501751;Zoning;6803489;20200127113640;W03-C-Antwerpen-West-FH05;6803489;20200127113640;W03-C-Antwerpen-West-FH05;19082;FTTH-Cu;;35730089;20200622132328;;1630000;40280
2067259;Zoning;6803489;20200127113640;W03-C-Antwerpen-West-FH05;6803489;20200127113640;W03-C-Antwerpen-West-FH05;19082;FTTH-Cu;;688308;20200622132319;;1630000;40280
2067260;Zoning;6803489;20200127113640;W03-C-Antwerpen-West-FH05;6803489;20200127113640;W03-C-Antwerpen-West-FH05;19082;FTTH-Cu;;688309;20200622132319;;1630000;40280
58006;Zoning;6803489;20200127113640;W03-C-Antwerpen-West-FH05;6803489;20200127113640;W03-C-Antwerpen-West-FH05;19082;FTTH-Cu;;714026;20200622132325;;1630000;41790
58005;Zoning;6803489;20200127113640;W03-C-Antwerpen-West-FH05;6803489;20200127113640;W03-C-Antwerpen-West-FH05;19082;FTTH-Cu;;714025;20200622132325;;1630000;41790
2068083;Zoning;6803489;20200127113640;W03-C-Antwerpen-West-FH05;6803489;20200127113640;W03-C-Antwerpen-West-FH05;19082;FTTH-Cu;;689034;20200622132320;;1630000;41790
2068084;Zoning;6803489;20200127113640;W03-C-Antwerpen-West-FH05;6803489;20200127113640;W03-C-Antwerpen-West-FH05;19082;FTTH-Cu;;689035;20200622132320;;1630000;41790
58004;Zoning;6803489;20200127113640;W03-C-Antwerpen-West-FH05;6803489;20200127113640;W03-C-Antwerpen-West-FH05;19082;FTTH-Cu;;35730091;20200622132328;;1630000;41790
1998190;Zoning;6803489;20200127113640;W03-C-Antwerpen-West-FH05;6803489;20200127113640;W03-C-Antwerpen-West-FH05;19082;FTTH-Cu;;660838;20200622132318;;1630000;19912
1059341;Zoning;6803489;20200127113640;W03-C-Antwerpen-West-FH05;6803489;20200127113640;W03-C-Antwerpen-West-FH05;19082;FTTH-Cu;;612249;20200909142302;;1630000;19912
1111480;Zoning;6803489;20200127113640;W03-C-Antwerpen-West-FH05;6803489;20200127113640;W03-C-Antwerpen-West-FH05;19082;FTTH-Cu;;613308;20200622132326;;1630000;19912
1998196;Zoning;6803489;20200127113640;W03-C-Antwerpen-West-FH05;6803489;20200127113640;W03-C-Antwerpen-West-FH05;19082;FTTH-Cu;;660839;20200909142309;;1630000;19912
1111481;Zoning;6803489;20200127113640;W03-C-Antwerpen-West-FH05;6803489;20200127113640;W03-C-Antwerpen-West-FH05;19082;FTTH-Cu;;613309;20200622132326;;1630000;19912
1998199;Zoning;6803489;20200127113640;W03-C-Antwerpen-West-FH05;6803489;20200127113640;W03-C-Antwerpen-West-FH05;19082;FTTH-Cu;;660840;20200909142313;;1630000;19912
1111483;Zoning;6803489;20200127113640;W03-C-Antwerpen-West-FH05;6803489;20200127113640;W03-C-Antwerpen-West-FH05;19082;FTTH-Cu;;613311;20200622132326;;1630000;19912
1059340;Zoning;6803489;20200127113640;W03-C-Antwerpen-West-FH05;6803489;20200127113640;W03-C-Antwerpen-West-FH05;19082;FTTH-Cu;;612248;20200909142317;;1630000;19912
1111482;Zoning;6803489;20200127113640;W03-C-Antwerpen-West-FH05;6803489;20200127113640;W03-C-Antwerpen-West-FH05;19082;FTTH-Cu;;613310;20200622132326;;1630000;19912
4509823;Zoning;6803489;20200127113640;W03-C-Antwerpen-West-FH05;6803489;20200127113640;W03-C-Antwerpen-West-FH05;19082;FTTH-Cu;;706985;20200909142320;;1630000;19912
1998202;Zoning;6803489;20200127113640;W03-C-Antwerpen-West-FH05;6803489;20200127113640;W03-C-Antwerpen-West-FH05;19082;FTTH-Cu;;35729895;20200622132329;;1630000;19912
1998205;Zoning;6803489;20200127113640;W03-C-Antwerpen-West-FH05;6803489;20200127113640;W03-C-Antwerpen-West-FH05;19082;FTTH-Cu;;660841;20200909142342;;1630000;19912
1111484;Zoning;6803489;20200127113640;W03-C-Antwerpen-West-FH05;6803489;20200127113640;W03-C-Antwerpen-West-FH05;19082;FTTH-Cu;;613312;20200622132326;;1630000;19912
1998209;Zoning;6803489;20200127113640;W03-C-Antwerpen-West-FH05;6803489;20200127113640;W03-C-Antwerpen-West-FH05;19082;FTTH-Cu;;660842;20200909142348;;1630000;19912
1059333;Zoning;6803489;20200127113640;W03-C-Antwerpen-West-FH05;6803489;20200127113640;W03-C-Antwerpen-West-FH05;19082;FTTH-Cu;;612242;20200622132326;;1630000;19912
1998211;Zoning;6803489;20200127113640;W03-C-Antwerpen-West-FH05;6803489;20200127113640;W03-C-Antwerpen-West-FH05;19082;FTTH-Cu;;660843;20200909142352;;1630000;19912
1998213;Zoning;6803489;20200127113640;W03-C-Antwerpen-West-FH05;6803489;20200127113640;W03-C-Antwerpen-West-FH05;19082;FTTH-Cu;;660844;20200622132318;;1630000;19912
1998215;Zoning;6803489;20200127113640;W03-C-Antwerpen-West-FH05;6803489;20200127113640;W03-C-Antwerpen-West-FH05;19082;FTTH-Cu;;660845;20200909142357;;1630000;19912
1998218;Zoning;6803489;20200127113640;W03-C-Antwerpen-West-FH05;6803489;20200127113640;W03-C-Antwerpen-West-FH05;19082;FTTH-Cu;;660846;20200622132318;;1630000;19912
1998221;Zoning;6803489;20200127113640;W03-C-Antwerpen-West-FH05;6803489;20200127113640;W03-C-Antwerpen-West-FH05;19082;FTTH-Cu;;660847;20200909142403;;1630000;19912
1998223;Zoning;6803489;20200127113640;W03-C-Antwerpen-West-FH05;6803489;20200127113640;W03-C-Antwerpen-West-FH05;19082;FTTH-Cu;;660848;20200622132318;;1630000;19912
1998225;Zoning;6803489;20200127113640;W03-C-Antwerpen-West-FH05;6803489;20200127113640;W03-C-Antwerpen-West-FH05;19082;FTTH-Cu;;660849;20200909142407;;1630000;19912
1998227;Zoning;6803489;20200127113640;W03-C-Antwerpen-West-FH05;6803489;20200127113640;W03-C-Antwerpen-West-FH05;19082;FTTH-Cu;;660850;20200622132318;;1630000;19912
1998229;Zoning;6803489;20200127113640;W03-C-Antwerpen-West-FH05;6803489;20200127113640;W03-C-Antwerpen-West-FH05;19082;FTTH-Cu;;660851;20200909142414;;1630000;19912
1059336;Zoning;6803489;20200127113640;W03-C-Antwerpen-West-FH05;6803489;20200127113640;W03-C-Antwerpen-West-FH05;19082;FTTH-Cu;;612244;20200622132326;;1630000;19912
1059330;Zoning;6803489;20200127113640;W03-C-Antwerpen-West-FH05;6803489;20200127113640;W03-C-Antwerpen-West-FH05;19082;FTTH-Cu;;612239;20200622132326;;1630000;19912
1059335;Zoning;6803489;20200127113640;W03-C-Antwerpen-West-FH05;6803489;20200127113640;W03-C-Antwerpen-West-FH05;19082;FTTH-Cu;;612243;20200622132326;;1630000;19912
1059331;Zoning;6803489;20200127113640;W03-C-Antwerpen-West-FH05;6803489;20200127113640;W03-C-Antwerpen-West-FH05;19082;FTTH-Cu;;612240;20200622132326;;1630000;19912
1998236;Zoning;6803489;20200127113640;W03-C-Antwerpen-West-FH05;6803489;20200127113640;W03-C-Antwerpen-West-FH05;19082;FTTH-Cu;;660852;20200622132318;;1630000;19912
1998237;Zoning;6803489;20200127113640;W03-C-Antwerpen-West-FH05;6803489;20200127113640;W03-C-Antwerpen-West-FH05;19082;FTTH-Cu;;660853;20200622132318;;1630000;19912
1998240;Zoning;6803489;20200127113640;W03-C-Antwerpen-West-FH05;6803489;20200127113640;W03-C-Antwerpen-West-FH05;19082;FTTH-Cu;;660854;20200622132318;;1630000;19912
1059332;Zoning;6803489;20200127113640;W03-C-Antwerpen-West-FH05;6803489;20200127113640;W03-C-Antwerpen-West-FH05;19082;FTTH-Cu;;612241;20200909143107;;1630000;19912
1998245;Zoning;6803489;20200127113640;W03-C-Antwerpen-West-FH05;6803489;20200127113640;W03-C-Antwerpen-West-FH05;19082;FTTH-Cu;;660855;20200622132318;;1630000;19912
1059334;Zoning;6803489;20200127113640;W03-C-Antwerpen-West-FH05;6803489;20200127113640;W03-C-Antwerpen-West-FH05;19082;FTTH-Cu;;35729894;20200909143118;;1630000;19912
1059338;Zoning;6803489;20200127113640;W03-C-Antwerpen-West-FH05;6803489;20200127113640;W03-C-Antwerpen-West-FH05;19082;FTTH-Cu;;612246;20200622132326;;1630000;19912
1998246;Zoning;6803489;20200127113640;W03-C-Antwerpen-West-FH05;6803489;20200127113640;W03-C-Antwerpen-West-FH05;19082;FTTH-Cu;;660856;20200909143127;;1630000;19912
4505412;Zoning;6803489;20200127113640;W03-C-Antwerpen-West-FH05;6803489;20200127113640;W03-C-Antwerpen-West-FH05;19082;FTTH-Cu;;35729893;20200622132329;;1630000;19912
1998249;Zoning;6803489;20200127113640;W03-C-Antwerpen-West-FH05;6803489;20200127113640;W03-C-Antwerpen-West-FH05;19082;FTTH-Cu;;660857;20200909143132;;1630000;19912
1059337;Zoning;6803489;20200127113640;W03-C-Antwerpen-West-FH05;6803489;20200127113640;W03-C-Antwerpen-West-FH05;19082;FTTH-Cu;;612245;20200909143137;;1630000;19912
1998254;Zoning;6803489;20200127113640;W03-C-Antwerpen-West-FH05;6803489;20200127113640;W03-C-Antwerpen-West-FH05;19082;FTTH-Cu;;660858;20200909143141;;1630000;19912
1998256;Zoning;6803489;20200127113640;W03-C-Antwerpen-West-FH05;6803489;20200127113640;W03-C-Antwerpen-West-FH05;19082;FTTH-Cu;;660859;20200909143147;;1630000;19912
1998258;Zoning;6803489;20200127113640;W03-C-Antwerpen-West-FH05;6803489;20200127113640;W03-C-Antwerpen-West-FH05;19082;FTTH-Cu;;660860;20200909143152;;1630000;19912
1998262;Zoning;6803489;20200127113640;W03-C-Antwerpen-West-FH05;6803489;20200127113640;W03-C-Antwerpen-West-FH05;19082;FTTH-Cu;;660861;20200909143156;;1630000;19912
6326776;Zoning;6803489;20200127113640;W03-C-Antwerpen-West-FH05;6803489;20200127113640;W03-C-Antwerpen-West-FH05;19082;FTTH-Cu;;35729892;20200909143202;;1630000;19912
1998265;Zoning;6803489;20200127113640;W03-C-Antwerpen-West-FH05;6803489;20200127113640;W03-C-Antwerpen-West-FH05;19082;FTTH-Cu;;660862;20200909143207;;1630000;19912
1998267;Zoning;6803489;20200127113640;W03-C-Antwerpen-West-FH05;6803489;20200127113640;W03-C-Antwerpen-West-FH05;19082;FTTH-Cu;;660863;20200909143212;;1630000;19912
1998270;Zoning;6803489;20200127113640;W03-C-Antwerpen-West-FH05;6803489;20200127113640;W03-C-Antwerpen-West-FH05;19082;FTTH-Cu;;660864;20200909143216;;1630000;19912
1998273;Zoning;6803489;20200127113640;W03-C-Antwerpen-West-FH05;6803489;20200127113640;W03-C-Antwerpen-West-FH05;19082;FTTH-Cu;;660865;20200909143222;;1630000;19912
1998275;Zoning;6803489;20200127113640;W03-C-Antwerpen-West-FH05;6803489;20200127113640;W03-C-Antwerpen-West-FH05;19082;FTTH-Cu;;660866;20200909143228;;1630000;19912
1059339;Zoning;6803489;20200127113640;W03-C-Antwerpen-West-FH05;6803489;20200127113640;W03-C-Antwerpen-West-FH05;19082;FTTH-Cu;;612247;20200909143234;;1630000;19912
48789;Zoning;6803489;20200127113640;W03-C-Antwerpen-West-FH05;6803489;20200127113640;W03-C-Antwerpen-West-FH05;19082;FTTH-Cu;;710427;20200622132325;;1630000;25093
61474;Zoning;6803489;20200127113640;W03-C-Antwerpen-West-FH05;6803489;20200127113640;W03-C-Antwerpen-West-FH05;19082;FTTH-Cu;;715653;20200909140554;;1630000;25093
1508860;Zoning;6803489;20200127113640;W03-C-Antwerpen-West-FH05;6803489;20200127113640;W03-C-Antwerpen-West-FH05;19082;FTTH-Cu;;619322;20200909140549;;1630000;25093
48790;Zoning;6803489;20200127113640;W03-C-Antwerpen-West-FH05;6803489;20200127113640;W03-C-Antwerpen-West-FH05;19082;FTTH-Cu;;710428;20200622132325;;1630000;25093
2045379;Zoning;6803489;20200127113640;W03-C-Antwerpen-West-FH05;6803489;20200127113640;W03-C-Antwerpen-West-FH05;19082;FTTH-Cu;;669503;20200909140558;;1630000;25093
48856;Zoning;6803489;20200127113640;W03-C-Antwerpen-West-FH05;6803489;20200127113640;W03-C-Antwerpen-West-FH05;19082;FTTH-Cu;;710455;20200622132325;;1630000;25093
2045380;Zoning;6803489;20200127113640;W03-C-Antwerpen-West-FH05;6803489;20200127113640;W03-C-Antwerpen-West-FH05;19082;FTTH-Cu;;669504;20200622132321;;1630000;25093
2045381;Zoning;6803489;20200127113640;W03-C-Antwerpen-West-FH05;6803489;20200127113640;W03-C-Antwerpen-West-FH05;19082;FTTH-Cu;;669505;20200909133742;;1630000;25093
2045382;Zoning;6803489;20200127113640;W03-C-Antwerpen-West-FH05;6803489;20200127113640;W03-C-Antwerpen-West-FH05;19082;FTTH-Cu;;669506;20200622132321;;1630000;25093
2045383;Zoning;6803489;20200127113640;W03-C-Antwerpen-West-FH05;6803489;20200127113640;W03-C-Antwerpen-West-FH05;19082;FTTH-Cu;;669507;20200909133739;;1630000;25093
2045384;Zoning;6803489;20200127113640;W03-C-Antwerpen-West-FH05;6803489;20200127113640;W03-C-Antwerpen-West-FH05;19082;FTTH-Cu;;669508;20200622132321;;1630000;25093
48855;Zoning;6803489;20200127113640;W03-C-Antwerpen-West-FH05;6803489;20200127113640;W03-C-Antwerpen-West-FH05;19082;FTTH-Cu;;710454;20200909133736;;1630000;25093
6463807;Zoning;6803489;20200127113640;W03-C-Antwerpen-West-FH05;6803489;20200127113640;W03-C-Antwerpen-West-FH05;19082;FTTH-Cu;;35729954;20200622132327;;1630000;25093
2045385;Zoning;6803489;20200127113640;W03-C-Antwerpen-West-FH05;6803489;20200127113640;W03-C-Antwerpen-West-FH05;19082;FTTH-Cu;;669509;20200622132321;;1630000;25093
48854;Zoning;6803489;20200127113640;W03-C-Antwerpen-West-FH05;6803489;20200127113640;W03-C-Antwerpen-West-FH05;19082;FTTH-Cu;;710453;20200622132325;;1630000;25093
2045387;Zoning;6803489;20200127113640;W03-C-Antwerpen-West-FH05;6803489;20200127113640;W03-C-Antwerpen-West-FH05;19082;FTTH-Cu;;35729953;20200909140907;;1630000;25093
2045389;Zoning;6803489;20200127113640;W03-C-Antwerpen-West-FH05;6803489;20200127113640;W03-C-Antwerpen-West-FH05;19082;FTTH-Cu;;669510;20200909133430;;1630000;25093
2045390;Zoning;6803489;20200127113640;W03-C-Antwerpen-West-FH05;6803489;20200127113640;W03-C-Antwerpen-West-FH05;19082;FTTH-Cu;;35729952;20200909133434;;1630000;25093
5576138;Zoning;6803489;20200127113640;W03-C-Antwerpen-West-FH05;6803489;20200127113640;W03-C-Antwerpen-West-FH05;19082;FTTH-Cu;;712484;20200909133219;;1630000;25093
6451734;Zoning;6803489;20200127113640;W03-C-Antwerpen-West-FH05;6803489;20200127113640;W03-C-Antwerpen-West-FH05;19082;FTTH-Cu;;35729951;20200909133224;;1630000;25093
2045392;Zoning;6803489;20200127113640;W03-C-Antwerpen-West-FH05;6803489;20200127113640;W03-C-Antwerpen-West-FH05;19082;FTTH-Cu;;669511;20200622132321;;1630000;25093
2045393;Zoning;6803489;20200127113640;W03-C-Antwerpen-West-FH05;6803489;20200127113640;W03-C-Antwerpen-West-FH05;19082;FTTH-Cu;;669512;20200622132321;;1630000;25093
48853;Zoning;6803489;20200127113640;W03-C-Antwerpen-West-FH05;6803489;20200127113640;W03-C-Antwerpen-West-FH05;19082;FTTH-Cu;;710452;20200622132325;;1630000;25093
2045394;Zoning;6803489;20200127113640;W03-C-Antwerpen-West-FH05;6803489;20200127113640;W03-C-Antwerpen-West-FH05;19082;FTTH-Cu;;669513;20200622132321;;1630000;25093
2045395;Zoning;6803489;20200127113640;W03-C-Antwerpen-West-FH05;6803489;20200127113640;W03-C-Antwerpen-West-FH05;19082;FTTH-Cu;;669514;20200622132321;;1630000;25093
2045396;Zoning;6803489;20200127113640;W03-C-Antwerpen-West-FH05;6803489;20200127113640;W03-C-Antwerpen-West-FH05;19082;FTTH-Cu;;669515;20200622132321;;1630000;25093
2045397;Zoning;6803489;20200127113640;W03-C-Antwerpen-West-FH05;6803489;20200127113640;W03-C-Antwerpen-West-FH05;19082;FTTH-Cu;;669516;20200622132321;;1630000;25093
2045398;Zoning;6803489;20200127113640;W03-C-Antwerpen-West-FH05;6803489;20200127113640;W03-C-Antwerpen-West-FH05;19082;FTTH-Cu;;669517;20200622132321;;1630000;25093
2045399;Zoning;6803489;20200127113640;W03-C-Antwerpen-West-FH05;6803489;20200127113640;W03-C-Antwerpen-West-FH05;19082;FTTH-Cu;;669518;20200622132321;;1630000;25093
2045400;Zoning;6803489;20200127113640;W03-C-Antwerpen-West-FH05;6803489;20200127113640;W03-C-Antwerpen-West-FH05;19082;FTTH-Cu;;669519;20200622132321;;1630000;25093
48857;Zoning;6803489;20200127113640;W03-C-Antwerpen-West-FH05;6803489;20200127113640;W03-C-Antwerpen-West-FH05;19082;FTTH-Cu;;710456;20200622132325;;1630000;25093
1473629;Zoning;6803489;20200127113640;W03-C-Antwerpen-West-FH05;6803489;20200127113640;W03-C-Antwerpen-West-FH05;19082;FTTH-Cu;;618815;20200909150748;;1630000;10989
1925045;Zoning;6803489;20200127113640;W03-C-Antwerpen-West-FH05;6803489;20200127113640;W03-C-Antwerpen-West-FH05;19082;FTTH-Cu;;646410;20200622132319;;1630000;10989
1925046;Zoning;6803489;20200127113640;W03-C-Antwerpen-West-FH05;6803489;20200127113640;W03-C-Antwerpen-West-FH05;19082;FTTH-Cu;;646411;20200909150754;;1630000;10989
1925051;Zoning;6803489;20200127113640;W03-C-Antwerpen-West-FH05;6803489;20200127113640;W03-C-Antwerpen-West-FH05;19082;FTTH-Cu;;646412;20200622132327;;1630000;10989
4508661;Zoning;6803489;20200127113640;W03-C-Antwerpen-West-FH05;6803489;20200127113640;W03-C-Antwerpen-West-FH05;19082;FTTH-Cu;;706852;20200909150800;;1630000;10989
1925052;Zoning;6803489;20200127113640;W03-C-Antwerpen-West-FH05;6803489;20200127113640;W03-C-Antwerpen-West-FH05;19082;FTTH-Cu;;646413;20200622132327;;1630000;10989
1925053;Zoning;6803489;20200127113640;W03-C-Antwerpen-West-FH05;6803489;20200127113640;W03-C-Antwerpen-West-FH05;19082;FTTH-Cu;;646414;20200622132327;;1630000;10989
48862;Zoning;6803489;20200127113640;W03-C-Antwerpen-West-FH05;6803489;20200127113640;W03-C-Antwerpen-West-FH05;19082;FTTH-Cu;;710460;20200909133746;;1630000;11103
1928246;Zoning;6803489;20200127113640;W03-C-Antwerpen-West-FH05;6803489;20200127113640;W03-C-Antwerpen-West-FH05;19082;FTTH-Cu;;646804;20200909140017;;1630000;11103
1928254;Zoning;6803489;20200127113640;W03-C-Antwerpen-West-FH05;6803489;20200127113640;W03-C-Antwerpen-West-FH05;19082;FTTH-Cu;;35729796;20200909133751;;1630000;11103
1928261;Zoning;6803489;20200127113640;W03-C-Antwerpen-West-FH05;6803489;20200127113640;W03-C-Antwerpen-West-FH05;19082;FTTH-Cu;;646805;20200622132319;;1630000;11103
4512808;Zoning;6803489;20200127113640;W03-C-Antwerpen-West-FH05;6803489;20200127113640;W03-C-Antwerpen-West-FH05;19082;FTTH-Cu;;707345;20200909133754;;1630000;11103
1928268;Zoning;6803489;20200127113640;W03-C-Antwerpen-West-FH05;6803489;20200127113640;W03-C-Antwerpen-West-FH05;19082;FTTH-Cu;;646806;20200622132319;;1630000;11103
1928273;Zoning;6803489;20200127113640;W03-C-Antwerpen-West-FH05;6803489;20200127113640;W03-C-Antwerpen-West-FH05;19082;FTTH-Cu;;646807;20200909133758;;1630000;11103
1928282;Zoning;6803489;20200127113640;W03-C-Antwerpen-West-FH05;6803489;20200127113640;W03-C-Antwerpen-West-FH05;19082;FTTH-Cu;;646808;20200622132319;;1630000;11103
1928286;Zoning;6803489;20200127113640;W03-C-Antwerpen-West-FH05;6803489;20200127113640;W03-C-Antwerpen-West-FH05;19082;FTTH-Cu;;646809;20200909133802;;1630000;11103
48775;Zoning;6803489;20200127113640;W03-C-Antwerpen-West-FH05;6803489;20200127113640;W03-C-Antwerpen-West-FH05;19082;FTTH-Cu;;710416;20200909140000;;1630000;11103
1928289;Zoning;6803489;20200127113640;W03-C-Antwerpen-West-FH05;6803489;20200127113640;W03-C-Antwerpen-West-FH05;19082;FTTH-Cu;;646810;20200909133806;;1630000;11103
48774;Zoning;6803489;20200127113640;W03-C-Antwerpen-West-FH05;6803489;20200127113640;W03-C-Antwerpen-West-FH05;19082;FTTH-Cu;;710415;20200909135957;;1630000;11103
1928294;Zoning;6803489;20200127113640;W03-C-Antwerpen-West-FH05;6803489;20200127113640;W03-C-Antwerpen-West-FH05;19082;FTTH-Cu;;646811;20200909133811;;1630000;11103
48776;Zoning;6803489;20200127113640;W03-C-Antwerpen-West-FH05;6803489;20200127113640;W03-C-Antwerpen-West-FH05;19082;FTTH-Cu;;710417;20200909135949;;1630000;11103
1928305;Zoning;6803489;20200127113640;W03-C-Antwerpen-West-FH05;6803489;20200127113640;W03-C-Antwerpen-West-FH05;19082;FTTH-Cu;;646812;20200909133818;;1630000;11103
1928312;Zoning;6803489;20200127113640;W03-C-Antwerpen-West-FH05;6803489;20200127113640;W03-C-Antwerpen-West-FH05;19082;FTTH-Cu;;35729795;20200909135946;;1630000;11103
1928316;Zoning;6803489;20200127113640;W03-C-Antwerpen-West-FH05;6803489;20200127113640;W03-C-Antwerpen-West-FH05;19082;FTTH-Cu;;646813;20200909133823;;1630000;11103
1928323;Zoning;6803489;20200127113640;W03-C-Antwerpen-West-FH05;6803489;20200127113640;W03-C-Antwerpen-West-FH05;19082;FTTH-Cu;;646814;20200909135942;;1630000;11103
1928329;Zoning;6803489;20200127113640;W03-C-Antwerpen-West-FH05;6803489;20200127113640;W03-C-Antwerpen-West-FH05;19082;FTTH-Cu;;646815;20200909133829;;1630000;11103
1928331;Zoning;6803489;20200127113640;W03-C-Antwerpen-West-FH05;6803489;20200127113640;W03-C-Antwerpen-West-FH05;19082;FTTH-Cu;;35729794;20200909135938;;1630000;11103
1928334;Zoning;6803489;20200127113640;W03-C-Antwerpen-West-FH05;6803489;20200127113640;W03-C-Antwerpen-West-FH05;19082;FTTH-Cu;;646816;20200909133834;;1630000;11103
48773;Zoning;6803489;20200127113640;W03-C-Antwerpen-West-FH05;6803489;20200127113640;W03-C-Antwerpen-West-FH05;19082;FTTH-Cu;;710414;20200909135933;;1630000;11103
48861;Zoning;6803489;20200127113640;W03-C-Antwerpen-West-FH05;6803489;20200127113640;W03-C-Antwerpen-West-FH05;19082;FTTH-Cu;;710459;20200622132325;;1630000;11103
48785;Zoning;6803489;20200127113640;W03-C-Antwerpen-West-FH05;6803489;20200127113640;W03-C-Antwerpen-West-FH05;19082;FTTH-Cu;;710424;20200909142305;;1630000;11348
1933740;Zoning;6803489;20200127113640;W03-C-Antwerpen-West-FH05;6803489;20200127113640;W03-C-Antwerpen-West-FH05;19082;FTTH-Cu;;647256;20200909142326;;1630000;11348
4509792;Zoning;6803489;20200127113640;W03-C-Antwerpen-West-FH05;6803489;20200127113640;W03-C-Antwerpen-West-FH05;19082;FTTH-Cu;;35729799;20200909142335;;1630000;11348
4509793;Zoning;6803489;20200127113640;W03-C-Antwerpen-West-FH05;6803489;20200127113640;W03-C-Antwerpen-West-FH05;19082;FTTH-Cu;;35729798;20200909142339;;1630000;11348
1933766;Zoning;6803489;20200127113640;W03-C-Antwerpen-West-FH05;6803489;20200127113640;W03-C-Antwerpen-West-FH05;19082;FTTH-Cu;;647259;20200909142444;;1630000;11348
4032393;Zoning;6803489;20200127113640;W03-C-Antwerpen-West-FH05;6803489;20200127113640;W03-C-Antwerpen-West-FH05;19082;FTTH-Cu;;692476;20200909142447;;1630000;11348
1933780;Zoning;6803489;20200127113640;W03-C-Antwerpen-West-FH05;6803489;20200127113640;W03-C-Antwerpen-West-FH05;19082;FTTH-Cu;;647262;20200909142452;;1630000;11348
1933794;Zoning;6803489;20200127113640;W03-C-Antwerpen-West-FH05;6803489;20200127113640;W03-C-Antwerpen-West-FH05;19082;FTTH-Cu;;647264;20200909142456;;1630000;11348
1933800;Zoning;6803489;20200127113640;W03-C-Antwerpen-West-FH05;6803489;20200127113640;W03-C-Antwerpen-West-FH05;19082;FTTH-Cu;;647265;20200909142501;;1630000;11348
1933804;Zoning;6803489;20200127113640;W03-C-Antwerpen-West-FH05;6803489;20200127113640;W03-C-Antwerpen-West-FH05;19082;FTTH-Cu;;35729797;20200909142506;;1630000;11348
4509795;Zoning;6803489;20200127113640;W03-C-Antwerpen-West-FH05;6803489;20200127113640;W03-C-Antwerpen-West-FH05;19082;FTTH-Cu;;706981;20200622132326;;1630000;11348
61467;Zoning;6803489;20200127113640;W03-C-Antwerpen-West-FH05;6803489;20200127113640;W03-C-Antwerpen-West-FH05;19082;FTTH-Cu;;715626;20200909140854;;1630000;11532
48859;Zoning;6803489;20200127113640;W03-C-Antwerpen-West-FH05;6803489;20200127113640;W03-C-Antwerpen-West-FH05;19082;FTTH-Cu;;710458;20200909133211;;1630000;11532
5364239;Zoning;6803489;20200127113640;W03-C-Antwerpen-West-FH05;6803489;20200127113640;W03-C-Antwerpen-West-FH05;19082;FTTH-Cu;;710844;20200909133215;;1630000;11532
60062;Zoning;6803489;20200127113640;W03-C-Antwerpen-West-FH05;6803489;20200127113640;W03-C-Antwerpen-West-FH05;19082;FTTH-Cu;;714186;20200909145446;;1630000;5418
1804784;Zoning;6803489;20200127113640;W03-C-Antwerpen-West-FH05;6803489;20200127113640;W03-C-Antwerpen-West-FH05;19082;FTTH-Cu;;634887;20200909145449;;1630000;5418
60061;Zoning;6803489;20200127113640;W03-C-Antwerpen-West-FH05;6803489;20200127113640;W03-C-Antwerpen-West-FH05;19082;FTTH-Cu;;714185;20200909145453;;1630000;5418
60065;Zoning;6803489;20200127113640;W03-C-Antwerpen-West-FH05;6803489;20200127113640;W03-C-Antwerpen-West-FH05;19082;FTTH-Cu;;714189;20200909145056;;1630000;5418
1804798;Zoning;6803489;20200127113640;W03-C-Antwerpen-West-FH05;6803489;20200127113640;W03-C-Antwerpen-West-FH05;19082;FTTH-Cu;;634889;20200909145502;;1630000;5418
1804801;Zoning;6803489;20200127113640;W03-C-Antwerpen-West-FH05;6803489;20200127113640;W03-C-Antwerpen-West-FH05;19082;FTTH-Cu;;35730120;20200622132328;;1630000;5418
1804802;Zoning;6803489;20200127113640;W03-C-Antwerpen-West-FH05;6803489;20200127113640;W03-C-Antwerpen-West-FH05;19082;FTTH-Cu;;634890;20200909145507;;1630000;5418
4509497;Zoning;6803489;20200127113640;W03-C-Antwerpen-West-FH05;6803489;20200127113640;W03-C-Antwerpen-West-FH05;19082;FTTH-Cu;;706944;20200622132325;;1630000;5418
1804811;Zoning;6803489;20200127113640;W03-C-Antwerpen-West-FH05;6803489;20200127113640;W03-C-Antwerpen-West-FH05;19082;FTTH-Cu;;634891;20200909145437;;1630000;5418
4509499;Zoning;6803489;20200127113640;W03-C-Antwerpen-West-FH05;6803489;20200127113640;W03-C-Antwerpen-West-FH05;19082;FTTH-Cu;;35730119;20200622132328;;1630000;5418
1804814;Zoning;6803489;20200127113640;W03-C-Antwerpen-West-FH05;6803489;20200127113640;W03-C-Antwerpen-West-FH05;19082;FTTH-Cu;;634892;20200909145433;;1630000;5418
60063;Zoning;6803489;20200127113640;W03-C-Antwerpen-West-FH05;6803489;20200127113640;W03-C-Antwerpen-West-FH05;19082;FTTH-Cu;;714187;20200622132325;;1630000;5418
60060;Zoning;6803489;20200127113640;W03-C-Antwerpen-West-FH05;6803489;20200127113640;W03-C-Antwerpen-West-FH05;19082;FTTH-Cu;;714184;20200909145420;;1630000;5418
4509500;Zoning;6803489;20200127113640;W03-C-Antwerpen-West-FH05;6803489;20200127113640;W03-C-Antwerpen-West-FH05;19082;FTTH-Cu;;706945;20200909145231;;1630000;5418
1804823;Zoning;6803489;20200127113640;W03-C-Antwerpen-West-FH05;6803489;20200127113640;W03-C-Antwerpen-West-FH05;19082;FTTH-Cu;;35730118;20200909145235;;1630000;5418
60064;Zoning;6803489;20200127113640;W03-C-Antwerpen-West-FH05;6803489;20200127113640;W03-C-Antwerpen-West-FH05;19082;FTTH-Cu;;714188;20200622132325;;1630000;5418
6044089;Zoning;6803489;20200127113640;W03-C-Antwerpen-West-FH05;6803489;20200127113640;W03-C-Antwerpen-West-FH05;19082;FTTH-Cu;;35730117;20200909145227;;1630000;5418
61701;Zoning;6803489;20200127113640;W03-C-Antwerpen-West-FH05;6803489;20200127113640;W03-C-Antwerpen-West-FH05;19082;FTTH-Cu;;716069;20200622132324;;1630000;12772
57604;Zoning;6803489;20200127113640;W03-C-Antwerpen-West-FH05;6803489;20200127113640;W03-C-Antwerpen-West-FH05;19082;FTTH-Cu;;35729804;20200622132322;;1630000;12772
4240045;Zoning;6803489;20200127113640;W03-C-Antwerpen-West-FH05;6803489;20200127113640;W03-C-Antwerpen-West-FH05;19082;FTTH-Cu;;35729803;20200622132322;;1630000;12772
1940258;Zoning;6803489;20200127113640;W03-C-Antwerpen-West-FH05;6803489;20200127113640;W03-C-Antwerpen-West-FH05;19082;FTTH-Cu;;649541;20200622132320;;1630000;12772
1940278;Zoning;6803489;20200127113640;W03-C-Antwerpen-West-FH05;6803489;20200127113640;W03-C-Antwerpen-West-FH05;19082;FTTH-Cu;;35729802;20200622132322;;1630000;12772
1940290;Zoning;6803489;20200127113640;W03-C-Antwerpen-West-FH05;6803489;20200127113640;W03-C-Antwerpen-West-FH05;19082;FTTH-Cu;;649542;20200622132320;;1630000;12772
4508694;Zoning;6803489;20200127113640;W03-C-Antwerpen-West-FH05;6803489;20200127113640;W03-C-Antwerpen-West-FH05;19082;FTTH-Cu;;35729801;20200622132322;;1630000;12772
1940297;Zoning;6803489;20200127113640;W03-C-Antwerpen-West-FH05;6803489;20200127113640;W03-C-Antwerpen-West-FH05;19082;FTTH-Cu;;649543;20200622132320;;1630000;12772
1940316;Zoning;6803489;20200127113640;W03-C-Antwerpen-West-FH05;6803489;20200127113640;W03-C-Antwerpen-West-FH05;19082;FTTH-Cu;;649544;20200622132320;;1630000;12772
5569313;Zoning;6803489;20200127113640;W03-C-Antwerpen-West-FH05;6803489;20200127113640;W03-C-Antwerpen-West-FH05;19082;FTTH-Cu;;712127;20200622132326;;1630000;12772
61700;Zoning;6803489;20200127113640;W03-C-Antwerpen-West-FH05;6803489;20200127113640;W03-C-Antwerpen-West-FH05;19082;FTTH-Cu;;716068;20200622132324;;1630000;12772
6525435;Zoning;6803489;20200127113640;W03-C-Antwerpen-West-FH05;6803489;20200127113640;W03-C-Antwerpen-West-FH05;19082;FTTH-Cu;;35729800;20200622132322;;1630000;12772
57603;Zoning;6803489;20200127113640;W03-C-Antwerpen-West-FH05;6803489;20200127113640;W03-C-Antwerpen-West-FH05;19082;FTTH-Cu;;713972;20200622132324;;1630000;12772
57601;Zoning;6803489;20200127113640;W03-C-Antwerpen-West-FH05;6803489;20200127113640;W03-C-Antwerpen-West-FH05;19082;FTTH-Cu;;713971;20200622132324;;1630000;12772
61747;Zoning;6803489;20200127113640;W03-C-Antwerpen-West-FH05;6803489;20200127113640;W03-C-Antwerpen-West-FH05;19082;FTTH-Cu;;35729808;20200909150121;;1630000;13056
4509480;Zoning;6803489;20200127113640;W03-C-Antwerpen-West-FH05;6803489;20200127113640;W03-C-Antwerpen-West-FH05;19082;FTTH-Cu;;35729807;20200909145536;;1630000;13056
61748;Zoning;6803489;20200127113640;W03-C-Antwerpen-West-FH05;6803489;20200127113640;W03-C-Antwerpen-West-FH05;19082;FTTH-Cu;;35729806;20200909150118;;1630000;13056
4009193;Zoning;6803489;20200127113640;W03-C-Antwerpen-West-FH05;6803489;20200127113640;W03-C-Antwerpen-West-FH05;19082;FTTH-Cu;;692033;20200909145530;;1630000;13056
60039;Zoning;6803489;20200127113640;W03-C-Antwerpen-West-FH05;6803489;20200127113640;W03-C-Antwerpen-West-FH05;19082;FTTH-Cu;;714175;20200909145517;;1630000;13056
60037;Zoning;6803489;20200127113640;W03-C-Antwerpen-West-FH05;6803489;20200127113640;W03-C-Antwerpen-West-FH05;19082;FTTH-Cu;;35729805;20200909145521;;1630000;13056
56513;Zoning;6803489;20200127113640;W03-C-Antwerpen-West-FH05;6803489;20200127113640;W03-C-Antwerpen-West-FH05;19082;FTTH-Cu;;712615;20200622132324;;1630000;13150
48780;Zoning;6803489;20200127113640;W03-C-Antwerpen-West-FH05;6803489;20200127113640;W03-C-Antwerpen-West-FH05;19082;FTTH-Cu;;710421;20200909135811;;1630000;13150
1944351;Zoning;6803489;20200127113640;W03-C-Antwerpen-West-FH05;6803489;20200127113640;W03-C-Antwerpen-West-FH05;19082;FTTH-Cu;;649877;20200909133941;;1630000;13150
3963164;Zoning;6803489;20200127113640;W03-C-Antwerpen-West-FH05;6803489;20200127113640;W03-C-Antwerpen-West-FH05;19082;FTTH-Cu;;35729821;20200909135815;;1630000;13150
1944352;Zoning;6803489;20200127113640;W03-C-Antwerpen-West-FH05;6803489;20200127113640;W03-C-Antwerpen-West-FH05;19082;FTTH-Cu;;649878;20200909133946;;1630000;13150
1944353;Zoning;6803489;20200127113640;W03-C-Antwerpen-West-FH05;6803489;20200127113640;W03-C-Antwerpen-West-FH05;19082;FTTH-Cu;;649879;20200909135821;;1630000;13150
1944354;Zoning;6803489;20200127113640;W03-C-Antwerpen-West-FH05;6803489;20200127113640;W03-C-Antwerpen-West-FH05;19082;FTTH-Cu;;649880;20200909133952;;1630000;13150
4092166;Zoning;6803489;20200127113640;W03-C-Antwerpen-West-FH05;6803489;20200127113640;W03-C-Antwerpen-West-FH05;19082;FTTH-Cu;;35729820;20200909135829;;1630000;13150
1944355;Zoning;6803489;20200127113640;W03-C-Antwerpen-West-FH05;6803489;20200127113640;W03-C-Antwerpen-West-FH05;19082;FTTH-Cu;;649881;20200909134008;;1630000;13150
1944356;Zoning;6803489;20200127113640;W03-C-Antwerpen-West-FH05;6803489;20200127113640;W03-C-Antwerpen-West-FH05;19082;FTTH-Cu;;649882;20200909135834;;1630000;13150
1944358;Zoning;6803489;20200127113640;W03-C-Antwerpen-West-FH05;6803489;20200127113640;W03-C-Antwerpen-West-FH05;19082;FTTH-Cu;;649883;20200909135840;;1630000;13150
5575716;Zoning;6803489;20200127113640;W03-C-Antwerpen-West-FH05;6803489;20200127113640;W03-C-Antwerpen-West-FH05;19082;FTTH-Cu;;35729819;20200909134018;;1630000;13150
1944359;Zoning;6803489;20200127113640;W03-C-Antwerpen-West-FH05;6803489;20200127113640;W03-C-Antwerpen-West-FH05;19082;FTTH-Cu;;649884;20200909135848;;1630000;13150
1944360;Zoning;6803489;20200127113640;W03-C-Antwerpen-West-FH05;6803489;20200127113640;W03-C-Antwerpen-West-FH05;19082;FTTH-Cu;;649885;20200909134024;;1630000;13150
1944362;Zoning;6803489;20200127113640;W03-C-Antwerpen-West-FH05;6803489;20200127113640;W03-C-Antwerpen-West-FH05;19082;FTTH-Cu;;649887;20200909134041;;1630000;13150
1944363;Zoning;6803489;20200127113640;W03-C-Antwerpen-West-FH05;6803489;20200127113640;W03-C-Antwerpen-West-FH05;19082;FTTH-Cu;;649888;20200909135856;;1630000;13150
6450373;Zoning;6803489;20200127113640;W03-C-Antwerpen-West-FH05;6803489;20200127113640;W03-C-Antwerpen-West-FH05;19082;FTTH-Cu;;35729811;20200909134049;;1630000;13150
4509788;Zoning;6803489;20200127113640;W03-C-Antwerpen-West-FH05;6803489;20200127113640;W03-C-Antwerpen-West-FH05;19082;FTTH-Cu;;35729818;20200909135904;;1630000;13150
1944365;Zoning;6803489;20200127113640;W03-C-Antwerpen-West-FH05;6803489;20200127113640;W03-C-Antwerpen-West-FH05;19082;FTTH-Cu;;649890;20200622132320;;1630000;13150
1944366;Zoning;6803489;20200127113640;W03-C-Antwerpen-West-FH05;6803489;20200127113640;W03-C-Antwerpen-West-FH05;19082;FTTH-Cu;;35729810;20200622132322;;1630000;13150
1944367;Zoning;6803489;20200127113640;W03-C-Antwerpen-West-FH05;6803489;20200127113640;W03-C-Antwerpen-West-FH05;19082;FTTH-Cu;;649891;20200909135915;;1630000;13150
1944368;Zoning;6803489;20200127113640;W03-C-Antwerpen-West-FH05;6803489;20200127113640;W03-C-Antwerpen-West-FH05;19082;FTTH-Cu;;35729817;20200909134101;;1630000;13150
48779;Zoning;6803489;20200127113640;W03-C-Antwerpen-West-FH05;6803489;20200127113640;W03-C-Antwerpen-West-FH05;19082;FTTH-Cu;;710420;20200909135922;;1630000;13150
1944369;Zoning;6803489;20200127113640;W03-C-Antwerpen-West-FH05;6803489;20200127113640;W03-C-Antwerpen-West-FH05;19082;FTTH-Cu;;649892;20200909134104;;1630000;13150
48872;Zoning;6803489;20200127113640;W03-C-Antwerpen-West-FH05;6803489;20200127113640;W03-C-Antwerpen-West-FH05;19082;FTTH-Cu;;710466;20200622132325;;1630000;13150
1944370;Zoning;6803489;20200127113640;W03-C-Antwerpen-West-FH05;6803489;20200127113640;W03-C-Antwerpen-West-FH05;19082;FTTH-Cu;;649893;20200909134114;;1630000;13150
1944371;Zoning;6803489;20200127113640;W03-C-Antwerpen-West-FH05;6803489;20200127113640;W03-C-Antwerpen-West-FH05;19082;FTTH-Cu;;649894;20200622132320;;1630000;13150
5575717;Zoning;6803489;20200127113640;W03-C-Antwerpen-West-FH05;6803489;20200127113640;W03-C-Antwerpen-West-FH05;19082;FTTH-Cu;;712373;20200909134124;;1630000;13150
1944374;Zoning;6803489;20200127113640;W03-C-Antwerpen-West-FH05;6803489;20200127113640;W03-C-Antwerpen-West-FH05;19082;FTTH-Cu;;649895;20200622132320;;1630000;13150
1944375;Zoning;6803489;20200127113640;W03-C-Antwerpen-West-FH05;6803489;20200127113640;W03-C-Antwerpen-West-FH05;19082;FTTH-Cu;;649896;20200909134131;;1630000;13150
48871;Zoning;6803489;20200127113640;W03-C-Antwerpen-West-FH05;6803489;20200127113640;W03-C-Antwerpen-West-FH05;19082;FTTH-Cu;;710465;20200622132325;;1630000;13150
56514;Zoning;6803489;20200127113640;W03-C-Antwerpen-West-FH05;6803489;20200127113640;W03-C-Antwerpen-West-FH05;19082;FTTH-Cu;;35729816;20200909134128;;1630000;13150
48870;Zoning;6803489;20200127113640;W03-C-Antwerpen-West-FH05;6803489;20200127113640;W03-C-Antwerpen-West-FH05;19082;FTTH-Cu;;710464;20200909133406;;1630000;13150
1944378;Zoning;6803489;20200127113640;W03-C-Antwerpen-West-FH05;6803489;20200127113640;W03-C-Antwerpen-West-FH05;19082;FTTH-Cu;;649898;20200909133352;;1630000;13150
5307359;Zoning;6803489;20200127113640;W03-C-Antwerpen-West-FH05;6803489;20200127113640;W03-C-Antwerpen-West-FH05;19082;FTTH-Cu;;35729809;20200909133356;;1630000;13150
1091133;Zoning;6803489;20200127113640;W03-C-Antwerpen-West-FH05;6803489;20200127113640;W03-C-Antwerpen-West-FH05;19082;FTTH-Cu;;612751;20200909134145;;1630000;13150
1944379;Zoning;6803489;20200127113640;W03-C-Antwerpen-West-FH05;6803489;20200127113640;W03-C-Antwerpen-West-FH05;19082;FTTH-Cu;;649899;20200909133335;;1630000;13150
56512;Zoning;6803489;20200127113640;W03-C-Antwerpen-West-FH05;6803489;20200127113640;W03-C-Antwerpen-West-FH05;19082;FTTH-Cu;;712614;20200622132324;;1630000;13150
1944380;Zoning;6803489;20200127113640;W03-C-Antwerpen-West-FH05;6803489;20200127113640;W03-C-Antwerpen-West-FH05;19082;FTTH-Cu;;649900;20200909133331;;1630000;13150
48869;Zoning;6803489;20200127113640;W03-C-Antwerpen-West-FH05;6803489;20200127113640;W03-C-Antwerpen-West-FH05;19082;FTTH-Cu;;35729815;20200909133327;;1630000;13150
48873;Zoning;6803489;20200127113640;W03-C-Antwerpen-West-FH05;6803489;20200127113640;W03-C-Antwerpen-West-FH05;19082;FTTH-Cu;;710467;20200622132325;;1630000;13150
1944382;Zoning;6803489;20200127113640;W03-C-Antwerpen-West-FH05;6803489;20200127113640;W03-C-Antwerpen-West-FH05;19082;FTTH-Cu;;649902;20200622132320;;1630000;13150
1944384;Zoning;6803489;20200127113640;W03-C-Antwerpen-West-FH05;6803489;20200127113640;W03-C-Antwerpen-West-FH05;19082;FTTH-Cu;;649904;20200622132320;;1630000;13150
1944386;Zoning;6803489;20200127113640;W03-C-Antwerpen-West-FH05;6803489;20200127113640;W03-C-Antwerpen-West-FH05;19082;FTTH-Cu;;649905;20200622132320;;1630000;13150
48928;Zoning;6803489;20200127113640;W03-C-Antwerpen-West-FH05;6803489;20200127113640;W03-C-Antwerpen-West-FH05;19082;FTTH-Cu;;710488;20200622132325;;1630000;13150
4225829;Zoning;6803489;20200127113640;W03-C-Antwerpen-West-FH05;6803489;20200127113640;W03-C-Antwerpen-West-FH05;19082;FTTH-Cu;;695893;20200622132322;;1630000;13150
1944388;Zoning;6803489;20200127113640;W03-C-Antwerpen-West-FH05;6803489;20200127113640;W03-C-Antwerpen-West-FH05;19082;FTTH-Cu;;649907;20200622132320;;1630000;13150
1944389;Zoning;6803489;20200127113640;W03-C-Antwerpen-West-FH05;6803489;20200127113640;W03-C-Antwerpen-West-FH05;19082;FTTH-Cu;;649908;20200909132449;;1630000;13150
1944390;Zoning;6803489;20200127113640;W03-C-Antwerpen-West-FH05;6803489;20200127113640;W03-C-Antwerpen-West-FH05;19082;FTTH-Cu;;35729814;20200909132445;;1630000;13150
48874;Zoning;6803489;20200127113640;W03-C-Antwerpen-West-FH05;6803489;20200127113640;W03-C-Antwerpen-West-FH05;19082;FTTH-Cu;;710468;20200622132325;;1630000;13150
1944393;Zoning;6803489;20200127113640;W03-C-Antwerpen-West-FH05;6803489;20200127113640;W03-C-Antwerpen-West-FH05;19082;FTTH-Cu;;649911;20200622132320;;1630000;13150
60569;Zoning;6803489;20200127113640;W03-C-Antwerpen-West-FH05;6803489;20200127113640;W03-C-Antwerpen-West-FH05;19082;FTTH-Cu;;35729813;20200909124250;;1630000;13150
1944395;Zoning;6803489;20200127113640;W03-C-Antwerpen-West-FH05;6803489;20200127113640;W03-C-Antwerpen-West-FH05;19082;FTTH-Cu;;649913;20200909124233;;1630000;13150
1944397;Zoning;6803489;20200127113640;W03-C-Antwerpen-West-FH05;6803489;20200127113640;W03-C-Antwerpen-West-FH05;19082;FTTH-Cu;;649915;20200909124229;;1630000;13150
1944398;Zoning;6803489;20200127113640;W03-C-Antwerpen-West-FH05;6803489;20200127113640;W03-C-Antwerpen-West-FH05;19082;FTTH-Cu;;649916;20200909124219;;1630000;13150
4504844;Zoning;6803489;20200127113640;W03-C-Antwerpen-West-FH05;6803489;20200127113640;W03-C-Antwerpen-West-FH05;19082;FTTH-Cu;;35729812;20200909124215;;1630000;13150
1944402;Zoning;6803489;20200127113640;W03-C-Antwerpen-West-FH05;6803489;20200127113640;W03-C-Antwerpen-West-FH05;19082;FTTH-Cu;;649919;20200909124206;;1630000;13150
60570;Zoning;6803489;20200127113640;W03-C-Antwerpen-West-FH05;6803489;20200127113640;W03-C-Antwerpen-West-FH05;19082;FTTH-Cu;;714392;20200909124202;;1630000;13150
57653;Zoning;6803489;20200127113640;W03-C-Antwerpen-West-FH05;6803489;20200127113640;W03-C-Antwerpen-West-FH05;19082;FTTH-Cu;;713996;20200622132324;;1630000;14079
57658;Zoning;6803489;20200127113640;W03-C-Antwerpen-West-FH05;6803489;20200127113640;W03-C-Antwerpen-West-FH05;19082;FTTH-Cu;;714000;20200622132324;;1630000;14079
1956600;Zoning;6803489;20200127113640;W03-C-Antwerpen-West-FH05;6803489;20200127113640;W03-C-Antwerpen-West-FH05;19082;FTTH-Cu;;651114;20200622132320;;1630000;14079
1956609;Zoning;6803489;20200127113640;W03-C-Antwerpen-West-FH05;6803489;20200127113640;W03-C-Antwerpen-West-FH05;19082;FTTH-Cu;;651115;20200622132320;;1630000;14079
1956628;Zoning;6803489;20200127113640;W03-C-Antwerpen-West-FH05;6803489;20200127113640;W03-C-Antwerpen-West-FH05;19082;FTTH-Cu;;651117;20200622132320;;1630000;14079
1956632;Zoning;6803489;20200127113640;W03-C-Antwerpen-West-FH05;6803489;20200127113640;W03-C-Antwerpen-West-FH05;19082;FTTH-Cu;;651118;20200622132320;;1630000;14079
1956635;Zoning;6803489;20200127113640;W03-C-Antwerpen-West-FH05;6803489;20200127113640;W03-C-Antwerpen-West-FH05;19082;FTTH-Cu;;651119;20200622132320;;1630000;14079
57657;Zoning;6803489;20200127113640;W03-C-Antwerpen-West-FH05;6803489;20200127113640;W03-C-Antwerpen-West-FH05;19082;FTTH-Cu;;713999;20200622132324;;1630000;14079
1956642;Zoning;6803489;20200127113640;W03-C-Antwerpen-West-FH05;6803489;20200127113640;W03-C-Antwerpen-West-FH05;19082;FTTH-Cu;;651120;20200622132320;;1630000;14079
6326723;Zoning;6803489;20200127113640;W03-C-Antwerpen-West-FH05;6803489;20200127113640;W03-C-Antwerpen-West-FH05;19082;FTTH-Cu;;35729829;20200909153708;;1630000;14079
57656;Zoning;6803489;20200127113640;W03-C-Antwerpen-West-FH05;6803489;20200127113640;W03-C-Antwerpen-West-FH05;19082;FTTH-Cu;;35729832;20200622132329;;1630000;14079
57654;Zoning;6803489;20200127113640;W03-C-Antwerpen-West-FH05;6803489;20200127113640;W03-C-Antwerpen-West-FH05;19082;FTTH-Cu;;713997;20200622132324;;1630000;14079
4511309;Zoning;6803489;20200127113640;W03-C-Antwerpen-West-FH05;6803489;20200127113640;W03-C-Antwerpen-West-FH05;19082;FTTH-Cu;;35729831;20200909153657;;1630000;14079
1956675;Zoning;6803489;20200127113640;W03-C-Antwerpen-West-FH05;6803489;20200127113640;W03-C-Antwerpen-West-FH05;19082;FTTH-Cu;;35729830;20200909153545;;1630000;14079
57655;Zoning;6803489;20200127113640;W03-C-Antwerpen-West-FH05;6803489;20200127113640;W03-C-Antwerpen-West-FH05;19082;FTTH-Cu;;713998;20200622132324;;1630000;14079
61753;Zoning;6803489;20200127113640;W03-C-Antwerpen-West-FH05;6803489;20200127113640;W03-C-Antwerpen-West-FH05;19082;FTTH-Cu;;716192;20200622132324;;1630000;14096
61751;Zoning;6803489;20200127113640;W03-C-Antwerpen-West-FH05;6803489;20200127113640;W03-C-Antwerpen-West-FH05;19082;FTTH-Cu;;716183;20200909144517;;1630000;14096
1957128;Zoning;6803489;20200127113640;W03-C-Antwerpen-West-FH05;6803489;20200127113640;W03-C-Antwerpen-West-FH05;19082;FTTH-Cu;;651134;20200622132320;;1630000;14096
1957139;Zoning;6803489;20200127113640;W03-C-Antwerpen-West-FH05;6803489;20200127113640;W03-C-Antwerpen-West-FH05;19082;FTTH-Cu;;651135;20200909144519;;1630000;14096
1957148;Zoning;6803489;20200127113640;W03-C-Antwerpen-West-FH05;6803489;20200127113640;W03-C-Antwerpen-West-FH05;19082;FTTH-Cu;;35729834;20200622132329;;1630000;14096
1957158;Zoning;6803489;20200127113640;W03-C-Antwerpen-West-FH05;6803489;20200127113640;W03-C-Antwerpen-West-FH05;19082;FTTH-Cu;;651136;20200909144527;;1630000;14096
1957171;Zoning;6803489;20200127113640;W03-C-Antwerpen-West-FH05;6803489;20200127113640;W03-C-Antwerpen-West-FH05;19082;FTTH-Cu;;651137;20200622132321;;1630000;14096
1957185;Zoning;6803489;20200127113640;W03-C-Antwerpen-West-FH05;6803489;20200127113640;W03-C-Antwerpen-West-FH05;19082;FTTH-Cu;;35729833;20200622132329;;1630000;14096
61752;Zoning;6803489;20200127113640;W03-C-Antwerpen-West-FH05;6803489;20200127113640;W03-C-Antwerpen-West-FH05;19082;FTTH-Cu;;716191;20200909144620;;1630000;14096
61754;Zoning;6803489;20200127113640;W03-C-Antwerpen-West-FH05;6803489;20200127113640;W03-C-Antwerpen-West-FH05;19082;FTTH-Cu;;716193;20200622132324;;1630000;14096
58009;Zoning;6803489;20200127113640;W03-C-Antwerpen-West-FH05;6803489;20200127113640;W03-C-Antwerpen-West-FH05;19082;FTTH-Cu;;714027;20200622132327;;1630000;14166
193117;Zoning;6803489;20200127113640;W03-C-Antwerpen-West-FH05;6803489;20200127113640;W03-C-Antwerpen-West-FH05;19082;FTTH-Cu;;647102;20200622132327;;1630000;14166
1959412;Zoning;6803489;20200127113640;W03-C-Antwerpen-West-FH05;6803489;20200127113640;W03-C-Antwerpen-West-FH05;19082;FTTH-Cu;;651290;20200622132321;;1630000;14166
1959413;Zoning;6803489;20200127113640;W03-C-Antwerpen-West-FH05;6803489;20200127113640;W03-C-Antwerpen-West-FH05;19082;FTTH-Cu;;651291;20200909150832;;1630000;14166
1959414;Zoning;6803489;20200127113640;W03-C-Antwerpen-West-FH05;6803489;20200127113640;W03-C-Antwerpen-West-FH05;19082;FTTH-Cu;;651292;20200909150837;;1630000;14166
43984;Zoning;6803489;20200127113640;W03-C-Antwerpen-West-FH05;6803489;20200127113640;W03-C-Antwerpen-West-FH05;19082;FTTH-Cu;;697205;20200909151909;;1630000;14166
1959415;Zoning;6803489;20200127113640;W03-C-Antwerpen-West-FH05;6803489;20200127113640;W03-C-Antwerpen-West-FH05;19082;FTTH-Cu;;35729863;20200909151855;;1630000;14166
43985;Zoning;6803489;20200127113640;W03-C-Antwerpen-West-FH05;6803489;20200127113640;W03-C-Antwerpen-West-FH05;19082;FTTH-Cu;;697206;20200909151228;;1630000;14166
43986;Zoning;6803489;20200127113640;W03-C-Antwerpen-West-FH05;6803489;20200127113640;W03-C-Antwerpen-West-FH05;19082;FTTH-Cu;;697207;20200622132322;;1630000;14166
6518765;Zoning;6803489;20200127113640;W03-C-Antwerpen-West-FH05;6803489;20200127113640;W03-C-Antwerpen-West-FH05;19082;FTTH-Cu;;35729861;20200622132329;;1630000;14166
58107;Zoning;6803489;20200127113640;W03-C-Antwerpen-West-FH05;6803489;20200127113640;W03-C-Antwerpen-West-FH05;19082;FTTH-Cu;;35729862;20200622132329;;1630000;14166
43990;Zoning;6803489;20200127113640;W03-C-Antwerpen-West-FH05;6803489;20200127113640;W03-C-Antwerpen-West-FH05;19082;FTTH-Cu;;697210;20200622132322;;1630000;14166
12583;Zoning;6803489;20200127113640;W03-C-Antwerpen-West-FH05;6803489;20200127113640;W03-C-Antwerpen-West-FH05;19082;FTTH-Cu;;615230;20200622132327;;1630000;14166
6436165;Zoning;6803489;20200127113640;W03-C-Antwerpen-West-FH05;6803489;20200127113640;W03-C-Antwerpen-West-FH05;19082;FTTH-Cu;;35729836;20200622132329;;1630000;14166
6430580;Zoning;6803489;20200127113640;W03-C-Antwerpen-West-FH05;6803489;20200127113640;W03-C-Antwerpen-West-FH05;19082;FTTH-Cu;;35729835;20200622132329;;1630000;14166
1959419;Zoning;6803489;20200127113640;W03-C-Antwerpen-West-FH05;6803489;20200127113640;W03-C-Antwerpen-West-FH05;19082;FTTH-Cu;;651293;20200622132321;;1630000;14166
1059358;Zoning;6803489;20200127113640;W03-C-Antwerpen-West-FH05;6803489;20200127113640;W03-C-Antwerpen-West-FH05;19082;FTTH-Cu;;612263;20200622132326;;1630000;14268
1959672;Zoning;6803489;20200127113640;W03-C-Antwerpen-West-FH05;6803489;20200127113640;W03-C-Antwerpen-West-FH05;19082;FTTH-Cu;;651511;20200622132320;;1630000;14268
4505420;Zoning;6803489;20200127113640;W03-C-Antwerpen-West-FH05;6803489;20200127113640;W03-C-Antwerpen-West-FH05;19082;FTTH-Cu;;706146;20200909143536;;1630000;14268
1959673;Zoning;6803489;20200127113640;W03-C-Antwerpen-West-FH05;6803489;20200127113640;W03-C-Antwerpen-West-FH05;19082;FTTH-Cu;;651512;20200622132320;;1630000;14268
1959674;Zoning;6803489;20200127113640;W03-C-Antwerpen-West-FH05;6803489;20200127113640;W03-C-Antwerpen-West-FH05;19082;FTTH-Cu;;651513;20200622132320;;1630000;14268
1959675;Zoning;6803489;20200127113640;W03-C-Antwerpen-West-FH05;6803489;20200127113640;W03-C-Antwerpen-West-FH05;19082;FTTH-Cu;;651514;20200622132320;;1630000;14268
1959676;Zoning;6803489;20200127113640;W03-C-Antwerpen-West-FH05;6803489;20200127113640;W03-C-Antwerpen-West-FH05;19082;FTTH-Cu;;651515;20200622132320;;1630000;14268
1959677;Zoning;6803489;20200127113640;W03-C-Antwerpen-West-FH05;6803489;20200127113640;W03-C-Antwerpen-West-FH05;19082;FTTH-Cu;;651516;20200622132320;;1630000;14268
1959678;Zoning;6803489;20200127113640;W03-C-Antwerpen-West-FH05;6803489;20200127113640;W03-C-Antwerpen-West-FH05;19082;FTTH-Cu;;651517;20200622132320;;1630000;14268
1959679;Zoning;6803489;20200127113640;W03-C-Antwerpen-West-FH05;6803489;20200127113640;W03-C-Antwerpen-West-FH05;19082;FTTH-Cu;;651518;20200622132320;;1630000;14268
1059359;Zoning;6803489;20200127113640;W03-C-Antwerpen-West-FH05;6803489;20200127113640;W03-C-Antwerpen-West-FH05;19082;FTTH-Cu;;612264;20200622132327;;1630000;14268
1059360;Zoning;6803489;20200127113640;W03-C-Antwerpen-West-FH05;6803489;20200127113640;W03-C-Antwerpen-West-FH05;19082;FTTH-Cu;;612265;20200622132327;;1630000;14268
6421885;Zoning;6803489;20200127113640;W03-C-Antwerpen-West-FH05;6803489;20200127113640;W03-C-Antwerpen-West-FH05;19082;FTTH-Cu;;35729864;20200909141949;;1630000;14269
61465;Zoning;6803489;20200127113640;W03-C-Antwerpen-West-FH05;6803489;20200127113640;W03-C-Antwerpen-West-FH05;19082;FTTH-Cu;;715625;20200909141831;;1630000;14269
5393249;Zoning;6803489;20200127113640;W03-C-Antwerpen-West-FH05;6803489;20200127113640;W03-C-Antwerpen-West-FH05;19082;FTTH-Cu;;711120;20200909141835;;1630000;14269
1959681;Zoning;6803489;20200127113640;W03-C-Antwerpen-West-FH05;6803489;20200127113640;W03-C-Antwerpen-West-FH05;19082;FTTH-Cu;;651520;20200622132320;;1630000;14269
1959683;Zoning;6803489;20200127113640;W03-C-Antwerpen-West-FH05;6803489;20200127113640;W03-C-Antwerpen-West-FH05;19082;FTTH-Cu;;651521;20200909141839;;1630000;14269
5363421;Zoning;6803489;20200127113640;W03-C-Antwerpen-West-FH05;6803489;20200127113640;W03-C-Antwerpen-West-FH05;19082;FTTH-Cu;;710788;20200622132326;;1630000;14269
4508720;Zoning;6803489;20200127113640;W03-C-Antwerpen-West-FH05;6803489;20200127113640;W03-C-Antwerpen-West-FH05;19082;FTTH-Cu;;35729869;20200909141848;;1630000;14269
48791;Zoning;6803489;20200127113640;W03-C-Antwerpen-West-FH05;6803489;20200127113640;W03-C-Antwerpen-West-FH05;19082;FTTH-Cu;;710429;20200909142003;;1630000;14269
4508723;Zoning;6803489;20200127113640;W03-C-Antwerpen-West-FH05;6803489;20200127113640;W03-C-Antwerpen-West-FH05;19082;FTTH-Cu;;706857;20200909141855;;1630000;14269
4509805;Zoning;6803489;20200127113640;W03-C-Antwerpen-West-FH05;6803489;20200127113640;W03-C-Antwerpen-West-FH05;19082;FTTH-Cu;;35729868;20200909141958;;1630000;14269
4509806;Zoning;6803489;20200127113640;W03-C-Antwerpen-West-FH05;6803489;20200127113640;W03-C-Antwerpen-West-FH05;19082;FTTH-Cu;;35729867;20200622132328;;1630000;14269
61466;Zoning;6803489;20200127113640;W03-C-Antwerpen-West-FH05;6803489;20200127113640;W03-C-Antwerpen-West-FH05;19082;FTTH-Cu;;35729866;20200909141859;;1630000;14269
6082844;Zoning;6803489;20200127113640;W03-C-Antwerpen-West-FH05;6803489;20200127113640;W03-C-Antwerpen-West-FH05;19082;FTTH-Cu;;35729865;20200622132328;;1630000;14269
5373056;Zoning;6803489;20200127113640;W03-C-Antwerpen-West-FH05;6803489;20200127113640;W03-C-Antwerpen-West-FH05;19082;FTTH-Cu;;710888;20200622132326;;1630000;10176
57659;Zoning;6803489;20200127113640;W03-C-Antwerpen-West-FH05;6803489;20200127113640;W03-C-Antwerpen-West-FH05;19082;FTTH-Cu;;714001;20200909153337;;1630000;10176
6437862;Zoning;6803489;20200127113640;W03-C-Antwerpen-West-FH05;6803489;20200127113640;W03-C-Antwerpen-West-FH05;19082;FTTH-Cu;;35729763;20200909153331;;1630000;10176
1904943;Zoning;6803489;20200127113640;W03-C-Antwerpen-West-FH05;6803489;20200127113640;W03-C-Antwerpen-West-FH05;19082;FTTH-Cu;;644797;20200909153401;;1630000;10176
1904965;Zoning;6803489;20200127113640;W03-C-Antwerpen-West-FH05;6803489;20200127113640;W03-C-Antwerpen-West-FH05;19082;FTTH-Cu;;644798;20200622132319;;1630000;10176
4511360;Zoning;6803489;20200127113640;W03-C-Antwerpen-West-FH05;6803489;20200127113640;W03-C-Antwerpen-West-FH05;19082;FTTH-Cu;;35729773;20200909153422;;1630000;10176
1904971;Zoning;6803489;20200127113640;W03-C-Antwerpen-West-FH05;6803489;20200127113640;W03-C-Antwerpen-West-FH05;19082;FTTH-Cu;;35729772;20200622132322;;1630000;10176
4511362;Zoning;6803489;20200127113640;W03-C-Antwerpen-West-FH05;6803489;20200127113640;W03-C-Antwerpen-West-FH05;19082;FTTH-Cu;;35729771;20200909153439;;1630000;10176
5524672;Zoning;6803489;20200127113640;W03-C-Antwerpen-West-FH05;6803489;20200127113640;W03-C-Antwerpen-West-FH05;19082;FTTH-Cu;;35729770;20200909161837;;1630000;10176
4511364;Zoning;6803489;20200127113640;W03-C-Antwerpen-West-FH05;6803489;20200127113640;W03-C-Antwerpen-West-FH05;19082;FTTH-Cu;;35729769;20200909153410;;1630000;10176
1277797;Zoning;6803489;20200127113640;W03-C-Antwerpen-West-FH05;6803489;20200127113640;W03-C-Antwerpen-West-FH05;19082;FTTH-Cu;;615517;20200909153428;;1630000;10176
1905073;Zoning;6803489;20200127113640;W03-C-Antwerpen-West-FH05;6803489;20200127113640;W03-C-Antwerpen-West-FH05;19082;FTTH-Cu;;35729768;20200909153416;;1630000;10176
4511368;Zoning;6803489;20200127113640;W03-C-Antwerpen-West-FH05;6803489;20200127113640;W03-C-Antwerpen-West-FH05;19082;FTTH-Cu;;35729767;20200909153355;;1630000;10176
1905115;Zoning;6803489;20200127113640;W03-C-Antwerpen-West-FH05;6803489;20200127113640;W03-C-Antwerpen-West-FH05;19082;FTTH-Cu;;644799;20200622132319;;1630000;10176
1905126;Zoning;6803489;20200127113640;W03-C-Antwerpen-West-FH05;6803489;20200127113640;W03-C-Antwerpen-West-FH05;19082;FTTH-Cu;;644800;20200909153506;;1630000;10176
1905162;Zoning;6803489;20200127113640;W03-C-Antwerpen-West-FH05;6803489;20200127113640;W03-C-Antwerpen-West-FH05;19082;FTTH-Cu;;35729766;20200909161844;;1630000;10176
4511371;Zoning;6803489;20200127113640;W03-C-Antwerpen-West-FH05;6803489;20200127113640;W03-C-Antwerpen-West-FH05;19082;FTTH-Cu;;35729765;20200910091726;;1630000;10176
1905187;Zoning;6803489;20200127113640;W03-C-Antwerpen-West-FH05;6803489;20200127113640;W03-C-Antwerpen-West-FH05;19082;FTTH-Cu;;35729764;20200910091731;;1630000;10176
5373057;Zoning;6803489;20200127113640;W03-C-Antwerpen-West-FH05;6803489;20200127113640;W03-C-Antwerpen-West-FH05;19082;FTTH-Cu;;710889;20200622132326;;1630000;10176
1905194;Zoning;6803489;20200127113640;W03-C-Antwerpen-West-FH05;6803489;20200127113640;W03-C-Antwerpen-West-FH05;19082;FTTH-Cu;;644801;20200622132319;;1630000;10176
2068991;Zoning;6803489;20200127113640;W03-C-Antwerpen-West-FH05;6803489;20200127113640;W03-C-Antwerpen-West-FH05;19082;FTTH-Cu;;689711;20200622132319;;1630000;44828
2068992;Zoning;6803489;20200127113640;W03-C-Antwerpen-West-FH05;6803489;20200127113640;W03-C-Antwerpen-West-FH05;19082;FTTH-Cu;;689712;20200622132319;;1630000;44828
57597;Zoning;6803489;20200127113640;W03-C-Antwerpen-West-FH05;6803489;20200127113640;W03-C-Antwerpen-West-FH05;19082;FTTH-Cu;;35730097;20200622132328;;1630000;44828
57598;Zoning;6803489;20200127113640;W03-C-Antwerpen-West-FH05;6803489;20200127113640;W03-C-Antwerpen-West-FH05;19082;FTTH-Cu;;35730096;20200622132328;;1630000;44828
58128;Zoning;6803489;20200127113640;W03-C-Antwerpen-West-FH05;6803489;20200127113640;W03-C-Antwerpen-West-FH05;19082;FTTH-Cu;;35729885;20200909150247;;1630000;17011
4509573;Zoning;6803489;20200127113640;W03-C-Antwerpen-West-FH05;6803489;20200127113640;W03-C-Antwerpen-West-FH05;19082;FTTH-Cu;;35729884;20200909150305;;1630000;17011
4509574;Zoning;6803489;20200127113640;W03-C-Antwerpen-West-FH05;6803489;20200127113640;W03-C-Antwerpen-West-FH05;19082;FTTH-Cu;;706947;20200909150312;;1630000;17011
3927837;Zoning;6803489;20200127113640;W03-C-Antwerpen-West-FH05;6803489;20200127113640;W03-C-Antwerpen-West-FH05;19082;FTTH-Cu;;691015;20200909150357;;1630000;17011
1970267;Zoning;6803489;20200127113640;W03-C-Antwerpen-West-FH05;6803489;20200127113640;W03-C-Antwerpen-West-FH05;19082;FTTH-Cu;;35729883;20200909150405;;1630000;17011
1970273;Zoning;6803489;20200127113640;W03-C-Antwerpen-West-FH05;6803489;20200127113640;W03-C-Antwerpen-West-FH05;19082;FTTH-Cu;;35729882;20200909150424;;1630000;17011
58127;Zoning;6803489;20200127113640;W03-C-Antwerpen-West-FH05;6803489;20200127113640;W03-C-Antwerpen-West-FH05;19082;FTTH-Cu;;714042;20200909150435;;1630000;17011
2045401;Zoning;6803489;20200127113640;W03-C-Antwerpen-West-FH05;6803489;20200127113640;W03-C-Antwerpen-West-FH05;19082;FTTH-Cu;;669520;20200622132321;;1630000;25094
48865;Zoning;6803489;20200127113640;W03-C-Antwerpen-West-FH05;6803489;20200127113640;W03-C-Antwerpen-West-FH05;19082;FTTH-Cu;;710462;20200622132325;;1630000;25094
2045402;Zoning;6803489;20200127113640;W03-C-Antwerpen-West-FH05;6803489;20200127113640;W03-C-Antwerpen-West-FH05;19082;FTTH-Cu;;669521;20200622132321;;1630000;25094
4022866;Zoning;6803489;20200127113640;W03-C-Antwerpen-West-FH05;6803489;20200127113640;W03-C-Antwerpen-West-FH05;19082;FTTH-Cu;;692283;20200622132319;;1630000;25094
5364241;Zoning;6803489;20200127113640;W03-C-Antwerpen-West-FH05;6803489;20200127113640;W03-C-Antwerpen-West-FH05;19082;FTTH-Cu;;710845;20200622132326;;1630000;25094
4512813;Zoning;6803489;20200127113640;W03-C-Antwerpen-West-FH05;6803489;20200127113640;W03-C-Antwerpen-West-FH05;19082;FTTH-Cu;;707346;20200622132324;;1630000;25094
2045403;Zoning;6803489;20200127113640;W03-C-Antwerpen-West-FH05;6803489;20200127113640;W03-C-Antwerpen-West-FH05;19082;FTTH-Cu;;669522;20200622132321;;1630000;25094
2045404;Zoning;6803489;20200127113640;W03-C-Antwerpen-West-FH05;6803489;20200127113640;W03-C-Antwerpen-West-FH05;19082;FTTH-Cu;;669523;20200909133419;;1630000;25094
2045406;Zoning;6803489;20200127113640;W03-C-Antwerpen-West-FH05;6803489;20200127113640;W03-C-Antwerpen-West-FH05;19082;FTTH-Cu;;669524;20200622132321;;1630000;25094
48866;Zoning;6803489;20200127113640;W03-C-Antwerpen-West-FH05;6803489;20200127113640;W03-C-Antwerpen-West-FH05;19082;FTTH-Cu;;35729958;20200909133414;;1630000;25094
2045407;Zoning;6803489;20200127113640;W03-C-Antwerpen-West-FH05;6803489;20200127113640;W03-C-Antwerpen-West-FH05;19082;FTTH-Cu;;669525;20200622132321;;1630000;25094
48867;Zoning;6803489;20200127113640;W03-C-Antwerpen-West-FH05;6803489;20200127113640;W03-C-Antwerpen-West-FH05;19082;FTTH-Cu;;35729957;20200909133410;;1630000;25094
2045408;Zoning;6803489;20200127113640;W03-C-Antwerpen-West-FH05;6803489;20200127113640;W03-C-Antwerpen-West-FH05;19082;FTTH-Cu;;669526;20200909133721;;1630000;25094
4512799;Zoning;6803489;20200127113640;W03-C-Antwerpen-West-FH05;6803489;20200127113640;W03-C-Antwerpen-West-FH05;19082;FTTH-Cu;;35729956;20200909133714;;1630000;25094
48868;Zoning;6803489;20200127113640;W03-C-Antwerpen-West-FH05;6803489;20200127113640;W03-C-Antwerpen-West-FH05;19082;FTTH-Cu;;710463;20200622132325;;1630000;25094
48864;Zoning;6803489;20200127113640;W03-C-Antwerpen-West-FH05;6803489;20200127113640;W03-C-Antwerpen-West-FH05;19082;FTTH-Cu;;710461;20200622132325;;1630000;25094
48863;Zoning;6803489;20200127113640;W03-C-Antwerpen-West-FH05;6803489;20200127113640;W03-C-Antwerpen-West-FH05;19082;FTTH-Cu;;35729955;20200622132327;;1630000;25094
6454854;Zoning;6803489;20200127113640;W03-C-Antwerpen-West-FH05;6803489;20200127113640;W03-C-Antwerpen-West-FH05;19082;FTTH-Cu;;35729791;20200908144816;;1630000;1061
1737788;Zoning;6803489;20200127113640;W03-C-Antwerpen-West-FH05;6803489;20200127113640;W03-C-Antwerpen-West-FH05;19082;FTTH-Cu;;624603;20200622132322;;1630000;1061
44174;Zoning;6803489;20200127113640;W03-C-Antwerpen-West-FH05;6803489;20200127113640;W03-C-Antwerpen-West-FH05;19082;FTTH-Cu;;698629;20200908142115;;1630000;1061
4516887;Zoning;6803489;20200127113640;W03-C-Antwerpen-West-FH05;6803489;20200127113640;W03-C-Antwerpen-West-FH05;19082;FTTH-Cu;;708336;20200908141359;;1630000;1061
972198;Zoning;6803489;20200127113640;W03-C-Antwerpen-West-FH05;6803489;20200127113640;W03-C-Antwerpen-West-FH05;19082;FTTH-Cu;;725941;20200622132324;;1630000;1061
6429835;Zoning;6803489;20200127113640;W03-C-Antwerpen-West-FH05;6803489;20200127113640;W03-C-Antwerpen-West-FH05;19082;FTTH-Cu;;35729793;20200908135111;;1630000;1061
972197;Zoning;6803489;20200127113640;W03-C-Antwerpen-West-FH05;6803489;20200127113640;W03-C-Antwerpen-West-FH05;19082;FTTH-Cu;;725940;20200908135047;;1630000;1061
6328266;Zoning;6803489;20200127113640;W03-C-Antwerpen-West-FH05;6803489;20200127113640;W03-C-Antwerpen-West-FH05;19082;FTTH-Cu;;35729792;20200908132949;;1630000;1061
1737832;Zoning;6803489;20200127113640;W03-C-Antwerpen-West-FH05;6803489;20200127113640;W03-C-Antwerpen-West-FH05;19082;FTTH-Cu;;624646;20200622132322;;1630000;1061
6453964;Zoning;6803489;20200127113640;W03-C-Antwerpen-West-FH05;6803489;20200127113640;W03-C-Antwerpen-West-FH05;19082;FTTH-Cu;;35729790;20200908131845;;1630000;1061
1737839;Zoning;6803489;20200127113640;W03-C-Antwerpen-West-FH05;6803489;20200127113640;W03-C-Antwerpen-West-FH05;19082;FTTH-Cu;;624652;20200908131904;;1630000;1061
1737840;Zoning;6803489;20200127113640;W03-C-Antwerpen-West-FH05;6803489;20200127113640;W03-C-Antwerpen-West-FH05;19082;FTTH-Cu;;624653;20200622132322;;1630000;1061
6438502;Zoning;6803489;20200127113640;W03-C-Antwerpen-West-FH05;6803489;20200127113640;W03-C-Antwerpen-West-FH05;19082;FTTH-Cu;;35729789;20200908131826;;1630000;1061
1737842;Zoning;6803489;20200127113640;W03-C-Antwerpen-West-FH05;6803489;20200127113640;W03-C-Antwerpen-West-FH05;19082;FTTH-Cu;;624655;20200622132322;;1630000;1061
53372;Zoning;6803489;20200127113640;W03-C-Antwerpen-West-FH05;6803489;20200127113640;W03-C-Antwerpen-West-FH05;19082;FTTH-Cu;;710777;20200622132326;;1630000;1061
53370;Zoning;6803489;20200127113640;W03-C-Antwerpen-West-FH05;6803489;20200127113640;W03-C-Antwerpen-West-FH05;19082;FTTH-Cu;;710775;20200622132326;;1630000;1061
53374;Zoning;6803489;20200127113640;W03-C-Antwerpen-West-FH05;6803489;20200127113640;W03-C-Antwerpen-West-FH05;19082;FTTH-Cu;;710779;20200908141603;;1630000;1061
53375;Zoning;6803489;20200127113640;W03-C-Antwerpen-West-FH05;6803489;20200127113640;W03-C-Antwerpen-West-FH05;19082;FTTH-Cu;;710780;20200908141556;;1630000;1061
1101823;Zoning;6803489;20200127113640;W03-C-Antwerpen-West-FH05;6803489;20200127113640;W03-C-Antwerpen-West-FH05;19082;FTTH-Cu;;613080;20200908141547;;1630000;1061
53369;Zoning;6803489;20200127113640;W03-C-Antwerpen-West-FH05;6803489;20200127113640;W03-C-Antwerpen-West-FH05;19082;FTTH-Cu;;710774;20200908141541;;1630000;1061
57996;Zoning;6803489;20200127113640;W03-C-Antwerpen-West-FH05;6803489;20200127113640;W03-C-Antwerpen-West-FH05;19082;FTTH-Cu;;714020;20200622132325;;1630000;16691
12615;Zoning;6803489;20200127113640;W03-C-Antwerpen-West-FH05;6803489;20200127113640;W03-C-Antwerpen-West-FH05;19082;FTTH-Cu;;35729881;20200909150713;;1630000;16691
1968078;Zoning;6803489;20200127113640;W03-C-Antwerpen-West-FH05;6803489;20200127113640;W03-C-Antwerpen-West-FH05;19082;FTTH-Cu;;654006;20200622132317;;1630000;16691
1968090;Zoning;6803489;20200127113640;W03-C-Antwerpen-West-FH05;6803489;20200127113640;W03-C-Antwerpen-West-FH05;19082;FTTH-Cu;;35729880;20200909150720;;1630000;16691
57998;Zoning;6803489;20200127113640;W03-C-Antwerpen-West-FH05;6803489;20200127113640;W03-C-Antwerpen-West-FH05;19082;FTTH-Cu;;714021;20200622132325;;1630000;16691
1968107;Zoning;6803489;20200127113640;W03-C-Antwerpen-West-FH05;6803489;20200127113640;W03-C-Antwerpen-West-FH05;19082;FTTH-Cu;;654007;20200622132317;;1630000;16691
1968112;Zoning;6803489;20200127113640;W03-C-Antwerpen-West-FH05;6803489;20200127113640;W03-C-Antwerpen-West-FH05;19082;FTTH-Cu;;654008;20200622132317;;1630000;16691
57999;Zoning;6803489;20200127113640;W03-C-Antwerpen-West-FH05;6803489;20200127113640;W03-C-Antwerpen-West-FH05;19082;FTTH-Cu;;714022;20200622132325;;1630000;16691
59106;Zoning;6803489;20200127113640;W03-C-Antwerpen-West-FH05;6803489;20200127113640;W03-C-Antwerpen-West-FH05;19082;FTTH-Cu;;714053;20200622132325;;1630000;7076
194844;Zoning;6803489;20200127113640;W03-C-Antwerpen-West-FH05;6803489;20200127113640;W03-C-Antwerpen-West-FH05;19082;FTTH-Cu;;650599;20200909152343;;1630000;7076
1838835;Zoning;6803489;20200127113640;W03-C-Antwerpen-West-FH05;6803489;20200127113640;W03-C-Antwerpen-West-FH05;19082;FTTH-Cu;;638522;20200622132317;;1630000;7076
3921651;Zoning;6803489;20200127113640;W03-C-Antwerpen-West-FH05;6803489;20200127113640;W03-C-Antwerpen-West-FH05;19082;FTTH-Cu;;690870;20200622132319;;1630000;7076
194847;Zoning;6803489;20200127113640;W03-C-Antwerpen-West-FH05;6803489;20200127113640;W03-C-Antwerpen-West-FH05;19082;FTTH-Cu;;650601;20200909152400;;1630000;7076
1838851;Zoning;6803489;20200127113640;W03-C-Antwerpen-West-FH05;6803489;20200127113640;W03-C-Antwerpen-West-FH05;19082;FTTH-Cu;;638523;20200622132318;;1630000;7076
4509648;Zoning;6803489;20200127113640;W03-C-Antwerpen-West-FH05;6803489;20200127113640;W03-C-Antwerpen-West-FH05;19082;FTTH-Cu;;706956;20200622132325;;1630000;7076
1838859;Zoning;6803489;20200127113640;W03-C-Antwerpen-West-FH05;6803489;20200127113640;W03-C-Antwerpen-West-FH05;19082;FTTH-Cu;;638524;20200622132318;;1630000;7076
59105;Zoning;6803489;20200127113640;W03-C-Antwerpen-West-FH05;6803489;20200127113640;W03-C-Antwerpen-West-FH05;19082;FTTH-Cu;;714052;20200622132325;;1630000;7076
1059345;Zoning;6803489;20200127113640;W03-C-Antwerpen-West-FH05;6803489;20200127113640;W03-C-Antwerpen-West-FH05;19082;FTTH-Cu;;612253;20200622132326;;1630000;16463
1965728;Zoning;6803489;20200127113640;W03-C-Antwerpen-West-FH05;6803489;20200127113640;W03-C-Antwerpen-West-FH05;19082;FTTH-Cu;;653651;20200622132314;;1630000;16463
4508288;Zoning;6803489;20200127113640;W03-C-Antwerpen-West-FH05;6803489;20200127113640;W03-C-Antwerpen-West-FH05;19082;FTTH-Cu;;706787;20200622132325;;1630000;16463
1965730;Zoning;6803489;20200127113640;W03-C-Antwerpen-West-FH05;6803489;20200127113640;W03-C-Antwerpen-West-FH05;19082;FTTH-Cu;;653652;20200622132314;;1630000;16463
61769;Zoning;6803489;20200127113640;W03-C-Antwerpen-West-FH05;6803489;20200127113640;W03-C-Antwerpen-West-FH05;19082;FTTH-Cu;;716249;20200622132324;;1630000;16463
1965742;Zoning;6803489;20200127113640;W03-C-Antwerpen-West-FH05;6803489;20200127113640;W03-C-Antwerpen-West-FH05;19082;FTTH-Cu;;653653;20200622132314;;1630000;16463
61768;Zoning;6803489;20200127113640;W03-C-Antwerpen-West-FH05;6803489;20200127113640;W03-C-Antwerpen-West-FH05;19082;FTTH-Cu;;716248;20200909150042;;1630000;16463
1059344;Zoning;6803489;20200127113640;W03-C-Antwerpen-West-FH05;6803489;20200127113640;W03-C-Antwerpen-West-FH05;19082;FTTH-Cu;;612252;20200622132326;;1630000;16463
61749;Zoning;6803489;20200127113640;W03-C-Antwerpen-West-FH05;6803489;20200127113640;W03-C-Antwerpen-West-FH05;19082;FTTH-Cu;;716168;20200909144536;;1630000;22460
2027577;Zoning;6803489;20200127113640;W03-C-Antwerpen-West-FH05;6803489;20200127113640;W03-C-Antwerpen-West-FH05;19082;FTTH-Cu;;35729921;20200909144540;;1630000;22460
2027582;Zoning;6803489;20200127113640;W03-C-Antwerpen-West-FH05;6803489;20200127113640;W03-C-Antwerpen-West-FH05;19082;FTTH-Cu;;35729920;20200909144544;;1630000;22460
2027586;Zoning;6803489;20200127113640;W03-C-Antwerpen-West-FH05;6803489;20200127113640;W03-C-Antwerpen-West-FH05;19082;FTTH-Cu;;664737;20200909144531;;1630000;22460
4508269;Zoning;6803489;20200127113640;W03-C-Antwerpen-West-FH05;6803489;20200127113640;W03-C-Antwerpen-West-FH05;19082;FTTH-Cu;;35729919;20200909144547;;1630000;22460
1091098;Zoning;6803489;20200127113640;W03-C-Antwerpen-West-FH05;6803489;20200127113640;W03-C-Antwerpen-West-FH05;19082;FTTH-Cu;;612748;20200909144551;;1630000;22460
2027599;Zoning;6803489;20200127113640;W03-C-Antwerpen-West-FH05;6803489;20200127113640;W03-C-Antwerpen-West-FH05;19082;FTTH-Cu;;664740;20200909144555;;1630000;22460
2027605;Zoning;6803489;20200127113640;W03-C-Antwerpen-West-FH05;6803489;20200127113640;W03-C-Antwerpen-West-FH05;19082;FTTH-Cu;;664742;20200909144600;;1630000;22460
1091097;Zoning;6803489;20200127113640;W03-C-Antwerpen-West-FH05;6803489;20200127113640;W03-C-Antwerpen-West-FH05;19082;FTTH-Cu;;612747;20200909145105;;1630000;22460
60827;Zoning;6803489;20200127113640;W03-C-Antwerpen-West-FH05;6803489;20200127113640;W03-C-Antwerpen-West-FH05;19082;FTTH-Cu;;714619;20200908143954;;1630000;8489
60830;Zoning;6803489;20200127113640;W03-C-Antwerpen-West-FH05;6803489;20200127113640;W03-C-Antwerpen-West-FH05;19082;FTTH-Cu;;714641;20200622132326;;1630000;8489
1863700;Zoning;6803489;20200127113640;W03-C-Antwerpen-West-FH05;6803489;20200127113640;W03-C-Antwerpen-West-FH05;19082;FTTH-Cu;;641172;20200908143954;;1630000;8489
60831;Zoning;6803489;20200127113640;W03-C-Antwerpen-West-FH05;6803489;20200127113640;W03-C-Antwerpen-West-FH05;19082;FTTH-Cu;;714649;20200908144451;;1630000;8489
1863703;Zoning;6803489;20200127113640;W03-C-Antwerpen-West-FH05;6803489;20200127113640;W03-C-Antwerpen-West-FH05;19082;FTTH-Cu;;641173;20200908143954;;1630000;8489
1863704;Zoning;6803489;20200127113640;W03-C-Antwerpen-West-FH05;6803489;20200127113640;W03-C-Antwerpen-West-FH05;19082;FTTH-Cu;;641174;20200622132318;;1630000;8489
3922671;Zoning;6803489;20200127113640;W03-C-Antwerpen-West-FH05;6803489;20200127113640;W03-C-Antwerpen-West-FH05;19082;FTTH-Cu;;690895;20200908143954;;1630000;8489
1863706;Zoning;6803489;20200127113640;W03-C-Antwerpen-West-FH05;6803489;20200127113640;W03-C-Antwerpen-West-FH05;19082;FTTH-Cu;;641175;20200908144518;;1630000;8489
6448254;Zoning;6803489;20200127113640;W03-C-Antwerpen-West-FH05;6803489;20200127113640;W03-C-Antwerpen-West-FH05;19082;FTTH-Cu;;35730144;20200908144529;;1630000;8489
1863707;Zoning;6803489;20200127113640;W03-C-Antwerpen-West-FH05;6803489;20200127113640;W03-C-Antwerpen-West-FH05;19082;FTTH-Cu;;641176;20200622132318;;1630000;8489
5750560;Zoning;6803489;20200127113640;W03-C-Antwerpen-West-FH05;6803489;20200127113640;W03-C-Antwerpen-West-FH05;19082;FTTH-Cu;;35730145;20200622132328;;1630000;8489
1863717;Zoning;6803489;20200127113640;W03-C-Antwerpen-West-FH05;6803489;20200127113640;W03-C-Antwerpen-West-FH05;19082;FTTH-Cu;;641177;20200622132318;;1630000;8489
1863722;Zoning;6803489;20200127113640;W03-C-Antwerpen-West-FH05;6803489;20200127113640;W03-C-Antwerpen-West-FH05;19082;FTTH-Cu;;641178;20200622132318;;1630000;8489
1863732;Zoning;6803489;20200127113640;W03-C-Antwerpen-West-FH05;6803489;20200127113640;W03-C-Antwerpen-West-FH05;19082;FTTH-Cu;;641179;20200622132318;;1630000;8489
4512870;Zoning;6803489;20200127113640;W03-C-Antwerpen-West-FH05;6803489;20200127113640;W03-C-Antwerpen-West-FH05;19082;FTTH-Cu;;707350;20200908144014;;1630000;8489
4512903;Zoning;6803489;20200127113640;W03-C-Antwerpen-West-FH05;6803489;20200127113640;W03-C-Antwerpen-West-FH05;19082;FTTH-Cu;;707355;20200622132324;;1630000;8489
60828;Zoning;6803489;20200127113640;W03-C-Antwerpen-West-FH05;6803489;20200127113640;W03-C-Antwerpen-West-FH05;19082;FTTH-Cu;;35730146;20200908144020;;1630000;8489
60832;Zoning;6803489;20200127113640;W03-C-Antwerpen-West-FH05;6803489;20200127113640;W03-C-Antwerpen-West-FH05;19082;FTTH-Cu;;714650;20200622132326;;1630000;8489
1974303;Zoning;6803489;20200127113640;W03-C-Antwerpen-West-FH05;6803489;20200127113640;W03-C-Antwerpen-West-FH05;19082;FTTH-Cu;;655031;20200622132317;;1630000;17477
1974305;Zoning;6803489;20200127113640;W03-C-Antwerpen-West-FH05;6803489;20200127113640;W03-C-Antwerpen-West-FH05;19082;FTTH-Cu;;35729887;20200622132329;;1630000;17477
5551615;Zoning;6803489;20200127113640;W03-C-Antwerpen-West-FH05;6803489;20200127113640;W03-C-Antwerpen-West-FH05;19082;FTTH-Cu;;35729886;20200622132329;;1630000;17477
1974307;Zoning;6803489;20200127113640;W03-C-Antwerpen-West-FH05;6803489;20200127113640;W03-C-Antwerpen-West-FH05;19082;FTTH-Cu;;655032;20200622132317;;1630000;17477
1974315;Zoning;6803489;20200127113640;W03-C-Antwerpen-West-FH05;6803489;20200127113640;W03-C-Antwerpen-West-FH05;19082;FTTH-Cu;;655033;20200622132317;;1630000;17477
1974320;Zoning;6803489;20200127113640;W03-C-Antwerpen-West-FH05;6803489;20200127113640;W03-C-Antwerpen-West-FH05;19082;FTTH-Cu;;655034;20200622132317;;1630000;17477
1974329;Zoning;6803489;20200127113640;W03-C-Antwerpen-West-FH05;6803489;20200127113640;W03-C-Antwerpen-West-FH05;19082;FTTH-Cu;;655035;20200622132317;;1630000;17477
6404289;Zoning;6803489;20200127113640;W03-C-Antwerpen-West-FH05;6803489;20200127113640;W03-C-Antwerpen-West-FH05;19082;FTTH-Cu;;35730138;20200622132328;;1630000;7077
1838878;Zoning;6803489;20200127113640;W03-C-Antwerpen-West-FH05;6803489;20200127113640;W03-C-Antwerpen-West-FH05;19082;FTTH-Cu;;638525;20200622132318;;1630000;7077
58134;Zoning;6803489;20200127113640;W03-C-Antwerpen-West-FH05;6803489;20200127113640;W03-C-Antwerpen-West-FH05;19082;FTTH-Cu;;714046;20200622132325;;1630000;7077
5373063;Zoning;6803489;20200127113640;W03-C-Antwerpen-West-FH05;6803489;20200127113640;W03-C-Antwerpen-West-FH05;19082;FTTH-Cu;;710891;20200622132326;;1630000;7077
4509619;Zoning;6803489;20200127113640;W03-C-Antwerpen-West-FH05;6803489;20200127113640;W03-C-Antwerpen-West-FH05;19082;FTTH-Cu;;706952;20200622132325;;1630000;7077
57586;Zoning;6803489;20200127113640;W03-C-Antwerpen-West-FH05;6803489;20200127113640;W03-C-Antwerpen-West-FH05;19082;FTTH-Cu;;713967;20200622132324;;1630000;7077
4509620;Zoning;6803489;20200127113640;W03-C-Antwerpen-West-FH05;6803489;20200127113640;W03-C-Antwerpen-West-FH05;19082;FTTH-Cu;;35730137;20200622132328;;1630000;7077
1838905;Zoning;6803489;20200127113640;W03-C-Antwerpen-West-FH05;6803489;20200127113640;W03-C-Antwerpen-West-FH05;19082;FTTH-Cu;;35730136;20200622132328;;1630000;7077
57585;Zoning;6803489;20200127113640;W03-C-Antwerpen-West-FH05;6803489;20200127113640;W03-C-Antwerpen-West-FH05;19082;FTTH-Cu;;713966;20200622132324;;1630000;7077
1838935;Zoning;6803489;20200127113640;W03-C-Antwerpen-West-FH05;6803489;20200127113640;W03-C-Antwerpen-West-FH05;19082;FTTH-Cu;;638526;20200622132318;;1630000;7077
4509438;Zoning;6803489;20200127113640;W03-C-Antwerpen-West-FH05;6803489;20200127113640;W03-C-Antwerpen-West-FH05;19082;FTTH-Cu;;706935;20200622132325;;1630000;7077
57582;Zoning;6803489;20200127113640;W03-C-Antwerpen-West-FH05;6803489;20200127113640;W03-C-Antwerpen-West-FH05;19082;FTTH-Cu;;713964;20200622132324;;1630000;7077
57648;Zoning;6803489;20200127113640;W03-C-Antwerpen-West-FH05;6803489;20200127113640;W03-C-Antwerpen-West-FH05;19082;FTTH-Cu;;713991;20200622132324;;1630000;16464
1965767;Zoning;6803489;20200127113640;W03-C-Antwerpen-West-FH05;6803489;20200127113640;W03-C-Antwerpen-West-FH05;19082;FTTH-Cu;;653655;20200622132314;;1630000;16464
6394269;Zoning;6803489;20200127113640;W03-C-Antwerpen-West-FH05;6803489;20200127113640;W03-C-Antwerpen-West-FH05;19082;FTTH-Cu;;35729879;20200622132329;;1630000;16464
57651;Zoning;6803489;20200127113640;W03-C-Antwerpen-West-FH05;6803489;20200127113640;W03-C-Antwerpen-West-FH05;19082;FTTH-Cu;;713994;20200622132324;;1630000;16464
59139;Zoning;6803489;20200127113640;W03-C-Antwerpen-West-FH05;6803489;20200127113640;W03-C-Antwerpen-West-FH05;19082;FTTH-Cu;;35729878;20200909145018;;1630000;16464
57650;Zoning;6803489;20200127113640;W03-C-Antwerpen-West-FH05;6803489;20200127113640;W03-C-Antwerpen-West-FH05;19082;FTTH-Cu;;713993;20200622132324;;1630000;16464
1965776;Zoning;6803489;20200127113640;W03-C-Antwerpen-West-FH05;6803489;20200127113640;W03-C-Antwerpen-West-FH05;19082;FTTH-Cu;;653656;20200622132314;;1630000;16464
1965781;Zoning;6803489;20200127113640;W03-C-Antwerpen-West-FH05;6803489;20200127113640;W03-C-Antwerpen-West-FH05;19082;FTTH-Cu;;653657;20200622132314;;1630000;16464
1965783;Zoning;6803489;20200127113640;W03-C-Antwerpen-West-FH05;6803489;20200127113640;W03-C-Antwerpen-West-FH05;19082;FTTH-Cu;;653658;20200622132314;;1630000;16464
1965784;Zoning;6803489;20200127113640;W03-C-Antwerpen-West-FH05;6803489;20200127113640;W03-C-Antwerpen-West-FH05;19082;FTTH-Cu;;653659;20200622132314;;1630000;16464
1965785;Zoning;6803489;20200127113640;W03-C-Antwerpen-West-FH05;6803489;20200127113640;W03-C-Antwerpen-West-FH05;19082;FTTH-Cu;;653660;20200622132314;;1630000;16464
59138;Zoning;6803489;20200127113640;W03-C-Antwerpen-West-FH05;6803489;20200127113640;W03-C-Antwerpen-West-FH05;19082;FTTH-Cu;;714073;20200622132325;;1630000;16464
1965788;Zoning;6803489;20200127113640;W03-C-Antwerpen-West-FH05;6803489;20200127113640;W03-C-Antwerpen-West-FH05;19082;FTTH-Cu;;653661;20200622132314;;1630000;16464
59137;Zoning;6803489;20200127113640;W03-C-Antwerpen-West-FH05;6803489;20200127113640;W03-C-Antwerpen-West-FH05;19082;FTTH-Cu;;714072;20200622132325;;1630000;16464
1965789;Zoning;6803489;20200127113640;W03-C-Antwerpen-West-FH05;6803489;20200127113640;W03-C-Antwerpen-West-FH05;19082;FTTH-Cu;;653662;20200622132314;;1630000;16464
1965792;Zoning;6803489;20200127113640;W03-C-Antwerpen-West-FH05;6803489;20200127113640;W03-C-Antwerpen-West-FH05;19082;FTTH-Cu;;653663;20200622132314;;1630000;16464
1965802;Zoning;6803489;20200127113640;W03-C-Antwerpen-West-FH05;6803489;20200127113640;W03-C-Antwerpen-West-FH05;19082;FTTH-Cu;;653664;20200622132314;;1630000;16464
1965806;Zoning;6803489;20200127113640;W03-C-Antwerpen-West-FH05;6803489;20200127113640;W03-C-Antwerpen-West-FH05;19082;FTTH-Cu;;653665;20200622132314;;1630000;16464
4511392;Zoning;6803489;20200127113640;W03-C-Antwerpen-West-FH05;6803489;20200127113640;W03-C-Antwerpen-West-FH05;19082;FTTH-Cu;;25412390;20200622132327;;1630000;16464
1965814;Zoning;6803489;20200127113640;W03-C-Antwerpen-West-FH05;6803489;20200127113640;W03-C-Antwerpen-West-FH05;19082;FTTH-Cu;;653666;20200622132314;;1630000;16464
1965826;Zoning;6803489;20200127113640;W03-C-Antwerpen-West-FH05;6803489;20200127113640;W03-C-Antwerpen-West-FH05;19082;FTTH-Cu;;653668;20200622132314;;1630000;16464
1965830;Zoning;6803489;20200127113640;W03-C-Antwerpen-West-FH05;6803489;20200127113640;W03-C-Antwerpen-West-FH05;19082;FTTH-Cu;;653669;20200622132314;;1630000;16464
4509691;Zoning;6803489;20200127113640;W03-C-Antwerpen-West-FH05;6803489;20200127113640;W03-C-Antwerpen-West-FH05;19082;FTTH-Cu;;35729877;20200909153104;;1630000;16464
1965839;Zoning;6803489;20200127113640;W03-C-Antwerpen-West-FH05;6803489;20200127113640;W03-C-Antwerpen-West-FH05;19082;FTTH-Cu;;653671;20200622132317;;1630000;16464
1965841;Zoning;6803489;20200127113640;W03-C-Antwerpen-West-FH05;6803489;20200127113640;W03-C-Antwerpen-West-FH05;19082;FTTH-Cu;;653672;20200622132317;;1630000;16464
1965844;Zoning;6803489;20200127113640;W03-C-Antwerpen-West-FH05;6803489;20200127113640;W03-C-Antwerpen-West-FH05;19082;FTTH-Cu;;653673;20200622132317;;1630000;16464
1965852;Zoning;6803489;20200127113640;W03-C-Antwerpen-West-FH05;6803489;20200127113640;W03-C-Antwerpen-West-FH05;19082;FTTH-Cu;;653674;20200622132317;;1630000;16464
1965858;Zoning;6803489;20200127113640;W03-C-Antwerpen-West-FH05;6803489;20200127113640;W03-C-Antwerpen-West-FH05;19082;FTTH-Cu;;653675;20200622132317;;1630000;16464
1965870;Zoning;6803489;20200127113640;W03-C-Antwerpen-West-FH05;6803489;20200127113640;W03-C-Antwerpen-West-FH05;19082;FTTH-Cu;;653676;20200622132317;;1630000;16464
1965879;Zoning;6803489;20200127113640;W03-C-Antwerpen-West-FH05;6803489;20200127113640;W03-C-Antwerpen-West-FH05;19082;FTTH-Cu;;653677;20200622132317;;1630000;16464
1965885;Zoning;6803489;20200127113640;W03-C-Antwerpen-West-FH05;6803489;20200127113640;W03-C-Antwerpen-West-FH05;19082;FTTH-Cu;;35729871;20200622132328;;1630000;16464
59136;Zoning;6803489;20200127113640;W03-C-Antwerpen-West-FH05;6803489;20200127113640;W03-C-Antwerpen-West-FH05;19082;FTTH-Cu;;714071;20200622132325;;1630000;16464
1965895;Zoning;6803489;20200127113640;W03-C-Antwerpen-West-FH05;6803489;20200127113640;W03-C-Antwerpen-West-FH05;19082;FTTH-Cu;;653678;20200909155108;;1630000;16464
61697;Zoning;6803489;20200127113640;W03-C-Antwerpen-West-FH05;6803489;20200127113640;W03-C-Antwerpen-West-FH05;19082;FTTH-Cu;;716065;20200622132324;;1630000;16464
4011913;Zoning;6803489;20200127113640;W03-C-Antwerpen-West-FH05;6803489;20200127113640;W03-C-Antwerpen-West-FH05;19082;FTTH-Cu;;35729876;20200909155114;;1630000;16464
1965911;Zoning;6803489;20200127113640;W03-C-Antwerpen-West-FH05;6803489;20200127113640;W03-C-Antwerpen-West-FH05;19082;FTTH-Cu;;653679;20200622132317;;1630000;16464
3927825;Zoning;6803489;20200127113640;W03-C-Antwerpen-West-FH05;6803489;20200127113640;W03-C-Antwerpen-West-FH05;19082;FTTH-Cu;;35729875;20200909155120;;1630000;16464
1965913;Zoning;6803489;20200127113640;W03-C-Antwerpen-West-FH05;6803489;20200127113640;W03-C-Antwerpen-West-FH05;19082;FTTH-Cu;;653680;20200622132317;;1630000;16464
1965919;Zoning;6803489;20200127113640;W03-C-Antwerpen-West-FH05;6803489;20200127113640;W03-C-Antwerpen-West-FH05;19082;FTTH-Cu;;653681;20200622132317;;1630000;16464
1965937;Zoning;6803489;20200127113640;W03-C-Antwerpen-West-FH05;6803489;20200127113640;W03-C-Antwerpen-West-FH05;19082;FTTH-Cu;;653682;20200622132317;;1630000;16464
1965941;Zoning;6803489;20200127113640;W03-C-Antwerpen-West-FH05;6803489;20200127113640;W03-C-Antwerpen-West-FH05;19082;FTTH-Cu;;653683;20200622132317;;1630000;16464
1965952;Zoning;6803489;20200127113640;W03-C-Antwerpen-West-FH05;6803489;20200127113640;W03-C-Antwerpen-West-FH05;19082;FTTH-Cu;;653684;20200622132317;;1630000;16464
1965962;Zoning;6803489;20200127113640;W03-C-Antwerpen-West-FH05;6803489;20200127113640;W03-C-Antwerpen-West-FH05;19082;FTTH-Cu;;653685;20200622132317;;1630000;16464
1965966;Zoning;6803489;20200127113640;W03-C-Antwerpen-West-FH05;6803489;20200127113640;W03-C-Antwerpen-West-FH05;19082;FTTH-Cu;;653686;20200622132317;;1630000;16464
57649;Zoning;6803489;20200127113640;W03-C-Antwerpen-West-FH05;6803489;20200127113640;W03-C-Antwerpen-West-FH05;19082;FTTH-Cu;;713992;20200622132324;;1630000;16464
1965972;Zoning;6803489;20200127113640;W03-C-Antwerpen-West-FH05;6803489;20200127113640;W03-C-Antwerpen-West-FH05;19082;FTTH-Cu;;653687;20200622132317;;1630000;16464
6443180;Zoning;6803489;20200127113640;W03-C-Antwerpen-West-FH05;6803489;20200127113640;W03-C-Antwerpen-West-FH05;19082;FTTH-Cu;;35729870;20200622132328;;1630000;16464
57652;Zoning;6803489;20200127113640;W03-C-Antwerpen-West-FH05;6803489;20200127113640;W03-C-Antwerpen-West-FH05;19082;FTTH-Cu;;713995;20200622132324;;1630000;16464
1965976;Zoning;6803489;20200127113640;W03-C-Antwerpen-West-FH05;6803489;20200127113640;W03-C-Antwerpen-West-FH05;19082;FTTH-Cu;;653688;20200622132317;;1630000;16464
1965979;Zoning;6803489;20200127113640;W03-C-Antwerpen-West-FH05;6803489;20200127113640;W03-C-Antwerpen-West-FH05;19082;FTTH-Cu;;35729874;20200622132328;;1630000;16464
1965980;Zoning;6803489;20200127113640;W03-C-Antwerpen-West-FH05;6803489;20200127113640;W03-C-Antwerpen-West-FH05;19082;FTTH-Cu;;653689;20200622132317;;1630000;16464
1965982;Zoning;6803489;20200127113640;W03-C-Antwerpen-West-FH05;6803489;20200127113640;W03-C-Antwerpen-West-FH05;19082;FTTH-Cu;;653690;20200622132317;;1630000;16464
4508677;Zoning;6803489;20200127113640;W03-C-Antwerpen-West-FH05;6803489;20200127113640;W03-C-Antwerpen-West-FH05;19082;FTTH-Cu;;35729873;20200622132328;;1630000;16464
1965987;Zoning;6803489;20200127113640;W03-C-Antwerpen-West-FH05;6803489;20200127113640;W03-C-Antwerpen-West-FH05;19082;FTTH-Cu;;653691;20200622132317;;1630000;16464
1965989;Zoning;6803489;20200127113640;W03-C-Antwerpen-West-FH05;6803489;20200127113640;W03-C-Antwerpen-West-FH05;19082;FTTH-Cu;;653692;20200622132317;;1630000;16464
1965997;Zoning;6803489;20200127113640;W03-C-Antwerpen-West-FH05;6803489;20200127113640;W03-C-Antwerpen-West-FH05;19082;FTTH-Cu;;653693;20200622132317;;1630000;16464
4019818;Zoning;6803489;20200127113640;W03-C-Antwerpen-West-FH05;6803489;20200127113640;W03-C-Antwerpen-West-FH05;19082;FTTH-Cu;;35729872;20200622132328;;1630000;16464
61699;Zoning;6803489;20200127113640;W03-C-Antwerpen-West-FH05;6803489;20200127113640;W03-C-Antwerpen-West-FH05;19082;FTTH-Cu;;716067;20200622132324;;1630000;16464
1966000;Zoning;6803489;20200127113640;W03-C-Antwerpen-West-FH05;6803489;20200127113640;W03-C-Antwerpen-West-FH05;19082;FTTH-Cu;;653694;20200622132317;;1630000;16464
1966002;Zoning;6803489;20200127113640;W03-C-Antwerpen-West-FH05;6803489;20200127113640;W03-C-Antwerpen-West-FH05;19082;FTTH-Cu;;653695;20200622132317;;1630000;16464
1966005;Zoning;6803489;20200127113640;W03-C-Antwerpen-West-FH05;6803489;20200127113640;W03-C-Antwerpen-West-FH05;19082;FTTH-Cu;;653696;20200622132317;;1630000;16464
1966011;Zoning;6803489;20200127113640;W03-C-Antwerpen-West-FH05;6803489;20200127113640;W03-C-Antwerpen-West-FH05;19082;FTTH-Cu;;653697;20200622132317;;1630000;16464
61698;Zoning;6803489;20200127113640;W03-C-Antwerpen-West-FH05;6803489;20200127113640;W03-C-Antwerpen-West-FH05;19082;FTTH-Cu;;716066;20200622132324;;1630000;16464
61772;Zoning;6803489;20200127113640;W03-C-Antwerpen-West-FH05;6803489;20200127113640;W03-C-Antwerpen-West-FH05;19082;FTTH-Cu;;716252;20200622132324;;1630000;18312
1986944;Zoning;6803489;20200127113640;W03-C-Antwerpen-West-FH05;6803489;20200127113640;W03-C-Antwerpen-West-FH05;19082;FTTH-Cu;;657940;20200622132319;;1630000;18312
61773;Zoning;6803489;20200127113640;W03-C-Antwerpen-West-FH05;6803489;20200127113640;W03-C-Antwerpen-West-FH05;19082;FTTH-Cu;;716263;20200622132324;;1630000;18312
1492129;Zoning;6803489;20200127113640;W03-C-Antwerpen-West-FH05;6803489;20200127113640;W03-C-Antwerpen-West-FH05;19082;FTTH-Cu;;619007;20200909143514;;1630000;18828
1990853;Zoning;6803489;20200127113640;W03-C-Antwerpen-West-FH05;6803489;20200127113640;W03-C-Antwerpen-West-FH05;19082;FTTH-Cu;;658840;20200909143518;;1630000;18828
1990859;Zoning;6803489;20200127113640;W03-C-Antwerpen-West-FH05;6803489;20200127113640;W03-C-Antwerpen-West-FH05;19082;FTTH-Cu;;35729889;20200909143522;;1630000;18828
1059355;Zoning;6803489;20200127113640;W03-C-Antwerpen-West-FH05;6803489;20200127113640;W03-C-Antwerpen-West-FH05;19082;FTTH-Cu;;612260;20200909143526;;1630000;18828
1059356;Zoning;6803489;20200127113640;W03-C-Antwerpen-West-FH05;6803489;20200127113640;W03-C-Antwerpen-West-FH05;19082;FTTH-Cu;;612261;20200909144441;;1630000;18828
3927938;Zoning;6803489;20200127113640;W03-C-Antwerpen-West-FH05;6803489;20200127113640;W03-C-Antwerpen-West-FH05;19082;FTTH-Cu;;35729888;20200909144436;;1630000;18828
1059362;Zoning;6803489;20200127113640;W03-C-Antwerpen-West-FH05;6803489;20200127113640;W03-C-Antwerpen-West-FH05;19082;FTTH-Cu;;612267;20200622132327;;1630000;19517
48787;Zoning;6803489;20200127113640;W03-C-Antwerpen-West-FH05;6803489;20200127113640;W03-C-Antwerpen-West-FH05;19082;FTTH-Cu;;710425;20200909142418;;1630000;19517
1994951;Zoning;6803489;20200127113640;W03-C-Antwerpen-West-FH05;6803489;20200127113640;W03-C-Antwerpen-West-FH05;19082;FTTH-Cu;;659966;20200622132319;;1630000;19517
48788;Zoning;6803489;20200127113640;W03-C-Antwerpen-West-FH05;6803489;20200127113640;W03-C-Antwerpen-West-FH05;19082;FTTH-Cu;;710426;20200909142430;;1630000;19517
1994954;Zoning;6803489;20200127113640;W03-C-Antwerpen-West-FH05;6803489;20200127113640;W03-C-Antwerpen-West-FH05;19082;FTTH-Cu;;659967;20200622132319;;1630000;19517
1994956;Zoning;6803489;20200127113640;W03-C-Antwerpen-West-FH05;6803489;20200127113640;W03-C-Antwerpen-West-FH05;19082;FTTH-Cu;;35729891;20200909142438;;1630000;19517
1059361;Zoning;6803489;20200127113640;W03-C-Antwerpen-West-FH05;6803489;20200127113640;W03-C-Antwerpen-West-FH05;19082;FTTH-Cu;;612266;20200622132327;;1630000;19517
6654471;Zoning;6803489;20200127113640;W03-C-Antwerpen-West-FH05;6803489;20200127113640;W03-C-Antwerpen-West-FH05;19082;FTTH-Cu;;35729890;20200622132329;;1630000;19517
1059370;Zoning;6803489;20200127113640;W03-C-Antwerpen-West-FH05;6803489;20200127113640;W03-C-Antwerpen-West-FH05;19082;FTTH-Cu;;612274;20200622132326;;1630000;20425
4508293;Zoning;6803489;20200127113640;W03-C-Antwerpen-West-FH05;6803489;20200127113640;W03-C-Antwerpen-West-FH05;19082;FTTH-Cu;;706788;20200622132325;;1630000;20425
2001900;Zoning;6803489;20200127113640;W03-C-Antwerpen-West-FH05;6803489;20200127113640;W03-C-Antwerpen-West-FH05;19082;FTTH-Cu;;661804;20200622132318;;1630000;20425
2001902;Zoning;6803489;20200127113640;W03-C-Antwerpen-West-FH05;6803489;20200127113640;W03-C-Antwerpen-West-FH05;19082;FTTH-Cu;;661805;20200622132318;;1630000;20425
4505399;Zoning;6803489;20200127113640;W03-C-Antwerpen-West-FH05;6803489;20200127113640;W03-C-Antwerpen-West-FH05;19082;FTTH-Cu;;706130;20200622132324;;1630000;20425
61776;Zoning;6803489;20200127113640;W03-C-Antwerpen-West-FH05;6803489;20200127113640;W03-C-Antwerpen-West-FH05;19082;FTTH-Cu;;716278;20200622132324;;1630000;20425
61775;Zoning;6803489;20200127113640;W03-C-Antwerpen-West-FH05;6803489;20200127113640;W03-C-Antwerpen-West-FH05;19082;FTTH-Cu;;716277;20200622132324;;1630000;20425
57647;Zoning;6803489;20200127113640;W03-C-Antwerpen-West-FH05;6803489;20200127113640;W03-C-Antwerpen-West-FH05;19082;FTTH-Cu;;713990;20200622132324;;1630000;20901
1138877;Zoning;6803489;20200127113640;W03-C-Antwerpen-West-FH05;6803489;20200127113640;W03-C-Antwerpen-West-FH05;19082;FTTH-Cu;;613949;20200622132326;;1630000;20901
2012337;Zoning;6803489;20200127113640;W03-C-Antwerpen-West-FH05;6803489;20200127113640;W03-C-Antwerpen-West-FH05;19082;FTTH-Cu;;662568;20200622132318;;1630000;20901
2012434;Zoning;6803489;20200127113640;W03-C-Antwerpen-West-FH05;6803489;20200127113640;W03-C-Antwerpen-West-FH05;19082;FTTH-Cu;;662569;20200622132318;;1630000;20901
2012471;Zoning;6803489;20200127113640;W03-C-Antwerpen-West-FH05;6803489;20200127113640;W03-C-Antwerpen-West-FH05;19082;FTTH-Cu;;662570;20200622132318;;1630000;20901
2012523;Zoning;6803489;20200127113640;W03-C-Antwerpen-West-FH05;6803489;20200127113640;W03-C-Antwerpen-West-FH05;19082;FTTH-Cu;;662572;20200622132318;;1630000;20901
4511382;Zoning;6803489;20200127113640;W03-C-Antwerpen-West-FH05;6803489;20200127113640;W03-C-Antwerpen-West-FH05;19082;FTTH-Cu;;707185;20200622132326;;1630000;20901
3998821;Zoning;6803489;20200127113640;W03-C-Antwerpen-West-FH05;6803489;20200127113640;W03-C-Antwerpen-West-FH05;19082;FTTH-Cu;;691849;20200622132319;;1630000;20901
4511384;Zoning;6803489;20200127113640;W03-C-Antwerpen-West-FH05;6803489;20200127113640;W03-C-Antwerpen-West-FH05;19082;FTTH-Cu;;707186;20200622132326;;1630000;20901
2012694;Zoning;6803489;20200127113640;W03-C-Antwerpen-West-FH05;6803489;20200127113640;W03-C-Antwerpen-West-FH05;19082;FTTH-Cu;;662575;20200909161854;;1630000;20901
2012772;Zoning;6803489;20200127113640;W03-C-Antwerpen-West-FH05;6803489;20200127113640;W03-C-Antwerpen-West-FH05;19082;FTTH-Cu;;35729913;20200909163312;;1630000;20901
57644;Zoning;6803489;20200127113640;W03-C-Antwerpen-West-FH05;6803489;20200127113640;W03-C-Antwerpen-West-FH05;19082;FTTH-Cu;;713987;20200622132324;;1630000;20901
57645;Zoning;6803489;20200127113640;W03-C-Antwerpen-West-FH05;6803489;20200127113640;W03-C-Antwerpen-West-FH05;19082;FTTH-Cu;;713988;20200622132324;;1630000;20901
2012919;Zoning;6803489;20200127113640;W03-C-Antwerpen-West-FH05;6803489;20200127113640;W03-C-Antwerpen-West-FH05;19082;FTTH-Cu;;662579;20200622132318;;1630000;20901
2012966;Zoning;6803489;20200127113640;W03-C-Antwerpen-West-FH05;6803489;20200127113640;W03-C-Antwerpen-West-FH05;19082;FTTH-Cu;;662580;20200622132318;;1630000;20901
2013118;Zoning;6803489;20200127113640;W03-C-Antwerpen-West-FH05;6803489;20200127113640;W03-C-Antwerpen-West-FH05;19082;FTTH-Cu;;662582;20200622132318;;1630000;20901
2013236;Zoning;6803489;20200127113640;W03-C-Antwerpen-West-FH05;6803489;20200127113640;W03-C-Antwerpen-West-FH05;19082;FTTH-Cu;;662586;20200909163359;;1630000;20901
4511333;Zoning;6803489;20200127113640;W03-C-Antwerpen-West-FH05;6803489;20200127113640;W03-C-Antwerpen-West-FH05;19082;FTTH-Cu;;707182;20200622132326;;1630000;20901
2013344;Zoning;6803489;20200127113640;W03-C-Antwerpen-West-FH05;6803489;20200127113640;W03-C-Antwerpen-West-FH05;19082;FTTH-Cu;;662588;20200622132318;;1630000;20901
4511335;Zoning;6803489;20200127113640;W03-C-Antwerpen-West-FH05;6803489;20200127113640;W03-C-Antwerpen-West-FH05;19082;FTTH-Cu;;35729912;20200909163421;;1630000;20901
2013445;Zoning;6803489;20200127113640;W03-C-Antwerpen-West-FH05;6803489;20200127113640;W03-C-Antwerpen-West-FH05;19082;FTTH-Cu;;662590;20200909163433;;1630000;20901
2013472;Zoning;6803489;20200127113640;W03-C-Antwerpen-West-FH05;6803489;20200127113640;W03-C-Antwerpen-West-FH05;19082;FTTH-Cu;;662592;20200909163439;;1630000;20901
4511339;Zoning;6803489;20200127113640;W03-C-Antwerpen-West-FH05;6803489;20200127113640;W03-C-Antwerpen-West-FH05;19082;FTTH-Cu;;707183;20200909163452;;1630000;20901
4511341;Zoning;6803489;20200127113640;W03-C-Antwerpen-West-FH05;6803489;20200127113640;W03-C-Antwerpen-West-FH05;19082;FTTH-Cu;;707184;20200909163523;;1630000;20901
2013507;Zoning;6803489;20200127113640;W03-C-Antwerpen-West-FH05;6803489;20200127113640;W03-C-Antwerpen-West-FH05;19082;FTTH-Cu;;662596;20200909163528;;1630000;20901
2013544;Zoning;6803489;20200127113640;W03-C-Antwerpen-West-FH05;6803489;20200127113640;W03-C-Antwerpen-West-FH05;19082;FTTH-Cu;;662598;20200622132318;;1630000;20901
2013569;Zoning;6803489;20200127113640;W03-C-Antwerpen-West-FH05;6803489;20200127113640;W03-C-Antwerpen-West-FH05;19082;FTTH-Cu;;662599;20200909163536;;1630000;20901
2013570;Zoning;6803489;20200127113640;W03-C-Antwerpen-West-FH05;6803489;20200127113640;W03-C-Antwerpen-West-FH05;19082;FTTH-Cu;;662600;20200909163541;;1630000;20901
2013576;Zoning;6803489;20200127113640;W03-C-Antwerpen-West-FH05;6803489;20200127113640;W03-C-Antwerpen-West-FH05;19082;FTTH-Cu;;662601;20200909163552;;1630000;20901
2013581;Zoning;6803489;20200127113640;W03-C-Antwerpen-West-FH05;6803489;20200127113640;W03-C-Antwerpen-West-FH05;19082;FTTH-Cu;;662602;20200909163559;;1630000;20901
2013587;Zoning;6803489;20200127113640;W03-C-Antwerpen-West-FH05;6803489;20200127113640;W03-C-Antwerpen-West-FH05;19082;FTTH-Cu;;662603;20200909163610;;1630000;20901
2013594;Zoning;6803489;20200127113640;W03-C-Antwerpen-West-FH05;6803489;20200127113640;W03-C-Antwerpen-West-FH05;19082;FTTH-Cu;;662604;20200909163615;;1630000;20901
57646;Zoning;6803489;20200127113640;W03-C-Antwerpen-West-FH05;6803489;20200127113640;W03-C-Antwerpen-West-FH05;19082;FTTH-Cu;;713989;20200909163622;;1630000;20901
61761;Zoning;6803489;20200127113640;W03-C-Antwerpen-West-FH05;6803489;20200127113640;W03-C-Antwerpen-West-FH05;19082;FTTH-Cu;;35729917;20200909150251;;1630000;21618
5373058;Zoning;6803489;20200127113640;W03-C-Antwerpen-West-FH05;6803489;20200127113640;W03-C-Antwerpen-West-FH05;19082;FTTH-Cu;;710890;20200622132326;;1630000;21618
61759;Zoning;6803489;20200127113640;W03-C-Antwerpen-West-FH05;6803489;20200127113640;W03-C-Antwerpen-West-FH05;19082;FTTH-Cu;;35729916;20200909150046;;1630000;21618
2021353;Zoning;6803489;20200127113640;W03-C-Antwerpen-West-FH05;6803489;20200127113640;W03-C-Antwerpen-West-FH05;19082;FTTH-Cu;;35729915;20200622132327;;1630000;21618
61763;Zoning;6803489;20200127113640;W03-C-Antwerpen-West-FH05;6803489;20200127113640;W03-C-Antwerpen-West-FH05;19082;FTTH-Cu;;716245;20200909150247;;1630000;21618
2021356;Zoning;6803489;20200127113640;W03-C-Antwerpen-West-FH05;6803489;20200127113640;W03-C-Antwerpen-West-FH05;19082;FTTH-Cu;;663697;20200622132318;;1630000;21618
2021358;Zoning;6803489;20200127113640;W03-C-Antwerpen-West-FH05;6803489;20200127113640;W03-C-Antwerpen-West-FH05;19082;FTTH-Cu;;663698;20200909150243;;1630000;21618
3928049;Zoning;6803489;20200127113640;W03-C-Antwerpen-West-FH05;6803489;20200127113640;W03-C-Antwerpen-West-FH05;19082;FTTH-Cu;;691107;20200909150107;;1630000;21618
4508296;Zoning;6803489;20200127113640;W03-C-Antwerpen-West-FH05;6803489;20200127113640;W03-C-Antwerpen-West-FH05;19082;FTTH-Cu;;35729914;20200909150239;;1630000;21618
4508281;Zoning;6803489;20200127113640;W03-C-Antwerpen-West-FH05;6803489;20200127113640;W03-C-Antwerpen-West-FH05;19082;FTTH-Cu;;706785;20200909150110;;1630000;21618
2021360;Zoning;6803489;20200127113640;W03-C-Antwerpen-West-FH05;6803489;20200127113640;W03-C-Antwerpen-West-FH05;19082;FTTH-Cu;;663699;20200909150236;;1630000;21618
4508297;Zoning;6803489;20200127113640;W03-C-Antwerpen-West-FH05;6803489;20200127113640;W03-C-Antwerpen-West-FH05;19082;FTTH-Cu;;706789;20200909150232;;1630000;21618
2021365;Zoning;6803489;20200127113640;W03-C-Antwerpen-West-FH05;6803489;20200127113640;W03-C-Antwerpen-West-FH05;19082;FTTH-Cu;;663700;20200909150114;;1630000;21618
61762;Zoning;6803489;20200127113640;W03-C-Antwerpen-West-FH05;6803489;20200127113640;W03-C-Antwerpen-West-FH05;19082;FTTH-Cu;;716244;20200909150228;;1630000;21618
3956506;Zoning;6803489;20200127113640;W03-C-Antwerpen-West-FH05;6803489;20200127113640;W03-C-Antwerpen-West-FH05;19082;FTTH-Cu;;691493;20200622132319;;1630000;21622
6086735;Zoning;6803489;20200127113640;W03-C-Antwerpen-West-FH05;6803489;20200127113640;W03-C-Antwerpen-West-FH05;19082;FTTH-Cu;;35729918;20200622132327;;1630000;21622
58110;Zoning;6803489;20200127113640;W03-C-Antwerpen-West-FH05;6803489;20200127113640;W03-C-Antwerpen-West-FH05;19082;FTTH-Cu;;714031;20200909150440;;1630000;22751
2029209;Zoning;6803489;20200127113640;W03-C-Antwerpen-West-FH05;6803489;20200127113640;W03-C-Antwerpen-West-FH05;19082;FTTH-Cu;;664988;20200622132318;;1630000;22751
2029210;Zoning;6803489;20200127113640;W03-C-Antwerpen-West-FH05;6803489;20200127113640;W03-C-Antwerpen-West-FH05;19082;FTTH-Cu;;664989;20200622132318;;1630000;22751
4509667;Zoning;6803489;20200127113640;W03-C-Antwerpen-West-FH05;6803489;20200127113640;W03-C-Antwerpen-West-FH05;19082;FTTH-Cu;;706960;20200622132325;;1630000;22751
2029211;Zoning;6803489;20200127113640;W03-C-Antwerpen-West-FH05;6803489;20200127113640;W03-C-Antwerpen-West-FH05;19082;FTTH-Cu;;664990;20200622132318;;1630000;22751
2029212;Zoning;6803489;20200127113640;W03-C-Antwerpen-West-FH05;6803489;20200127113640;W03-C-Antwerpen-West-FH05;19082;FTTH-Cu;;664991;20200909145805;;1630000;22751
2029213;Zoning;6803489;20200127113640;W03-C-Antwerpen-West-FH05;6803489;20200127113640;W03-C-Antwerpen-West-FH05;19082;FTTH-Cu;;664992;20200622132318;;1630000;22751
4509669;Zoning;6803489;20200127113640;W03-C-Antwerpen-West-FH05;6803489;20200127113640;W03-C-Antwerpen-West-FH05;19082;FTTH-Cu;;706961;20200909145800;;1630000;22751
58111;Zoning;6803489;20200127113640;W03-C-Antwerpen-West-FH05;6803489;20200127113640;W03-C-Antwerpen-West-FH05;19082;FTTH-Cu;;714032;20200622132325;;1630000;22751
4509670;Zoning;6803489;20200127113640;W03-C-Antwerpen-West-FH05;6803489;20200127113640;W03-C-Antwerpen-West-FH05;19082;FTTH-Cu;;706962;20200909145742;;1630000;22751
60547;Zoning;6803489;20200127113640;W03-C-Antwerpen-West-FH05;6803489;20200127113640;W03-C-Antwerpen-West-FH05;19082;FTTH-Cu;;714382;20200908145630;;1630000;22851
2030148;Zoning;6803489;20200127113640;W03-C-Antwerpen-West-FH05;6803489;20200127113640;W03-C-Antwerpen-West-FH05;19082;FTTH-Cu;;665214;20200908145638;;1630000;22851
2030152;Zoning;6803489;20200127113640;W03-C-Antwerpen-West-FH05;6803489;20200127113640;W03-C-Antwerpen-West-FH05;19082;FTTH-Cu;;665216;20200908145720;;1630000;22851
2030161;Zoning;6803489;20200127113640;W03-C-Antwerpen-West-FH05;6803489;20200127113640;W03-C-Antwerpen-West-FH05;19082;FTTH-Cu;;35729923;20200908145726;;1630000;22851
2030165;Zoning;6803489;20200127113640;W03-C-Antwerpen-West-FH05;6803489;20200127113640;W03-C-Antwerpen-West-FH05;19082;FTTH-Cu;;665219;20200622132318;;1630000;22851
4097289;Zoning;6803489;20200127113640;W03-C-Antwerpen-West-FH05;6803489;20200127113640;W03-C-Antwerpen-West-FH05;19082;FTTH-Cu;;693483;20200908145737;;1630000;22851
2030232;Zoning;6803489;20200127113640;W03-C-Antwerpen-West-FH05;6803489;20200127113640;W03-C-Antwerpen-West-FH05;19082;FTTH-Cu;;665220;20200908145758;;1630000;22851
2030233;Zoning;6803489;20200127113640;W03-C-Antwerpen-West-FH05;6803489;20200127113640;W03-C-Antwerpen-West-FH05;19082;FTTH-Cu;;665221;20200908145805;;1630000;22851
4504829;Zoning;6803489;20200127113640;W03-C-Antwerpen-West-FH05;6803489;20200127113640;W03-C-Antwerpen-West-FH05;19082;FTTH-Cu;;705966;20200908145810;;1630000;22851
4504830;Zoning;6803489;20200127113640;W03-C-Antwerpen-West-FH05;6803489;20200127113640;W03-C-Antwerpen-West-FH05;19082;FTTH-Cu;;705967;20200908145817;;1630000;22851
4504831;Zoning;6803489;20200127113640;W03-C-Antwerpen-West-FH05;6803489;20200127113640;W03-C-Antwerpen-West-FH05;19082;FTTH-Cu;;705968;20200622132326;;1630000;22851
2030240;Zoning;6803489;20200127113640;W03-C-Antwerpen-West-FH05;6803489;20200127113640;W03-C-Antwerpen-West-FH05;19082;FTTH-Cu;;665223;20200908145845;;1630000;22851
60546;Zoning;6803489;20200127113640;W03-C-Antwerpen-West-FH05;6803489;20200127113640;W03-C-Antwerpen-West-FH05;19082;FTTH-Cu;;35729922;20200622132327;;1630000;22851
58002;Zoning;6803489;20200127113640;W03-C-Antwerpen-West-FH05;6803489;20200127113640;W03-C-Antwerpen-West-FH05;19082;FTTH-Cu;;714024;20200622132325;;1630000;23360
1091146;Zoning;6803489;20200127113640;W03-C-Antwerpen-West-FH05;6803489;20200127113640;W03-C-Antwerpen-West-FH05;19082;FTTH-Cu;;612757;20200622132326;;1630000;23360
2034591;Zoning;6803489;20200127113640;W03-C-Antwerpen-West-FH05;6803489;20200127113640;W03-C-Antwerpen-West-FH05;19082;FTTH-Cu;;666140;20200622132321;;1630000;23360
2034593;Zoning;6803489;20200127113640;W03-C-Antwerpen-West-FH05;6803489;20200127113640;W03-C-Antwerpen-West-FH05;19082;FTTH-Cu;;666141;20200622132321;;1630000;23360
58001;Zoning;6803489;20200127113640;W03-C-Antwerpen-West-FH05;6803489;20200127113640;W03-C-Antwerpen-West-FH05;19082;FTTH-Cu;;714023;20200622132325;;1630000;23360
58019;Zoning;6803489;20200127113640;W03-C-Antwerpen-West-FH05;6803489;20200127113640;W03-C-Antwerpen-West-FH05;19082;FTTH-Cu;;35729934;20200622132327;;1630000;23442
2035218;Zoning;6803489;20200127113640;W03-C-Antwerpen-West-FH05;6803489;20200127113640;W03-C-Antwerpen-West-FH05;19082;FTTH-Cu;;666301;20200622132321;;1630000;23442
58018;Zoning;6803489;20200127113640;W03-C-Antwerpen-West-FH05;6803489;20200127113640;W03-C-Antwerpen-West-FH05;19082;FTTH-Cu;;35729933;20200622132327;;1630000;23442
2035228;Zoning;6803489;20200127113640;W03-C-Antwerpen-West-FH05;6803489;20200127113640;W03-C-Antwerpen-West-FH05;19082;FTTH-Cu;;35729932;20200622132327;;1630000;23442
57592;Zoning;6803489;20200127113640;W03-C-Antwerpen-West-FH05;6803489;20200127113640;W03-C-Antwerpen-West-FH05;19082;FTTH-Cu;;35729931;20200622132327;;1630000;23442
4509393;Zoning;6803489;20200127113640;W03-C-Antwerpen-West-FH05;6803489;20200127113640;W03-C-Antwerpen-West-FH05;19082;FTTH-Cu;;35729930;20200622132327;;1630000;23442
2035234;Zoning;6803489;20200127113640;W03-C-Antwerpen-West-FH05;6803489;20200127113640;W03-C-Antwerpen-West-FH05;19082;FTTH-Cu;;35729929;20200622132327;;1630000;23442
5445978;Zoning;6803489;20200127113640;W03-C-Antwerpen-West-FH05;6803489;20200127113640;W03-C-Antwerpen-West-FH05;19082;FTTH-Cu;;711623;20200622132325;;1630000;23442
57591;Zoning;6803489;20200127113640;W03-C-Antwerpen-West-FH05;6803489;20200127113640;W03-C-Antwerpen-West-FH05;19082;FTTH-Cu;;713968;20200622132324;;1630000;23442
5445979;Zoning;6803489;20200127113640;W03-C-Antwerpen-West-FH05;6803489;20200127113640;W03-C-Antwerpen-West-FH05;19082;FTTH-Cu;;711624;20200622132325;;1630000;23442
5413787;Zoning;6803489;20200127113640;W03-C-Antwerpen-West-FH05;6803489;20200127113640;W03-C-Antwerpen-West-FH05;19082;FTTH-Cu;;711317;20200622132324;;1630000;23442
2035245;Zoning;6803489;20200127113640;W03-C-Antwerpen-West-FH05;6803489;20200127113640;W03-C-Antwerpen-West-FH05;19082;FTTH-Cu;;666302;20200622132321;;1630000;23442
57594;Zoning;6803489;20200127113640;W03-C-Antwerpen-West-FH05;6803489;20200127113640;W03-C-Antwerpen-West-FH05;19082;FTTH-Cu;;713969;20200622132324;;1630000;23442
57600;Zoning;6803489;20200127113640;W03-C-Antwerpen-West-FH05;6803489;20200127113640;W03-C-Antwerpen-West-FH05;19082;FTTH-Cu;;35729928;20200622132327;;1630000;23442
61705;Zoning;6803489;20200127113640;W03-C-Antwerpen-West-FH05;6803489;20200127113640;W03-C-Antwerpen-West-FH05;19082;FTTH-Cu;;716091;20200622132324;;1630000;23442
2035255;Zoning;6803489;20200127113640;W03-C-Antwerpen-West-FH05;6803489;20200127113640;W03-C-Antwerpen-West-FH05;19082;FTTH-Cu;;666303;20200622132321;;1630000;23442
61707;Zoning;6803489;20200127113640;W03-C-Antwerpen-West-FH05;6803489;20200127113640;W03-C-Antwerpen-West-FH05;19082;FTTH-Cu;;716108;20200622132324;;1630000;23442
2035258;Zoning;6803489;20200127113640;W03-C-Antwerpen-West-FH05;6803489;20200127113640;W03-C-Antwerpen-West-FH05;19082;FTTH-Cu;;666304;20200622132321;;1630000;23442
4508681;Zoning;6803489;20200127113640;W03-C-Antwerpen-West-FH05;6803489;20200127113640;W03-C-Antwerpen-West-FH05;19082;FTTH-Cu;;706854;20200622132325;;1630000;23442
2035261;Zoning;6803489;20200127113640;W03-C-Antwerpen-West-FH05;6803489;20200127113640;W03-C-Antwerpen-West-FH05;19082;FTTH-Cu;;666305;20200622132321;;1630000;23442
2035264;Zoning;6803489;20200127113640;W03-C-Antwerpen-West-FH05;6803489;20200127113640;W03-C-Antwerpen-West-FH05;19082;FTTH-Cu;;666306;20200622132321;;1630000;23442
1059327;Zoning;6803489;20200127113640;W03-C-Antwerpen-West-FH05;6803489;20200127113640;W03-C-Antwerpen-West-FH05;19082;FTTH-Cu;;612237;20200622132326;;1630000;23442
2035270;Zoning;6803489;20200127113640;W03-C-Antwerpen-West-FH05;6803489;20200127113640;W03-C-Antwerpen-West-FH05;19082;FTTH-Cu;;666307;20200622132321;;1630000;23442
2035277;Zoning;6803489;20200127113640;W03-C-Antwerpen-West-FH05;6803489;20200127113640;W03-C-Antwerpen-West-FH05;19082;FTTH-Cu;;666308;20200622132321;;1630000;23442
2035280;Zoning;6803489;20200127113640;W03-C-Antwerpen-West-FH05;6803489;20200127113640;W03-C-Antwerpen-West-FH05;19082;FTTH-Cu;;666309;20200622132321;;1630000;23442
1059329;Zoning;6803489;20200127113640;W03-C-Antwerpen-West-FH05;6803489;20200127113640;W03-C-Antwerpen-West-FH05;19082;FTTH-Cu;;35729927;20200622132327;;1630000;23442
2035284;Zoning;6803489;20200127113640;W03-C-Antwerpen-West-FH05;6803489;20200127113640;W03-C-Antwerpen-West-FH05;19082;FTTH-Cu;;666310;20200622132321;;1630000;23442
5576087;Zoning;6803489;20200127113640;W03-C-Antwerpen-West-FH05;6803489;20200127113640;W03-C-Antwerpen-West-FH05;19082;FTTH-Cu;;35729926;20200622132327;;1630000;23442
61706;Zoning;6803489;20200127113640;W03-C-Antwerpen-West-FH05;6803489;20200127113640;W03-C-Antwerpen-West-FH05;19082;FTTH-Cu;;716102;20200622132324;;1630000;23442
1059328;Zoning;6803489;20200127113640;W03-C-Antwerpen-West-FH05;6803489;20200127113640;W03-C-Antwerpen-West-FH05;19082;FTTH-Cu;;612238;20200622132326;;1630000;23442
2035292;Zoning;6803489;20200127113640;W03-C-Antwerpen-West-FH05;6803489;20200127113640;W03-C-Antwerpen-West-FH05;19082;FTTH-Cu;;666311;20200622132321;;1630000;23442
2035294;Zoning;6803489;20200127113640;W03-C-Antwerpen-West-FH05;6803489;20200127113640;W03-C-Antwerpen-West-FH05;19082;FTTH-Cu;;666312;20200622132321;;1630000;23442
1059323;Zoning;6803489;20200127113640;W03-C-Antwerpen-West-FH05;6803489;20200127113640;W03-C-Antwerpen-West-FH05;19082;FTTH-Cu;;612233;20200622132326;;1630000;23442
1059324;Zoning;6803489;20200127113640;W03-C-Antwerpen-West-FH05;6803489;20200127113640;W03-C-Antwerpen-West-FH05;19082;FTTH-Cu;;612234;20200622132326;;1630000;23442
4505421;Zoning;6803489;20200127113640;W03-C-Antwerpen-West-FH05;6803489;20200127113640;W03-C-Antwerpen-West-FH05;19082;FTTH-Cu;;706147;20200622132324;;1630000;23442
2035301;Zoning;6803489;20200127113640;W03-C-Antwerpen-West-FH05;6803489;20200127113640;W03-C-Antwerpen-West-FH05;19082;FTTH-Cu;;666313;20200622132321;;1630000;23442
2035304;Zoning;6803489;20200127113640;W03-C-Antwerpen-West-FH05;6803489;20200127113640;W03-C-Antwerpen-West-FH05;19082;FTTH-Cu;;666314;20200622132321;;1630000;23442
2035306;Zoning;6803489;20200127113640;W03-C-Antwerpen-West-FH05;6803489;20200127113640;W03-C-Antwerpen-West-FH05;19082;FTTH-Cu;;666315;20200622132321;;1630000;23442
6019961;Zoning;6803489;20200127113640;W03-C-Antwerpen-West-FH05;6803489;20200127113640;W03-C-Antwerpen-West-FH05;19082;FTTH-Cu;;35729924;20200622132327;;1630000;23442
1059325;Zoning;6803489;20200127113640;W03-C-Antwerpen-West-FH05;6803489;20200127113640;W03-C-Antwerpen-West-FH05;19082;FTTH-Cu;;612235;20200622132326;;1630000;23442
6086672;Zoning;6803489;20200127113640;W03-C-Antwerpen-West-FH05;6803489;20200127113640;W03-C-Antwerpen-West-FH05;19082;FTTH-Cu;;35729925;20200622132327;;1630000;23442
56531;Zoning;6803489;20200127113640;W03-C-Antwerpen-West-FH05;6803489;20200127113640;W03-C-Antwerpen-West-FH05;19082;FTTH-Cu;;712625;20200622132324;;1630000;16726
1968725;Zoning;6803489;20200127113640;W03-C-Antwerpen-West-FH05;6803489;20200127113640;W03-C-Antwerpen-West-FH05;19082;FTTH-Cu;;654109;20200909133914;;1630000;16726
1968728;Zoning;6803489;20200127113640;W03-C-Antwerpen-West-FH05;6803489;20200127113640;W03-C-Antwerpen-West-FH05;19082;FTTH-Cu;;654110;20200909133918;;1630000;16726
1968736;Zoning;6803489;20200127113640;W03-C-Antwerpen-West-FH05;6803489;20200127113640;W03-C-Antwerpen-West-FH05;19082;FTTH-Cu;;654112;20200909133923;;1630000;16726
4512188;Zoning;6803489;20200127113640;W03-C-Antwerpen-West-FH05;6803489;20200127113640;W03-C-Antwerpen-West-FH05;19082;FTTH-Cu;;707268;20200909133927;;1630000;16726
1968745;Zoning;6803489;20200127113640;W03-C-Antwerpen-West-FH05;6803489;20200127113640;W03-C-Antwerpen-West-FH05;19082;FTTH-Cu;;654115;20200909133932;;1630000;16726
1968751;Zoning;6803489;20200127113640;W03-C-Antwerpen-West-FH05;6803489;20200127113640;W03-C-Antwerpen-West-FH05;19082;FTTH-Cu;;654117;20200909133937;;1630000;16726
56534;Zoning;6803489;20200127113640;W03-C-Antwerpen-West-FH05;6803489;20200127113640;W03-C-Antwerpen-West-FH05;19082;FTTH-Cu;;712628;20200909134359;;1630000;16726
1968772;Zoning;6803489;20200127113640;W03-C-Antwerpen-West-FH05;6803489;20200127113640;W03-C-Antwerpen-West-FH05;19082;FTTH-Cu;;654120;20200622132317;;1630000;16726
1968776;Zoning;6803489;20200127113640;W03-C-Antwerpen-West-FH05;6803489;20200127113640;W03-C-Antwerpen-West-FH05;19082;FTTH-Cu;;654121;20200622132317;;1630000;16726
1968785;Zoning;6803489;20200127113640;W03-C-Antwerpen-West-FH05;6803489;20200127113640;W03-C-Antwerpen-West-FH05;19082;FTTH-Cu;;654122;20200622132317;;1630000;16726
1968794;Zoning;6803489;20200127113640;W03-C-Antwerpen-West-FH05;6803489;20200127113640;W03-C-Antwerpen-West-FH05;19082;FTTH-Cu;;654123;20200622132317;;1630000;16726
1968801;Zoning;6803489;20200127113640;W03-C-Antwerpen-West-FH05;6803489;20200127113640;W03-C-Antwerpen-West-FH05;19082;FTTH-Cu;;654124;20200909134354;;1630000;16726
56536;Zoning;6803489;20200127113640;W03-C-Antwerpen-West-FH05;6803489;20200127113640;W03-C-Antwerpen-West-FH05;19082;FTTH-Cu;;712630;20200622132324;;1630000;16726
56537;Zoning;6803489;20200127113640;W03-C-Antwerpen-West-FH05;6803489;20200127113640;W03-C-Antwerpen-West-FH05;19082;FTTH-Cu;;712631;20200909134527;;1630000;16726
1968843;Zoning;6803489;20200127113640;W03-C-Antwerpen-West-FH05;6803489;20200127113640;W03-C-Antwerpen-West-FH05;19082;FTTH-Cu;;654128;20200909134521;;1630000;16726
1968847;Zoning;6803489;20200127113640;W03-C-Antwerpen-West-FH05;6803489;20200127113640;W03-C-Antwerpen-West-FH05;19082;FTTH-Cu;;654129;20200909134531;;1630000;16726
1968872;Zoning;6803489;20200127113640;W03-C-Antwerpen-West-FH05;6803489;20200127113640;W03-C-Antwerpen-West-FH05;19082;FTTH-Cu;;654131;20200909134548;;1630000;16726
1968877;Zoning;6803489;20200127113640;W03-C-Antwerpen-West-FH05;6803489;20200127113640;W03-C-Antwerpen-West-FH05;19082;FTTH-Cu;;654132;20200909134555;;1630000;16726
1968885;Zoning;6803489;20200127113640;W03-C-Antwerpen-West-FH05;6803489;20200127113640;W03-C-Antwerpen-West-FH05;19082;FTTH-Cu;;654133;20200909134608;;1630000;16726
1968889;Zoning;6803489;20200127113640;W03-C-Antwerpen-West-FH05;6803489;20200127113640;W03-C-Antwerpen-West-FH05;19082;FTTH-Cu;;654134;20200909134611;;1630000;16726
1968895;Zoning;6803489;20200127113640;W03-C-Antwerpen-West-FH05;6803489;20200127113640;W03-C-Antwerpen-West-FH05;19082;FTTH-Cu;;654136;20200909134616;;1630000;16726
1968910;Zoning;6803489;20200127113640;W03-C-Antwerpen-West-FH05;6803489;20200127113640;W03-C-Antwerpen-West-FH05;19082;FTTH-Cu;;654139;20200909134620;;1630000;16726
60727;Zoning;6803489;20200127113640;W03-C-Antwerpen-West-FH05;6803489;20200127113640;W03-C-Antwerpen-West-FH05;19082;FTTH-Cu;;714441;20200909134630;;1630000;16726
1968945;Zoning;6803489;20200127113640;W03-C-Antwerpen-West-FH05;6803489;20200127113640;W03-C-Antwerpen-West-FH05;19082;FTTH-Cu;;654140;20200909134634;;1630000;16726
1968956;Zoning;6803489;20200127113640;W03-C-Antwerpen-West-FH05;6803489;20200127113640;W03-C-Antwerpen-West-FH05;19082;FTTH-Cu;;654141;20200622132317;;1630000;16726
1968964;Zoning;6803489;20200127113640;W03-C-Antwerpen-West-FH05;6803489;20200127113640;W03-C-Antwerpen-West-FH05;19082;FTTH-Cu;;654142;20200622132317;;1630000;16726
1968967;Zoning;6803489;20200127113640;W03-C-Antwerpen-West-FH05;6803489;20200127113640;W03-C-Antwerpen-West-FH05;19082;FTTH-Cu;;654144;20200909134639;;1630000;16726
56532;Zoning;6803489;20200127113640;W03-C-Antwerpen-West-FH05;6803489;20200127113640;W03-C-Antwerpen-West-FH05;19082;FTTH-Cu;;712626;20200622132324;;1630000;16726
60726;Zoning;6803489;20200127113640;W03-C-Antwerpen-West-FH05;6803489;20200127113640;W03-C-Antwerpen-West-FH05;19082;FTTH-Cu;;714440;20200622132326;;1630000;16726
5576092;Zoning;6803489;20200127113640;W03-C-Antwerpen-West-FH05;6803489;20200127113640;W03-C-Antwerpen-West-FH05;19082;FTTH-Cu;;712472;20200910091622;;1630000;23544
57663;Zoning;6803489;20200127113640;W03-C-Antwerpen-West-FH05;6803489;20200127113640;W03-C-Antwerpen-West-FH05;19082;FTTH-Cu;;714003;20200622132324;;1630000;23544
61704;Zoning;6803489;20200127113640;W03-C-Antwerpen-West-FH05;6803489;20200127113640;W03-C-Antwerpen-West-FH05;19082;FTTH-Cu;;35729936;20200910091627;;1630000;23544
2036579;Zoning;6803489;20200127113640;W03-C-Antwerpen-West-FH05;6803489;20200127113640;W03-C-Antwerpen-West-FH05;19082;FTTH-Cu;;666585;20200622132321;;1630000;23544
1454878;Zoning;6803489;20200127113640;W03-C-Antwerpen-West-FH05;6803489;20200127113640;W03-C-Antwerpen-West-FH05;19082;FTTH-Cu;;618404;20200622132327;;1630000;23544
2036586;Zoning;6803489;20200127113640;W03-C-Antwerpen-West-FH05;6803489;20200127113640;W03-C-Antwerpen-West-FH05;19082;FTTH-Cu;;666587;20200622132321;;1630000;23544
57664;Zoning;6803489;20200127113640;W03-C-Antwerpen-West-FH05;6803489;20200127113640;W03-C-Antwerpen-West-FH05;19082;FTTH-Cu;;714004;20200622132324;;1630000;23544
2036588;Zoning;6803489;20200127113640;W03-C-Antwerpen-West-FH05;6803489;20200127113640;W03-C-Antwerpen-West-FH05;19082;FTTH-Cu;;666588;20200622132321;;1630000;23544
57662;Zoning;6803489;20200127113640;W03-C-Antwerpen-West-FH05;6803489;20200127113640;W03-C-Antwerpen-West-FH05;19082;FTTH-Cu;;714002;20200622132324;;1630000;23544
2036593;Zoning;6803489;20200127113640;W03-C-Antwerpen-West-FH05;6803489;20200127113640;W03-C-Antwerpen-West-FH05;19082;FTTH-Cu;;35729935;20200910091524;;1630000;23544
2039307;Zoning;6803489;20200127113640;W03-C-Antwerpen-West-FH05;6803489;20200127113640;W03-C-Antwerpen-West-FH05;19082;FTTH-Cu;;667194;20200622132321;;1630000;23781
43983;Zoning;6803489;20200127113640;W03-C-Antwerpen-West-FH05;6803489;20200127113640;W03-C-Antwerpen-West-FH05;19082;FTTH-Cu;;35729937;20200622132327;;1630000;23781
2039309;Zoning;6803489;20200127113640;W03-C-Antwerpen-West-FH05;6803489;20200127113640;W03-C-Antwerpen-West-FH05;19082;FTTH-Cu;;667195;20200622132321;;1630000;23781
56523;Zoning;6803489;20200127113640;W03-C-Antwerpen-West-FH05;6803489;20200127113640;W03-C-Antwerpen-West-FH05;19082;FTTH-Cu;;712618;20200622132324;;1630000;24270
4512181;Zoning;6803489;20200127113640;W03-C-Antwerpen-West-FH05;6803489;20200127113640;W03-C-Antwerpen-West-FH05;19082;FTTH-Cu;;707266;20200622132326;;1630000;24270
4081905;Zoning;6803489;20200127113640;W03-C-Antwerpen-West-FH05;6803489;20200127113640;W03-C-Antwerpen-West-FH05;19082;FTTH-Cu;;693298;20200909134341;;1630000;24270
2043165;Zoning;6803489;20200127113640;W03-C-Antwerpen-West-FH05;6803489;20200127113640;W03-C-Antwerpen-West-FH05;19082;FTTH-Cu;;668201;20200622132321;;1630000;24270
2043173;Zoning;6803489;20200127113640;W03-C-Antwerpen-West-FH05;6803489;20200127113640;W03-C-Antwerpen-West-FH05;19082;FTTH-Cu;;668202;20200622132321;;1630000;24270
2043175;Zoning;6803489;20200127113640;W03-C-Antwerpen-West-FH05;6803489;20200127113640;W03-C-Antwerpen-West-FH05;19082;FTTH-Cu;;668203;20200909134330;;1630000;24270
2043178;Zoning;6803489;20200127113640;W03-C-Antwerpen-West-FH05;6803489;20200127113640;W03-C-Antwerpen-West-FH05;19082;FTTH-Cu;;668204;20200622132321;;1630000;24270
4512190;Zoning;6803489;20200127113640;W03-C-Antwerpen-West-FH05;6803489;20200127113640;W03-C-Antwerpen-West-FH05;19082;FTTH-Cu;;707269;20200622132326;;1630000;24270
2043181;Zoning;6803489;20200127113640;W03-C-Antwerpen-West-FH05;6803489;20200127113640;W03-C-Antwerpen-West-FH05;19082;FTTH-Cu;;668205;20200622132321;;1630000;24270
56520;Zoning;6803489;20200127113640;W03-C-Antwerpen-West-FH05;6803489;20200127113640;W03-C-Antwerpen-West-FH05;19082;FTTH-Cu;;712617;20200622132324;;1630000;24270
2043186;Zoning;6803489;20200127113640;W03-C-Antwerpen-West-FH05;6803489;20200127113640;W03-C-Antwerpen-West-FH05;19082;FTTH-Cu;;35729942;20200909134319;;1630000;24270
56527;Zoning;6803489;20200127113640;W03-C-Antwerpen-West-FH05;6803489;20200127113640;W03-C-Antwerpen-West-FH05;19082;FTTH-Cu;;712622;20200622132324;;1630000;24270
2043194;Zoning;6803489;20200127113640;W03-C-Antwerpen-West-FH05;6803489;20200127113640;W03-C-Antwerpen-West-FH05;19082;FTTH-Cu;;668206;20200622132321;;1630000;24270
56525;Zoning;6803489;20200127113640;W03-C-Antwerpen-West-FH05;6803489;20200127113640;W03-C-Antwerpen-West-FH05;19082;FTTH-Cu;;712620;20200622132324;;1630000;24270
2043199;Zoning;6803489;20200127113640;W03-C-Antwerpen-West-FH05;6803489;20200127113640;W03-C-Antwerpen-West-FH05;19082;FTTH-Cu;;668207;20200622132321;;1630000;24270
2043202;Zoning;6803489;20200127113640;W03-C-Antwerpen-West-FH05;6803489;20200127113640;W03-C-Antwerpen-West-FH05;19082;FTTH-Cu;;668208;20200909134305;;1630000;24270
4512186;Zoning;6803489;20200127113640;W03-C-Antwerpen-West-FH05;6803489;20200127113640;W03-C-Antwerpen-West-FH05;19082;FTTH-Cu;;707267;20200622132326;;1630000;24270
2043205;Zoning;6803489;20200127113640;W03-C-Antwerpen-West-FH05;6803489;20200127113640;W03-C-Antwerpen-West-FH05;19082;FTTH-Cu;;668209;20200909134302;;1630000;24270
2043207;Zoning;6803489;20200127113640;W03-C-Antwerpen-West-FH05;6803489;20200127113640;W03-C-Antwerpen-West-FH05;19082;FTTH-Cu;;668210;20200622132321;;1630000;24270
56526;Zoning;6803489;20200127113640;W03-C-Antwerpen-West-FH05;6803489;20200127113640;W03-C-Antwerpen-West-FH05;19082;FTTH-Cu;;712621;20200622132324;;1630000;24270
2043214;Zoning;6803489;20200127113640;W03-C-Antwerpen-West-FH05;6803489;20200127113640;W03-C-Antwerpen-West-FH05;19082;FTTH-Cu;;668212;20200909134253;;1630000;24270
2043217;Zoning;6803489;20200127113640;W03-C-Antwerpen-West-FH05;6803489;20200127113640;W03-C-Antwerpen-West-FH05;19082;FTTH-Cu;;668213;20200909134249;;1630000;24270
56524;Zoning;6803489;20200127113640;W03-C-Antwerpen-West-FH05;6803489;20200127113640;W03-C-Antwerpen-West-FH05;19082;FTTH-Cu;;712619;20200622132324;;1630000;24270
2043221;Zoning;6803489;20200127113640;W03-C-Antwerpen-West-FH05;6803489;20200127113640;W03-C-Antwerpen-West-FH05;19082;FTTH-Cu;;35729941;20200909134229;;1630000;24270
2044832;Zoning;6803489;20200127113640;W03-C-Antwerpen-West-FH05;6803489;20200127113640;W03-C-Antwerpen-West-FH05;19082;FTTH-Cu;;669006;20200908145235;;1630000;24684
4052627;Zoning;6803489;20200127113640;W03-C-Antwerpen-West-FH05;6803489;20200127113640;W03-C-Antwerpen-West-FH05;19082;FTTH-Cu;;692808;20200908145235;;1630000;24684
2044833;Zoning;6803489;20200127113640;W03-C-Antwerpen-West-FH05;6803489;20200127113640;W03-C-Antwerpen-West-FH05;19082;FTTH-Cu;;669007;20200908145235;;1630000;24684
2044834;Zoning;6803489;20200127113640;W03-C-Antwerpen-West-FH05;6803489;20200127113640;W03-C-Antwerpen-West-FH05;19082;FTTH-Cu;;669008;20200622132321;;1630000;24684
1289706;Zoning;6803489;20200127113640;W03-C-Antwerpen-West-FH05;6803489;20200127113640;W03-C-Antwerpen-West-FH05;19082;FTTH-Cu;;615670;20200622132327;;1630000;24684
2044835;Zoning;6803489;20200127113640;W03-C-Antwerpen-West-FH05;6803489;20200127113640;W03-C-Antwerpen-West-FH05;19082;FTTH-Cu;;669009;20200908145146;;1630000;24684
2044837;Zoning;6803489;20200127113640;W03-C-Antwerpen-West-FH05;6803489;20200127113640;W03-C-Antwerpen-West-FH05;19082;FTTH-Cu;;35729950;20200908145141;;1630000;24684
2044840;Zoning;6803489;20200127113640;W03-C-Antwerpen-West-FH05;6803489;20200127113640;W03-C-Antwerpen-West-FH05;19082;FTTH-Cu;;35729949;20200908145134;;1630000;24684
2044841;Zoning;6803489;20200127113640;W03-C-Antwerpen-West-FH05;6803489;20200127113640;W03-C-Antwerpen-West-FH05;19082;FTTH-Cu;;669011;20200908145104;;1630000;24684
2044842;Zoning;6803489;20200127113640;W03-C-Antwerpen-West-FH05;6803489;20200127113640;W03-C-Antwerpen-West-FH05;19082;FTTH-Cu;;35729948;20200908145125;;1630000;24684
60814;Zoning;6803489;20200127113640;W03-C-Antwerpen-West-FH05;6803489;20200127113640;W03-C-Antwerpen-West-FH05;19082;FTTH-Cu;;35729947;20200908143836;;1630000;24684
60815;Zoning;6803489;20200127113640;W03-C-Antwerpen-West-FH05;6803489;20200127113640;W03-C-Antwerpen-West-FH05;19082;FTTH-Cu;;714601;20200622132326;;1630000;24684
2044843;Zoning;6803489;20200127113640;W03-C-Antwerpen-West-FH05;6803489;20200127113640;W03-C-Antwerpen-West-FH05;19082;FTTH-Cu;;669012;20200908144208;;1630000;24684
2044844;Zoning;6803489;20200127113640;W03-C-Antwerpen-West-FH05;6803489;20200127113640;W03-C-Antwerpen-West-FH05;19082;FTTH-Cu;;669013;20200908144200;;1630000;24684
12639;Zoning;6803489;20200127113640;W03-C-Antwerpen-West-FH05;6803489;20200127113640;W03-C-Antwerpen-West-FH05;19082;FTTH-Cu;;615350;20200622132327;;1630000;24684
60816;Zoning;6803489;20200127113640;W03-C-Antwerpen-West-FH05;6803489;20200127113640;W03-C-Antwerpen-West-FH05;19082;FTTH-Cu;;714602;20200622132326;;1630000;24684
60817;Zoning;6803489;20200127113640;W03-C-Antwerpen-West-FH05;6803489;20200127113640;W03-C-Antwerpen-West-FH05;19082;FTTH-Cu;;714603;20200908143829;;1630000;24684
4512934;Zoning;6803489;20200127113640;W03-C-Antwerpen-West-FH05;6803489;20200127113640;W03-C-Antwerpen-West-FH05;19082;FTTH-Cu;;35729946;20200908143942;;1630000;24684
1469526;Zoning;6803489;20200127113640;W03-C-Antwerpen-West-FH05;6803489;20200127113640;W03-C-Antwerpen-West-FH05;19082;FTTH-Cu;;618715;20200908143741;;1630000;24684
60818;Zoning;6803489;20200127113640;W03-C-Antwerpen-West-FH05;6803489;20200127113640;W03-C-Antwerpen-West-FH05;19082;FTTH-Cu;;714604;20200622132326;;1630000;24684
60819;Zoning;6803489;20200127113640;W03-C-Antwerpen-West-FH05;6803489;20200127113640;W03-C-Antwerpen-West-FH05;19082;FTTH-Cu;;714607;20200622132326;;1630000;24684
60821;Zoning;6803489;20200127113640;W03-C-Antwerpen-West-FH05;6803489;20200127113640;W03-C-Antwerpen-West-FH05;19082;FTTH-Cu;;714611;20200908141937;;1630000;24684
2045409;Zoning;6803489;20200127113640;W03-C-Antwerpen-West-FH05;6803489;20200127113640;W03-C-Antwerpen-West-FH05;19082;FTTH-Cu;;35729960;20200909153817;;1630000;25104
2045410;Zoning;6803489;20200127113640;W03-C-Antwerpen-West-FH05;6803489;20200127113640;W03-C-Antwerpen-West-FH05;19082;FTTH-Cu;;35729959;20200909153539;;1630000;25104
2047060;Zoning;6803489;20200127113640;W03-C-Antwerpen-West-FH05;6803489;20200127113640;W03-C-Antwerpen-West-FH05;19082;FTTH-Cu;;670973;20200622132321;;1630000;25875
60697;Zoning;6803489;20200127113640;W03-C-Antwerpen-West-FH05;6803489;20200127113640;W03-C-Antwerpen-West-FH05;19082;FTTH-Cu;;714418;20200622132326;;1630000;25943
2047219;Zoning;6803489;20200127113640;W03-C-Antwerpen-West-FH05;6803489;20200127113640;W03-C-Antwerpen-West-FH05;19082;FTTH-Cu;;671123;20200622132321;;1630000;25943
4507863;Zoning;6803489;20200127113640;W03-C-Antwerpen-West-FH05;6803489;20200127113640;W03-C-Antwerpen-West-FH05;19082;FTTH-Cu;;706741;20200622132325;;1630000;25943
2047221;Zoning;6803489;20200127113640;W03-C-Antwerpen-West-FH05;6803489;20200127113640;W03-C-Antwerpen-West-FH05;19082;FTTH-Cu;;671125;20200909134156;;1630000;25943
4507864;Zoning;6803489;20200127113640;W03-C-Antwerpen-West-FH05;6803489;20200127113640;W03-C-Antwerpen-West-FH05;19082;FTTH-Cu;;35729967;20200909134200;;1630000;25943
2047224;Zoning;6803489;20200127113640;W03-C-Antwerpen-West-FH05;6803489;20200127113640;W03-C-Antwerpen-West-FH05;19082;FTTH-Cu;;671128;20200909134204;;1630000;25943
2047227;Zoning;6803489;20200127113640;W03-C-Antwerpen-West-FH05;6803489;20200127113640;W03-C-Antwerpen-West-FH05;19082;FTTH-Cu;;671130;20200622132321;;1630000;25943
3928242;Zoning;6803489;20200127113640;W03-C-Antwerpen-West-FH05;6803489;20200127113640;W03-C-Antwerpen-West-FH05;19082;FTTH-Cu;;691182;20200622132319;;1630000;25943
2047229;Zoning;6803489;20200127113640;W03-C-Antwerpen-West-FH05;6803489;20200127113640;W03-C-Antwerpen-West-FH05;19082;FTTH-Cu;;671132;20200622132321;;1630000;25943
2047231;Zoning;6803489;20200127113640;W03-C-Antwerpen-West-FH05;6803489;20200127113640;W03-C-Antwerpen-West-FH05;19082;FTTH-Cu;;671134;20200909134210;;1630000;25943
4507865;Zoning;6803489;20200127113640;W03-C-Antwerpen-West-FH05;6803489;20200127113640;W03-C-Antwerpen-West-FH05;19082;FTTH-Cu;;706742;20200909134223;;1630000;25943
60694;Zoning;6803489;20200127113640;W03-C-Antwerpen-West-FH05;6803489;20200127113640;W03-C-Antwerpen-West-FH05;19082;FTTH-Cu;;35729966;20200909134234;;1630000;25943
60695;Zoning;6803489;20200127113640;W03-C-Antwerpen-West-FH05;6803489;20200127113640;W03-C-Antwerpen-West-FH05;19082;FTTH-Cu;;714416;20200622132326;;1630000;25943
2047234;Zoning;6803489;20200127113640;W03-C-Antwerpen-West-FH05;6803489;20200127113640;W03-C-Antwerpen-West-FH05;19082;FTTH-Cu;;671136;20200622132321;;1630000;25943
2047235;Zoning;6803489;20200127113640;W03-C-Antwerpen-West-FH05;6803489;20200127113640;W03-C-Antwerpen-West-FH05;19082;FTTH-Cu;;671137;20200909134742;;1630000;25943
4507859;Zoning;6803489;20200127113640;W03-C-Antwerpen-West-FH05;6803489;20200127113640;W03-C-Antwerpen-West-FH05;19082;FTTH-Cu;;35729965;20200909134747;;1630000;25943
2047236;Zoning;6803489;20200127113640;W03-C-Antwerpen-West-FH05;6803489;20200127113640;W03-C-Antwerpen-West-FH05;19082;FTTH-Cu;;671138;20200909134750;;1630000;25943
4507861;Zoning;6803489;20200127113640;W03-C-Antwerpen-West-FH05;6803489;20200127113640;W03-C-Antwerpen-West-FH05;19082;FTTH-Cu;;706740;20200622132325;;1630000;25943
4103175;Zoning;6803489;20200127113640;W03-C-Antwerpen-West-FH05;6803489;20200127113640;W03-C-Antwerpen-West-FH05;19082;FTTH-Cu;;693525;20200622132319;;1630000;25943
60704;Zoning;6803489;20200127113640;W03-C-Antwerpen-West-FH05;6803489;20200127113640;W03-C-Antwerpen-West-FH05;19082;FTTH-Cu;;714422;20200909134737;;1630000;25943
6326606;Zoning;6803489;20200127113640;W03-C-Antwerpen-West-FH05;6803489;20200127113640;W03-C-Antwerpen-West-FH05;19082;FTTH-Cu;;35729961;20200909134727;;1630000;25943
60696;Zoning;6803489;20200127113640;W03-C-Antwerpen-West-FH05;6803489;20200127113640;W03-C-Antwerpen-West-FH05;19082;FTTH-Cu;;714417;20200909134723;;1630000;25943
2047238;Zoning;6803489;20200127113640;W03-C-Antwerpen-West-FH05;6803489;20200127113640;W03-C-Antwerpen-West-FH05;19082;FTTH-Cu;;35729964;20200909134713;;1630000;25943
4507909;Zoning;6803489;20200127113640;W03-C-Antwerpen-West-FH05;6803489;20200127113640;W03-C-Antwerpen-West-FH05;19082;FTTH-Cu;;706747;20200909134709;;1630000;25943
2047239;Zoning;6803489;20200127113640;W03-C-Antwerpen-West-FH05;6803489;20200127113640;W03-C-Antwerpen-West-FH05;19082;FTTH-Cu;;35729963;20200909134705;;1630000;25943
4507912;Zoning;6803489;20200127113640;W03-C-Antwerpen-West-FH05;6803489;20200127113640;W03-C-Antwerpen-West-FH05;19082;FTTH-Cu;;706748;20200909134700;;1630000;25943
4507915;Zoning;6803489;20200127113640;W03-C-Antwerpen-West-FH05;6803489;20200127113640;W03-C-Antwerpen-West-FH05;19082;FTTH-Cu;;706749;20200909134654;;1630000;25943
2047240;Zoning;6803489;20200127113640;W03-C-Antwerpen-West-FH05;6803489;20200127113640;W03-C-Antwerpen-West-FH05;19082;FTTH-Cu;;671139;20200622132321;;1630000;25943
60701;Zoning;6803489;20200127113640;W03-C-Antwerpen-West-FH05;6803489;20200127113640;W03-C-Antwerpen-West-FH05;19082;FTTH-Cu;;35729962;20200622132327;;1630000;25943
53363;Zoning;6803489;20200127113640;W03-C-Antwerpen-West-FH05;6803489;20200127113640;W03-C-Antwerpen-West-FH05;19082;FTTH-Cu;;710768;20200622132326;;1630000;26002
6430205;Zoning;6803489;20200127113640;W03-C-Antwerpen-West-FH05;6803489;20200127113640;W03-C-Antwerpen-West-FH05;19082;FTTH-Cu;;35729970;20200622132327;;1630000;26002
970932;Zoning;6803489;20200127113640;W03-C-Antwerpen-West-FH05;6803489;20200127113640;W03-C-Antwerpen-West-FH05;19082;FTTH-Cu;;725769;20200622132324;;1630000;26002
2047386;Zoning;6803489;20200127113640;W03-C-Antwerpen-West-FH05;6803489;20200127113640;W03-C-Antwerpen-West-FH05;19082;FTTH-Cu;;671243;20200622132321;;1630000;26002
2047387;Zoning;6803489;20200127113640;W03-C-Antwerpen-West-FH05;6803489;20200127113640;W03-C-Antwerpen-West-FH05;19082;FTTH-Cu;;671244;20200622132321;;1630000;26002
2047388;Zoning;6803489;20200127113640;W03-C-Antwerpen-West-FH05;6803489;20200127113640;W03-C-Antwerpen-West-FH05;19082;FTTH-Cu;;671245;20200622132321;;1630000;26002
2047389;Zoning;6803489;20200127113640;W03-C-Antwerpen-West-FH05;6803489;20200127113640;W03-C-Antwerpen-West-FH05;19082;FTTH-Cu;;671246;20200622132321;;1630000;26002
2047391;Zoning;6803489;20200127113640;W03-C-Antwerpen-West-FH05;6803489;20200127113640;W03-C-Antwerpen-West-FH05;19082;FTTH-Cu;;671247;20200622132321;;1630000;26002
2047392;Zoning;6803489;20200127113640;W03-C-Antwerpen-West-FH05;6803489;20200127113640;W03-C-Antwerpen-West-FH05;19082;FTTH-Cu;;35729979;20200622132327;;1630000;26002
2047393;Zoning;6803489;20200127113640;W03-C-Antwerpen-West-FH05;6803489;20200127113640;W03-C-Antwerpen-West-FH05;19082;FTTH-Cu;;671248;20200622132321;;1630000;26002
53367;Zoning;6803489;20200127113640;W03-C-Antwerpen-West-FH05;6803489;20200127113640;W03-C-Antwerpen-West-FH05;19082;FTTH-Cu;;710772;20200622132326;;1630000;26002
2047395;Zoning;6803489;20200127113640;W03-C-Antwerpen-West-FH05;6803489;20200127113640;W03-C-Antwerpen-West-FH05;19082;FTTH-Cu;;671249;20200622132321;;1630000;26002
4032115;Zoning;6803489;20200127113640;W03-C-Antwerpen-West-FH05;6803489;20200127113640;W03-C-Antwerpen-West-FH05;19082;FTTH-Cu;;692464;20200908132319;;1630000;26002
53366;Zoning;6803489;20200127113640;W03-C-Antwerpen-West-FH05;6803489;20200127113640;W03-C-Antwerpen-West-FH05;19082;FTTH-Cu;;710771;20200908134439;;1630000;26002
2047397;Zoning;6803489;20200127113640;W03-C-Antwerpen-West-FH05;6803489;20200127113640;W03-C-Antwerpen-West-FH05;19082;FTTH-Cu;;671250;20200908132335;;1630000;26002
53381;Zoning;6803489;20200127113640;W03-C-Antwerpen-West-FH05;6803489;20200127113640;W03-C-Antwerpen-West-FH05;19082;FTTH-Cu;;710785;20200908134449;;1630000;26002
2047398;Zoning;6803489;20200127113640;W03-C-Antwerpen-West-FH05;6803489;20200127113640;W03-C-Antwerpen-West-FH05;19082;FTTH-Cu;;35729978;20200908132327;;1630000;26002
53365;Zoning;6803489;20200127113640;W03-C-Antwerpen-West-FH05;6803489;20200127113640;W03-C-Antwerpen-West-FH05;19082;FTTH-Cu;;710770;20200622132326;;1630000;26002
2047399;Zoning;6803489;20200127113640;W03-C-Antwerpen-West-FH05;6803489;20200127113640;W03-C-Antwerpen-West-FH05;19082;FTTH-Cu;;671251;20200908132350;;1630000;26002
3928250;Zoning;6803489;20200127113640;W03-C-Antwerpen-West-FH05;6803489;20200127113640;W03-C-Antwerpen-West-FH05;19082;FTTH-Cu;;35729971;20200908132413;;1630000;26002
3928252;Zoning;6803489;20200127113640;W03-C-Antwerpen-West-FH05;6803489;20200127113640;W03-C-Antwerpen-West-FH05;19082;FTTH-Cu;;35729977;20200908132430;;1630000;26002
1345934;Zoning;6803489;20200127113640;W03-C-Antwerpen-West-FH05;6803489;20200127113640;W03-C-Antwerpen-West-FH05;19082;FTTH-Cu;;616996;20200622132327;;1630000;26002
2047403;Zoning;6803489;20200127113640;W03-C-Antwerpen-West-FH05;6803489;20200127113640;W03-C-Antwerpen-West-FH05;19082;FTTH-Cu;;35729969;20200622132327;;1630000;26002
6464511;Zoning;6803489;20200127113640;W03-C-Antwerpen-West-FH05;6803489;20200127113640;W03-C-Antwerpen-West-FH05;19082;FTTH-Cu;;35729968;20200908131549;;1630000;26002
2047404;Zoning;6803489;20200127113640;W03-C-Antwerpen-West-FH05;6803489;20200127113640;W03-C-Antwerpen-West-FH05;19082;FTTH-Cu;;35729976;20200908133441;;1630000;26002
53364;Zoning;6803489;20200127113640;W03-C-Antwerpen-West-FH05;6803489;20200127113640;W03-C-Antwerpen-West-FH05;19082;FTTH-Cu;;710769;20200622132326;;1630000;26002
4517808;Zoning;6803489;20200127113640;W03-C-Antwerpen-West-FH05;6803489;20200127113640;W03-C-Antwerpen-West-FH05;19082;FTTH-Cu;;35729975;20200908133532;;1630000;26002
2047406;Zoning;6803489;20200127113640;W03-C-Antwerpen-West-FH05;6803489;20200127113640;W03-C-Antwerpen-West-FH05;19082;FTTH-Cu;;671253;20200908132908;;1630000;26002
2047407;Zoning;6803489;20200127113640;W03-C-Antwerpen-West-FH05;6803489;20200127113640;W03-C-Antwerpen-West-FH05;19082;FTTH-Cu;;671254;20200908132858;;1630000;26002
4010932;Zoning;6803489;20200127113640;W03-C-Antwerpen-West-FH05;6803489;20200127113640;W03-C-Antwerpen-West-FH05;19082;FTTH-Cu;;692064;20200908132302;;1630000;26002
2047408;Zoning;6803489;20200127113640;W03-C-Antwerpen-West-FH05;6803489;20200127113640;W03-C-Antwerpen-West-FH05;19082;FTTH-Cu;;671255;20200908132848;;1630000;26002
2047410;Zoning;6803489;20200127113640;W03-C-Antwerpen-West-FH05;6803489;20200127113640;W03-C-Antwerpen-West-FH05;19082;FTTH-Cu;;35729974;20200908133429;;1630000;26002
4517811;Zoning;6803489;20200127113640;W03-C-Antwerpen-West-FH05;6803489;20200127113640;W03-C-Antwerpen-West-FH05;19082;FTTH-Cu;;35729973;20200908133030;;1630000;26002
2047411;Zoning;6803489;20200127113640;W03-C-Antwerpen-West-FH05;6803489;20200127113640;W03-C-Antwerpen-West-FH05;19082;FTTH-Cu;;671257;20200908133343;;1630000;26002
2047412;Zoning;6803489;20200127113640;W03-C-Antwerpen-West-FH05;6803489;20200127113640;W03-C-Antwerpen-West-FH05;19082;FTTH-Cu;;671258;20200908133333;;1630000;26002
4517812;Zoning;6803489;20200127113640;W03-C-Antwerpen-West-FH05;6803489;20200127113640;W03-C-Antwerpen-West-FH05;19082;FTTH-Cu;;708724;20200908133326;;1630000;26002
1101822;Zoning;6803489;20200127113640;W03-C-Antwerpen-West-FH05;6803489;20200127113640;W03-C-Antwerpen-West-FH05;19082;FTTH-Cu;;613079;20200908141702;;1630000;26002
6082813;Zoning;6803489;20200127113640;W03-C-Antwerpen-West-FH05;6803489;20200127113640;W03-C-Antwerpen-West-FH05;19082;FTTH-Cu;;35729972;20200622132327;;1630000;26002
60826;Zoning;6803489;20200127113640;W03-C-Antwerpen-West-FH05;6803489;20200127113640;W03-C-Antwerpen-West-FH05;19082;FTTH-Cu;;714618;20200622132326;;1630000;26063
60825;Zoning;6803489;20200127113640;W03-C-Antwerpen-West-FH05;6803489;20200127113640;W03-C-Antwerpen-West-FH05;19082;FTTH-Cu;;35729981;20200908145426;;1630000;26063
5576170;Zoning;6803489;20200127113640;W03-C-Antwerpen-West-FH05;6803489;20200127113640;W03-C-Antwerpen-West-FH05;19082;FTTH-Cu;;35729980;20200908144341;;1630000;26063
970910;Zoning;6803489;20200127113640;W03-C-Antwerpen-West-FH05;6803489;20200127113640;W03-C-Antwerpen-West-FH05;19082;FTTH-Cu;;725754;20200622132324;;1630000;935
5383659;Zoning;6803489;20200127113640;W03-C-Antwerpen-West-FH05;6803489;20200127113640;W03-C-Antwerpen-West-FH05;19082;FTTH-Cu;;711071;20200622132324;;1630000;935
3918246;Zoning;6803489;20200127113640;W03-C-Antwerpen-West-FH05;6803489;20200127113640;W03-C-Antwerpen-West-FH05;19082;FTTH-Cu;;690696;20200622132319;;1630000;935
4046061;Zoning;6803489;20200127113640;W03-C-Antwerpen-West-FH05;6803489;20200127113640;W03-C-Antwerpen-West-FH05;19082;FTTH-Cu;;692705;20200622132319;;1630000;935
5364253;Zoning;6803489;20200127113640;W03-C-Antwerpen-West-FH05;6803489;20200127113640;W03-C-Antwerpen-West-FH05;19082;FTTH-Cu;;710848;20200622132326;;1630000;935
5322589;Zoning;6803489;20200127113640;W03-C-Antwerpen-West-FH05;6803489;20200127113640;W03-C-Antwerpen-West-FH05;19082;FTTH-Cu;;710757;20200622132326;;1630000;935
3918247;Zoning;6803489;20200127113640;W03-C-Antwerpen-West-FH05;6803489;20200127113640;W03-C-Antwerpen-West-FH05;19082;FTTH-Cu;;690697;20200622132319;;1630000;935
1174366;Zoning;6803489;20200127113640;W03-C-Antwerpen-West-FH05;6803489;20200127113640;W03-C-Antwerpen-West-FH05;19082;FTTH-Cu;;614443;20200622132326;;1630000;40861
3928714;Zoning;6803489;20200127113640;W03-C-Antwerpen-West-FH05;6803489;20200127113640;W03-C-Antwerpen-West-FH05;19082;FTTH-Cu;;691411;20200622132319;;1630000;40861
2067563;Zoning;6803489;20200127113640;W03-C-Antwerpen-West-FH05;6803489;20200127113640;W03-C-Antwerpen-West-FH05;19082;FTTH-Cu;;688579;20200622132320;;1630000;40861
2067564;Zoning;6803489;20200127113640;W03-C-Antwerpen-West-FH05;6803489;20200127113640;W03-C-Antwerpen-West-FH05;19082;FTTH-Cu;;688580;20200622132320;;1630000;40861
2067565;Zoning;6803489;20200127113640;W03-C-Antwerpen-West-FH05;6803489;20200127113640;W03-C-Antwerpen-West-FH05;19082;FTTH-Cu;;688581;20200622132320;;1630000;40861
2067566;Zoning;6803489;20200127113640;W03-C-Antwerpen-West-FH05;6803489;20200127113640;W03-C-Antwerpen-West-FH05;19082;FTTH-Cu;;688582;20200622132320;;1630000;40861
1174367;Zoning;6803489;20200127113640;W03-C-Antwerpen-West-FH05;6803489;20200127113640;W03-C-Antwerpen-West-FH05;19082;FTTH-Cu;;614444;20200622132326;;1630000;40861
5393251;Zoning;6803489;20200127113640;W03-C-Antwerpen-West-FH05;6803489;20200127113640;W03-C-Antwerpen-West-FH05;19082;FTTH-Cu;;35729982;20200909150843;;1630000;27088
5576219;Zoning;6803489;20200127113640;W03-C-Antwerpen-West-FH05;6803489;20200127113640;W03-C-Antwerpen-West-FH05;19082;FTTH-Cu;;712508;20200622132324;;1630000;27088
2050200;Zoning;6803489;20200127113640;W03-C-Antwerpen-West-FH05;6803489;20200127113640;W03-C-Antwerpen-West-FH05;19082;FTTH-Cu;;673601;20200622132321;;1630000;27088
60553;Zoning;6803489;20200127113640;W03-C-Antwerpen-West-FH05;6803489;20200127113640;W03-C-Antwerpen-West-FH05;19082;FTTH-Cu;;714387;20200622132326;;1630000;27322
60843;Zoning;6803489;20200127113640;W03-C-Antwerpen-West-FH05;6803489;20200127113640;W03-C-Antwerpen-West-FH05;19082;FTTH-Cu;;714681;20200908145341;;1630000;27322
2050448;Zoning;6803489;20200127113640;W03-C-Antwerpen-West-FH05;6803489;20200127113640;W03-C-Antwerpen-West-FH05;19082;FTTH-Cu;;673816;20200622132321;;1630000;27322
4512940;Zoning;6803489;20200127113640;W03-C-Antwerpen-West-FH05;6803489;20200127113640;W03-C-Antwerpen-West-FH05;19082;FTTH-Cu;;707359;20200908145340;;1630000;27322
2050449;Zoning;6803489;20200127113640;W03-C-Antwerpen-West-FH05;6803489;20200127113640;W03-C-Antwerpen-West-FH05;19082;FTTH-Cu;;673817;20200622132321;;1630000;27322
60554;Zoning;6803489;20200127113640;W03-C-Antwerpen-West-FH05;6803489;20200127113640;W03-C-Antwerpen-West-FH05;19082;FTTH-Cu;;714388;20200622132326;;1630000;27322
4512943;Zoning;6803489;20200127113640;W03-C-Antwerpen-West-FH05;6803489;20200127113640;W03-C-Antwerpen-West-FH05;19082;FTTH-Cu;;707360;20200622132324;;1630000;27322
2050450;Zoning;6803489;20200127113640;W03-C-Antwerpen-West-FH05;6803489;20200127113640;W03-C-Antwerpen-West-FH05;19082;FTTH-Cu;;673818;20200622132321;;1630000;27322
2050451;Zoning;6803489;20200127113640;W03-C-Antwerpen-West-FH05;6803489;20200127113640;W03-C-Antwerpen-West-FH05;19082;FTTH-Cu;;673819;20200622132321;;1630000;27322
4512891;Zoning;6803489;20200127113640;W03-C-Antwerpen-West-FH05;6803489;20200127113640;W03-C-Antwerpen-West-FH05;19082;FTTH-Cu;;707352;20200908144549;;1630000;27322
4051389;Zoning;6803489;20200127113640;W03-C-Antwerpen-West-FH05;6803489;20200127113640;W03-C-Antwerpen-West-FH05;19082;FTTH-Cu;;692788;20200908144542;;1630000;27322
2050452;Zoning;6803489;20200127113640;W03-C-Antwerpen-West-FH05;6803489;20200127113640;W03-C-Antwerpen-West-FH05;19082;FTTH-Cu;;673820;20200908145401;;1630000;27322
60838;Zoning;6803489;20200127113640;W03-C-Antwerpen-West-FH05;6803489;20200127113640;W03-C-Antwerpen-West-FH05;19082;FTTH-Cu;;35729985;20200908144500;;1630000;27322
4512949;Zoning;6803489;20200127113640;W03-C-Antwerpen-West-FH05;6803489;20200127113640;W03-C-Antwerpen-West-FH05;19082;FTTH-Cu;;707361;20200622132324;;1630000;27322
60840;Zoning;6803489;20200127113640;W03-C-Antwerpen-West-FH05;6803489;20200127113640;W03-C-Antwerpen-West-FH05;19082;FTTH-Cu;;714679;20200622132326;;1630000;27322
2050454;Zoning;6803489;20200127113640;W03-C-Antwerpen-West-FH05;6803489;20200127113640;W03-C-Antwerpen-West-FH05;19082;FTTH-Cu;;35729984;20200908144347;;1630000;27322
60841;Zoning;6803489;20200127113640;W03-C-Antwerpen-West-FH05;6803489;20200127113640;W03-C-Antwerpen-West-FH05;19082;FTTH-Cu;;714680;20200908144238;;1630000;27322
2050455;Zoning;6803489;20200127113640;W03-C-Antwerpen-West-FH05;6803489;20200127113640;W03-C-Antwerpen-West-FH05;19082;FTTH-Cu;;35729983;20200908144248;;1630000;27322
4512909;Zoning;6803489;20200127113640;W03-C-Antwerpen-West-FH05;6803489;20200127113640;W03-C-Antwerpen-West-FH05;19082;FTTH-Cu;;707356;20200908144232;;1630000;27322
4512910;Zoning;6803489;20200127113640;W03-C-Antwerpen-West-FH05;6803489;20200127113640;W03-C-Antwerpen-West-FH05;19082;FTTH-Cu;;707357;20200622132324;;1630000;27322
4009699;Zoning;6803489;20200127113640;W03-C-Antwerpen-West-FH05;6803489;20200127113640;W03-C-Antwerpen-West-FH05;19082;FTTH-Cu;;692042;20200622132319;;1630000;27322
4512915;Zoning;6803489;20200127113640;W03-C-Antwerpen-West-FH05;6803489;20200127113640;W03-C-Antwerpen-West-FH05;19082;FTTH-Cu;;707358;20200908144223;;1630000;27322
970908;Zoning;6803489;20200127113640;W03-C-Antwerpen-West-FH05;6803489;20200127113640;W03-C-Antwerpen-West-FH05;19082;FTTH-Cu;;725752;20200622132324;;1630000;27332
2050494;Zoning;6803489;20200127113640;W03-C-Antwerpen-West-FH05;6803489;20200127113640;W03-C-Antwerpen-West-FH05;19082;FTTH-Cu;;673824;20200622132321;;1630000;27332
2050495;Zoning;6803489;20200127113640;W03-C-Antwerpen-West-FH05;6803489;20200127113640;W03-C-Antwerpen-West-FH05;19082;FTTH-Cu;;673825;20200622132321;;1630000;27332
2050497;Zoning;6803489;20200127113640;W03-C-Antwerpen-West-FH05;6803489;20200127113640;W03-C-Antwerpen-West-FH05;19082;FTTH-Cu;;673826;20200622132321;;1630000;27332
2050498;Zoning;6803489;20200127113640;W03-C-Antwerpen-West-FH05;6803489;20200127113640;W03-C-Antwerpen-West-FH05;19082;FTTH-Cu;;673827;20200622132321;;1630000;27332
2050502;Zoning;6803489;20200127113640;W03-C-Antwerpen-West-FH05;6803489;20200127113640;W03-C-Antwerpen-West-FH05;19082;FTTH-Cu;;673830;20200622132321;;1630000;27332
2050504;Zoning;6803489;20200127113640;W03-C-Antwerpen-West-FH05;6803489;20200127113640;W03-C-Antwerpen-West-FH05;19082;FTTH-Cu;;673832;20200622132321;;1630000;27332
970906;Zoning;6803489;20200127113640;W03-C-Antwerpen-West-FH05;6803489;20200127113640;W03-C-Antwerpen-West-FH05;19082;FTTH-Cu;;35729989;20200908131619;;1630000;27332
970905;Zoning;6803489;20200127113640;W03-C-Antwerpen-West-FH05;6803489;20200127113640;W03-C-Antwerpen-West-FH05;19082;FTTH-Cu;;725751;20200622132324;;1630000;27332
29806;Zoning;6803489;20200127113640;W03-C-Antwerpen-West-FH05;6803489;20200127113640;W03-C-Antwerpen-West-FH05;19082;FTTH-Cu;;690414;20200908141654;;1630000;27332
2050507;Zoning;6803489;20200127113640;W03-C-Antwerpen-West-FH05;6803489;20200127113640;W03-C-Antwerpen-West-FH05;19082;FTTH-Cu;;673834;20200908141644;;1630000;27332
4517795;Zoning;6803489;20200127113640;W03-C-Antwerpen-West-FH05;6803489;20200127113640;W03-C-Antwerpen-West-FH05;19082;FTTH-Cu;;35729988;20200908131711;;1630000;27332
2050511;Zoning;6803489;20200127113640;W03-C-Antwerpen-West-FH05;6803489;20200127113640;W03-C-Antwerpen-West-FH05;19082;FTTH-Cu;;35729987;20200622132328;;1630000;27332
2050513;Zoning;6803489;20200127113640;W03-C-Antwerpen-West-FH05;6803489;20200127113640;W03-C-Antwerpen-West-FH05;19082;FTTH-Cu;;673838;20200908131745;;1630000;27332
2050515;Zoning;6803489;20200127113640;W03-C-Antwerpen-West-FH05;6803489;20200127113640;W03-C-Antwerpen-West-FH05;19082;FTTH-Cu;;35729986;20200908141524;;1630000;27332
2050516;Zoning;6803489;20200127113640;W03-C-Antwerpen-West-FH05;6803489;20200127113640;W03-C-Antwerpen-West-FH05;19082;FTTH-Cu;;673840;20200908131757;;1630000;27332
1059349;Zoning;6803489;20200127113640;W03-C-Antwerpen-West-FH05;6803489;20200127113640;W03-C-Antwerpen-West-FH05;19082;FTTH-Cu;;612255;20200622132326;;1630000;27523
1059350;Zoning;6803489;20200127113640;W03-C-Antwerpen-West-FH05;6803489;20200127113640;W03-C-Antwerpen-West-FH05;19082;FTTH-Cu;;612256;20200622132326;;1630000;27523
1059348;Zoning;6803489;20200127113640;W03-C-Antwerpen-West-FH05;6803489;20200127113640;W03-C-Antwerpen-West-FH05;19082;FTTH-Cu;;612254;20200622132326;;1630000;27523
2051251;Zoning;6803489;20200127113640;W03-C-Antwerpen-West-FH05;6803489;20200127113640;W03-C-Antwerpen-West-FH05;19082;FTTH-Cu;;674524;20200622132321;;1630000;27523
1059347;Zoning;6803489;20200127113640;W03-C-Antwerpen-West-FH05;6803489;20200127113640;W03-C-Antwerpen-West-FH05;19082;FTTH-Cu;;35730001;20200622132328;;1630000;27523
1072761;Zoning;6803489;20200127113640;W03-C-Antwerpen-West-FH05;6803489;20200127113640;W03-C-Antwerpen-West-FH05;19082;FTTH-Cu;;612311;20200622132326;;1630000;27523
1059346;Zoning;6803489;20200127113640;W03-C-Antwerpen-West-FH05;6803489;20200127113640;W03-C-Antwerpen-West-FH05;19082;FTTH-Cu;;35730000;20200622132328;;1630000;27523
2051252;Zoning;6803489;20200127113640;W03-C-Antwerpen-West-FH05;6803489;20200127113640;W03-C-Antwerpen-West-FH05;19082;FTTH-Cu;;35729997;20200622132328;;1630000;27523
60823;Zoning;6803489;20200127113640;W03-C-Antwerpen-West-FH05;6803489;20200127113640;W03-C-Antwerpen-West-FH05;19082;FTTH-Cu;;35729828;20200908145311;;1630000;14043
60822;Zoning;6803489;20200127113640;W03-C-Antwerpen-West-FH05;6803489;20200127113640;W03-C-Antwerpen-West-FH05;19082;FTTH-Cu;;714614;20200908145333;;1630000;14043
60551;Zoning;6803489;20200127113640;W03-C-Antwerpen-West-FH05;6803489;20200127113640;W03-C-Antwerpen-West-FH05;19082;FTTH-Cu;;714385;20200908145605;;1630000;14043
1956004;Zoning;6803489;20200127113640;W03-C-Antwerpen-West-FH05;6803489;20200127113640;W03-C-Antwerpen-West-FH05;19082;FTTH-Cu;;35729827;20200908145613;;1630000;14043
60552;Zoning;6803489;20200127113640;W03-C-Antwerpen-West-FH05;6803489;20200127113640;W03-C-Antwerpen-West-FH05;19082;FTTH-Cu;;714386;20200909123307;;1630000;14043
1956025;Zoning;6803489;20200127113640;W03-C-Antwerpen-West-FH05;6803489;20200127113640;W03-C-Antwerpen-West-FH05;19082;FTTH-Cu;;651063;20200909123312;;1630000;14043
1956035;Zoning;6803489;20200127113640;W03-C-Antwerpen-West-FH05;6803489;20200127113640;W03-C-Antwerpen-West-FH05;19082;FTTH-Cu;;651064;20200622132320;;1630000;14043
1956046;Zoning;6803489;20200127113640;W03-C-Antwerpen-West-FH05;6803489;20200127113640;W03-C-Antwerpen-West-FH05;19082;FTTH-Cu;;651065;20200909123318;;1630000;14043
1956054;Zoning;6803489;20200127113640;W03-C-Antwerpen-West-FH05;6803489;20200127113640;W03-C-Antwerpen-West-FH05;19082;FTTH-Cu;;651066;20200622132320;;1630000;14043
1956071;Zoning;6803489;20200127113640;W03-C-Antwerpen-West-FH05;6803489;20200127113640;W03-C-Antwerpen-West-FH05;19082;FTTH-Cu;;651067;20200909123324;;1630000;14043
60550;Zoning;6803489;20200127113640;W03-C-Antwerpen-West-FH05;6803489;20200127113640;W03-C-Antwerpen-West-FH05;19082;FTTH-Cu;;714384;20200622132326;;1630000;14043
1956093;Zoning;6803489;20200127113640;W03-C-Antwerpen-West-FH05;6803489;20200127113640;W03-C-Antwerpen-West-FH05;19082;FTTH-Cu;;35729826;20200909124135;;1630000;14043
6331853;Zoning;6803489;20200127113640;W03-C-Antwerpen-West-FH05;6803489;20200127113640;W03-C-Antwerpen-West-FH05;19082;FTTH-Cu;;35729822;20200909124139;;1630000;14043
6568084;Zoning;6803489;20200127113640;W03-C-Antwerpen-West-FH05;6803489;20200127113640;W03-C-Antwerpen-West-FH05;19082;FTTH-Cu;;35729825;20200908145624;;1630000;14043
1956107;Zoning;6803489;20200127113640;W03-C-Antwerpen-West-FH05;6803489;20200127113640;W03-C-Antwerpen-West-FH05;19082;FTTH-Cu;;651068;20200909124143;;1630000;14043
1956116;Zoning;6803489;20200127113640;W03-C-Antwerpen-West-FH05;6803489;20200127113640;W03-C-Antwerpen-West-FH05;19082;FTTH-Cu;;35729824;20200909124149;;1630000;14043
1956121;Zoning;6803489;20200127113640;W03-C-Antwerpen-West-FH05;6803489;20200127113640;W03-C-Antwerpen-West-FH05;19082;FTTH-Cu;;651069;20200622132320;;1630000;14043
12635;Zoning;6803489;20200127113640;W03-C-Antwerpen-West-FH05;6803489;20200127113640;W03-C-Antwerpen-West-FH05;19082;FTTH-Cu;;35729823;20200909124153;;1630000;14043
4509485;Zoning;6803489;20200127113640;W03-C-Antwerpen-West-FH05;6803489;20200127113640;W03-C-Antwerpen-West-FH05;19082;FTTH-Cu;;35730095;20200622132328;;1630000;42384
1090980;Zoning;6803489;20200127113640;W03-C-Antwerpen-West-FH05;6803489;20200127113640;W03-C-Antwerpen-West-FH05;19082;FTTH-Cu;;612732;20200909145153;;1630000;42384
2068337;Zoning;6803489;20200127113640;W03-C-Antwerpen-West-FH05;6803489;20200127113640;W03-C-Antwerpen-West-FH05;19082;FTTH-Cu;;35730094;20200622132328;;1630000;42384
4509487;Zoning;6803489;20200127113640;W03-C-Antwerpen-West-FH05;6803489;20200127113640;W03-C-Antwerpen-West-FH05;19082;FTTH-Cu;;706942;20200622132325;;1630000;42384
2068338;Zoning;6803489;20200127113640;W03-C-Antwerpen-West-FH05;6803489;20200127113640;W03-C-Antwerpen-West-FH05;19082;FTTH-Cu;;689231;20200622132320;;1630000;42384
4509488;Zoning;6803489;20200127113640;W03-C-Antwerpen-West-FH05;6803489;20200127113640;W03-C-Antwerpen-West-FH05;19082;FTTH-Cu;;706943;20200622132325;;1630000;42384
2068346;Zoning;6803489;20200127113640;W03-C-Antwerpen-West-FH05;6803489;20200127113640;W03-C-Antwerpen-West-FH05;19082;FTTH-Cu;;689235;20200909145135;;1630000;42384
4509490;Zoning;6803489;20200127113640;W03-C-Antwerpen-West-FH05;6803489;20200127113640;W03-C-Antwerpen-West-FH05;19082;FTTH-Cu;;35730093;20200909145140;;1630000;42384
60047;Zoning;6803489;20200127113640;W03-C-Antwerpen-West-FH05;6803489;20200127113640;W03-C-Antwerpen-West-FH05;19082;FTTH-Cu;;35730092;20200909145110;;1630000;42384
972203;Zoning;6803489;20200127113640;W03-C-Antwerpen-West-FH05;6803489;20200127113640;W03-C-Antwerpen-West-FH05;19082;FTTH-Cu;;725944;20200908140703;;1630000;20779
972209;Zoning;6803489;20200127113640;W03-C-Antwerpen-West-FH05;6803489;20200127113640;W03-C-Antwerpen-West-FH05;19082;FTTH-Cu;;35729905;20200908140657;;1630000;20779
2007832;Zoning;6803489;20200127113640;W03-C-Antwerpen-West-FH05;6803489;20200127113640;W03-C-Antwerpen-West-FH05;19082;FTTH-Cu;;662446;20200908140648;;1630000;20779
972210;Zoning;6803489;20200127113640;W03-C-Antwerpen-West-FH05;6803489;20200127113640;W03-C-Antwerpen-West-FH05;19082;FTTH-Cu;;725949;20200908140621;;1630000;20779
972206;Zoning;6803489;20200127113640;W03-C-Antwerpen-West-FH05;6803489;20200127113640;W03-C-Antwerpen-West-FH05;19082;FTTH-Cu;;725946;20200908140719;;1630000;20779
972207;Zoning;6803489;20200127113640;W03-C-Antwerpen-West-FH05;6803489;20200127113640;W03-C-Antwerpen-West-FH05;19082;FTTH-Cu;;725947;20200622132324;;1630000;20779
972204;Zoning;6803489;20200127113640;W03-C-Antwerpen-West-FH05;6803489;20200127113640;W03-C-Antwerpen-West-FH05;19082;FTTH-Cu;;725945;20200622132324;;1630000;20779
5575998;Zoning;6803489;20200127113640;W03-C-Antwerpen-West-FH05;6803489;20200127113640;W03-C-Antwerpen-West-FH05;19082;FTTH-Cu;;712454;20200908140801;;1630000;20779
972205;Zoning;6803489;20200127113640;W03-C-Antwerpen-West-FH05;6803489;20200127113640;W03-C-Antwerpen-West-FH05;19082;FTTH-Cu;;35729904;20200908140811;;1630000;20779
6347524;Zoning;6803489;20200127113640;W03-C-Antwerpen-West-FH05;6803489;20200127113640;W03-C-Antwerpen-West-FH05;19082;FTTH-Cu;;35729896;20200908140912;;1630000;20779
972208;Zoning;6803489;20200127113640;W03-C-Antwerpen-West-FH05;6803489;20200127113640;W03-C-Antwerpen-West-FH05;19082;FTTH-Cu;;725948;20200908140848;;1630000;20779
972202;Zoning;6803489;20200127113640;W03-C-Antwerpen-West-FH05;6803489;20200127113640;W03-C-Antwerpen-West-FH05;19082;FTTH-Cu;;725943;20200908140848;;1630000;20779
972230;Zoning;6803489;20200127113640;W03-C-Antwerpen-West-FH05;6803489;20200127113640;W03-C-Antwerpen-West-FH05;19082;FTTH-Cu;;725958;20200908140104;;1630000;20779
2008181;Zoning;6803489;20200127113640;W03-C-Antwerpen-West-FH05;6803489;20200127113640;W03-C-Antwerpen-West-FH05;19082;FTTH-Cu;;35729903;20200908140058;;1630000;20779
2008198;Zoning;6803489;20200127113640;W03-C-Antwerpen-West-FH05;6803489;20200127113640;W03-C-Antwerpen-West-FH05;19082;FTTH-Cu;;662447;20200908140038;;1630000;20779
3928013;Zoning;6803489;20200127113640;W03-C-Antwerpen-West-FH05;6803489;20200127113640;W03-C-Antwerpen-West-FH05;19082;FTTH-Cu;;35729902;20200908140047;;1630000;20779
2008206;Zoning;6803489;20200127113640;W03-C-Antwerpen-West-FH05;6803489;20200127113640;W03-C-Antwerpen-West-FH05;19082;FTTH-Cu;;662448;20200908135932;;1630000;20779
3928014;Zoning;6803489;20200127113640;W03-C-Antwerpen-West-FH05;6803489;20200127113640;W03-C-Antwerpen-West-FH05;19082;FTTH-Cu;;35729901;20200908135959;;1630000;20779
2008254;Zoning;6803489;20200127113640;W03-C-Antwerpen-West-FH05;6803489;20200127113640;W03-C-Antwerpen-West-FH05;19082;FTTH-Cu;;662449;20200908135903;;1630000;20779
972201;Zoning;6803489;20200127113640;W03-C-Antwerpen-West-FH05;6803489;20200127113640;W03-C-Antwerpen-West-FH05;19082;FTTH-Cu;;35729900;20200908135847;;1630000;20779
972200;Zoning;6803489;20200127113640;W03-C-Antwerpen-West-FH05;6803489;20200127113640;W03-C-Antwerpen-West-FH05;19082;FTTH-Cu;;725942;20200622132324;;1630000;20779
3928015;Zoning;6803489;20200127113640;W03-C-Antwerpen-West-FH05;6803489;20200127113640;W03-C-Antwerpen-West-FH05;19082;FTTH-Cu;;691086;20200908135328;;1630000;20779
4516902;Zoning;6803489;20200127113640;W03-C-Antwerpen-West-FH05;6803489;20200127113640;W03-C-Antwerpen-West-FH05;19082;FTTH-Cu;;708344;20200908135313;;1630000;20779
3928016;Zoning;6803489;20200127113640;W03-C-Antwerpen-West-FH05;6803489;20200127113640;W03-C-Antwerpen-West-FH05;19082;FTTH-Cu;;35729899;20200908135305;;1630000;20779
1268534;Zoning;6803489;20200127113640;W03-C-Antwerpen-West-FH05;6803489;20200127113640;W03-C-Antwerpen-West-FH05;19082;FTTH-Cu;;615385;20200908135258;;1630000;20779
970926;Zoning;6803489;20200127113640;W03-C-Antwerpen-West-FH05;6803489;20200127113640;W03-C-Antwerpen-West-FH05;19082;FTTH-Cu;;725765;20200908134030;;1630000;20779
4516824;Zoning;6803489;20200127113640;W03-C-Antwerpen-West-FH05;6803489;20200127113640;W03-C-Antwerpen-West-FH05;19082;FTTH-Cu;;35729898;20200908134045;;1630000;20779
2008352;Zoning;6803489;20200127113640;W03-C-Antwerpen-West-FH05;6803489;20200127113640;W03-C-Antwerpen-West-FH05;19082;FTTH-Cu;;662450;20200622132318;;1630000;20779
2008376;Zoning;6803489;20200127113640;W03-C-Antwerpen-West-FH05;6803489;20200127113640;W03-C-Antwerpen-West-FH05;19082;FTTH-Cu;;662451;20200622132318;;1630000;20779
2008397;Zoning;6803489;20200127113640;W03-C-Antwerpen-West-FH05;6803489;20200127113640;W03-C-Antwerpen-West-FH05;19082;FTTH-Cu;;662452;20200622132318;;1630000;20779
970924;Zoning;6803489;20200127113640;W03-C-Antwerpen-West-FH05;6803489;20200127113640;W03-C-Antwerpen-West-FH05;19082;FTTH-Cu;;725764;20200622132324;;1630000;20779
970923;Zoning;6803489;20200127113640;W03-C-Antwerpen-West-FH05;6803489;20200127113640;W03-C-Antwerpen-West-FH05;19082;FTTH-Cu;;725763;20200622132324;;1630000;20779
2008606;Zoning;6803489;20200127113640;W03-C-Antwerpen-West-FH05;6803489;20200127113640;W03-C-Antwerpen-West-FH05;19082;FTTH-Cu;;662454;20200622132318;;1630000;20779
2008650;Zoning;6803489;20200127113640;W03-C-Antwerpen-West-FH05;6803489;20200127113640;W03-C-Antwerpen-West-FH05;19082;FTTH-Cu;;662455;20200622132318;;1630000;20779
4516822;Zoning;6803489;20200127113640;W03-C-Antwerpen-West-FH05;6803489;20200127113640;W03-C-Antwerpen-West-FH05;19082;FTTH-Cu;;35729897;20200908131513;;1630000;20779
2008741;Zoning;6803489;20200127113640;W03-C-Antwerpen-West-FH05;6803489;20200127113640;W03-C-Antwerpen-West-FH05;19082;FTTH-Cu;;662456;20200622132318;;1630000;20779
970922;Zoning;6803489;20200127113640;W03-C-Antwerpen-West-FH05;6803489;20200127113640;W03-C-Antwerpen-West-FH05;19082;FTTH-Cu;;725762;20200622132324;;1630000;20779
1343852;Zoning;6803489;20200127113640;W03-C-Antwerpen-West-FH05;6803489;20200127113640;W03-C-Antwerpen-West-FH05;19082;FTTH-Cu;;616936;20200908140612;;1630000;20790
2009144;Zoning;6803489;20200127113640;W03-C-Antwerpen-West-FH05;6803489;20200127113640;W03-C-Antwerpen-West-FH05;19082;FTTH-Cu;;35729907;20200622132327;;1630000;20790
2009158;Zoning;6803489;20200127113640;W03-C-Antwerpen-West-FH05;6803489;20200127113640;W03-C-Antwerpen-West-FH05;19082;FTTH-Cu;;662463;20200908141209;;1630000;20790
4014555;Zoning;6803489;20200127113640;W03-C-Antwerpen-West-FH05;6803489;20200127113640;W03-C-Antwerpen-West-FH05;19082;FTTH-Cu;;692129;20200908141312;;1630000;20790
2009173;Zoning;6803489;20200127113640;W03-C-Antwerpen-West-FH05;6803489;20200127113640;W03-C-Antwerpen-West-FH05;19082;FTTH-Cu;;662464;20200908141937;;1630000;20790
4247190;Zoning;6803489;20200127113640;W03-C-Antwerpen-West-FH05;6803489;20200127113640;W03-C-Antwerpen-West-FH05;19082;FTTH-Cu;;696355;20200622132322;;1630000;20790
2009191;Zoning;6803489;20200127113640;W03-C-Antwerpen-West-FH05;6803489;20200127113640;W03-C-Antwerpen-West-FH05;19082;FTTH-Cu;;662465;20200908141937;;1630000;20790
4516890;Zoning;6803489;20200127113640;W03-C-Antwerpen-West-FH05;6803489;20200127113640;W03-C-Antwerpen-West-FH05;19082;FTTH-Cu;;708339;20200908141222;;1630000;20790
2009229;Zoning;6803489;20200127113640;W03-C-Antwerpen-West-FH05;6803489;20200127113640;W03-C-Antwerpen-West-FH05;19082;FTTH-Cu;;662466;20200908141946;;1630000;20790
6457323;Zoning;6803489;20200127113640;W03-C-Antwerpen-West-FH05;6803489;20200127113640;W03-C-Antwerpen-West-FH05;19082;FTTH-Cu;;35729906;20200908141953;;1630000;20790
2009249;Zoning;6803489;20200127113640;W03-C-Antwerpen-West-FH05;6803489;20200127113640;W03-C-Antwerpen-West-FH05;19082;FTTH-Cu;;662467;20200622132318;;1630000;20790
2009277;Zoning;6803489;20200127113640;W03-C-Antwerpen-West-FH05;6803489;20200127113640;W03-C-Antwerpen-West-FH05;19082;FTTH-Cu;;35729911;20200908141241;;1630000;20790
2009296;Zoning;6803489;20200127113640;W03-C-Antwerpen-West-FH05;6803489;20200127113640;W03-C-Antwerpen-West-FH05;19082;FTTH-Cu;;662468;20200908142007;;1630000;20790
2009336;Zoning;6803489;20200127113640;W03-C-Antwerpen-West-FH05;6803489;20200127113640;W03-C-Antwerpen-West-FH05;19082;FTTH-Cu;;662469;20200622132318;;1630000;20790
2009347;Zoning;6803489;20200127113640;W03-C-Antwerpen-West-FH05;6803489;20200127113640;W03-C-Antwerpen-West-FH05;19082;FTTH-Cu;;662470;20200908142024;;1630000;20790
2009364;Zoning;6803489;20200127113640;W03-C-Antwerpen-West-FH05;6803489;20200127113640;W03-C-Antwerpen-West-FH05;19082;FTTH-Cu;;35729910;20200908142032;;1630000;20790
2009378;Zoning;6803489;20200127113640;W03-C-Antwerpen-West-FH05;6803489;20200127113640;W03-C-Antwerpen-West-FH05;19082;FTTH-Cu;;662471;20200908142043;;1630000;20790
2009391;Zoning;6803489;20200127113640;W03-C-Antwerpen-West-FH05;6803489;20200127113640;W03-C-Antwerpen-West-FH05;19082;FTTH-Cu;;35729909;20200908142103;;1630000;20790
44485;Zoning;6803489;20200127113640;W03-C-Antwerpen-West-FH05;6803489;20200127113640;W03-C-Antwerpen-West-FH05;19082;FTTH-Cu;;35729908;20200908142123;;1630000;20790
59109;Zoning;6803489;20200127113640;W03-C-Antwerpen-West-FH05;6803489;20200127113640;W03-C-Antwerpen-West-FH05;19082;FTTH-Cu;;714055;20200622132325;;1630000;24158
2041365;Zoning;6803489;20200127113640;W03-C-Antwerpen-West-FH05;6803489;20200127113640;W03-C-Antwerpen-West-FH05;19082;FTTH-Cu;;667738;20200909145945;;1630000;24158
2041367;Zoning;6803489;20200127113640;W03-C-Antwerpen-West-FH05;6803489;20200127113640;W03-C-Antwerpen-West-FH05;19082;FTTH-Cu;;667739;20200909145933;;1630000;24158
2041368;Zoning;6803489;20200127113640;W03-C-Antwerpen-West-FH05;6803489;20200127113640;W03-C-Antwerpen-West-FH05;19082;FTTH-Cu;;667740;20200909145927;;1630000;24158
2041372;Zoning;6803489;20200127113640;W03-C-Antwerpen-West-FH05;6803489;20200127113640;W03-C-Antwerpen-West-FH05;19082;FTTH-Cu;;667741;20200909145922;;1630000;24158
2041374;Zoning;6803489;20200127113640;W03-C-Antwerpen-West-FH05;6803489;20200127113640;W03-C-Antwerpen-West-FH05;19082;FTTH-Cu;;667742;20200909145917;;1630000;24158
2041378;Zoning;6803489;20200127113640;W03-C-Antwerpen-West-FH05;6803489;20200127113640;W03-C-Antwerpen-West-FH05;19082;FTTH-Cu;;667743;20200622132321;;1630000;24158
4509663;Zoning;6803489;20200127113640;W03-C-Antwerpen-West-FH05;6803489;20200127113640;W03-C-Antwerpen-West-FH05;19082;FTTH-Cu;;706958;20200909145848;;1630000;24158
4509664;Zoning;6803489;20200127113640;W03-C-Antwerpen-West-FH05;6803489;20200127113640;W03-C-Antwerpen-West-FH05;19082;FTTH-Cu;;706959;20200909145902;;1630000;24158
2041379;Zoning;6803489;20200127113640;W03-C-Antwerpen-West-FH05;6803489;20200127113640;W03-C-Antwerpen-West-FH05;19082;FTTH-Cu;;667744;20200909145854;;1630000;24158
2041382;Zoning;6803489;20200127113640;W03-C-Antwerpen-West-FH05;6803489;20200127113640;W03-C-Antwerpen-West-FH05;19082;FTTH-Cu;;667745;20200622132321;;1630000;24158
4186446;Zoning;6803489;20200127113640;W03-C-Antwerpen-West-FH05;6803489;20200127113640;W03-C-Antwerpen-West-FH05;19082;FTTH-Cu;;694990;20200909145828;;1630000;24158
59108;Zoning;6803489;20200127113640;W03-C-Antwerpen-West-FH05;6803489;20200127113640;W03-C-Antwerpen-West-FH05;19082;FTTH-Cu;;714054;20200909145823;;1630000;24158
57984;Zoning;6803489;20200127113640;W03-C-Antwerpen-West-FH05;6803489;20200127113640;W03-C-Antwerpen-West-FH05;19082;FTTH-Cu;;714013;20200909145638;;1630000;24158
2041389;Zoning;6803489;20200127113640;W03-C-Antwerpen-West-FH05;6803489;20200127113640;W03-C-Antwerpen-West-FH05;19082;FTTH-Cu;;667746;20200622132321;;1630000;24158
57985;Zoning;6803489;20200127113640;W03-C-Antwerpen-West-FH05;6803489;20200127113640;W03-C-Antwerpen-West-FH05;19082;FTTH-Cu;;714014;20200622132324;;1630000;24158
57988;Zoning;6803489;20200127113640;W03-C-Antwerpen-West-FH05;6803489;20200127113640;W03-C-Antwerpen-West-FH05;19082;FTTH-Cu;;714017;20200909144920;;1630000;24158
6440219;Zoning;6803489;20200127113640;W03-C-Antwerpen-West-FH05;6803489;20200127113640;W03-C-Antwerpen-West-FH05;19082;FTTH-Cu;;35729938;20200622132327;;1630000;24158
2041399;Zoning;6803489;20200127113640;W03-C-Antwerpen-West-FH05;6803489;20200127113640;W03-C-Antwerpen-West-FH05;19082;FTTH-Cu;;667747;20200622132321;;1630000;24158
57987;Zoning;6803489;20200127113640;W03-C-Antwerpen-West-FH05;6803489;20200127113640;W03-C-Antwerpen-West-FH05;19082;FTTH-Cu;;714016;20200622132325;;1630000;24158
57986;Zoning;6803489;20200127113640;W03-C-Antwerpen-West-FH05;6803489;20200127113640;W03-C-Antwerpen-West-FH05;19082;FTTH-Cu;;714015;20200909144552;;1630000;24158
4257200;Zoning;6803489;20200127113640;W03-C-Antwerpen-West-FH05;6803489;20200127113640;W03-C-Antwerpen-West-FH05;19082;FTTH-Cu;;35729940;20200622132327;;1630000;24158
1091147;Zoning;6803489;20200127113640;W03-C-Antwerpen-West-FH05;6803489;20200127113640;W03-C-Antwerpen-West-FH05;19082;FTTH-Cu;;612758;20200622132326;;1630000;24158
58000;Zoning;6803489;20200127113640;W03-C-Antwerpen-West-FH05;6803489;20200127113640;W03-C-Antwerpen-West-FH05;19082;FTTH-Cu;;35729939;20200909144559;;1630000;24158
59113;Zoning;6803489;20200127113640;W03-C-Antwerpen-West-FH05;6803489;20200127113640;W03-C-Antwerpen-West-FH05;19082;FTTH-Cu;;714056;20200622132325;;1630000;24163
2041413;Zoning;6803489;20200127113640;W03-C-Antwerpen-West-FH05;6803489;20200127113640;W03-C-Antwerpen-West-FH05;19082;FTTH-Cu;;667748;20200622132321;;1630000;24163
2041418;Zoning;6803489;20200127113640;W03-C-Antwerpen-West-FH05;6803489;20200127113640;W03-C-Antwerpen-West-FH05;19082;FTTH-Cu;;667750;20200622132321;;1630000;24163
4509673;Zoning;6803489;20200127113640;W03-C-Antwerpen-West-FH05;6803489;20200127113640;W03-C-Antwerpen-West-FH05;19082;FTTH-Cu;;706963;20200622132326;;1630000;24163
2041431;Zoning;6803489;20200127113640;W03-C-Antwerpen-West-FH05;6803489;20200127113640;W03-C-Antwerpen-West-FH05;19082;FTTH-Cu;;667752;20200622132321;;1630000;24163
2041438;Zoning;6803489;20200127113640;W03-C-Antwerpen-West-FH05;6803489;20200127113640;W03-C-Antwerpen-West-FH05;19082;FTTH-Cu;;667753;20200622132321;;1630000;24163
2041447;Zoning;6803489;20200127113640;W03-C-Antwerpen-West-FH05;6803489;20200127113640;W03-C-Antwerpen-West-FH05;19082;FTTH-Cu;;667754;20200622132321;;1630000;24163
4509674;Zoning;6803489;20200127113640;W03-C-Antwerpen-West-FH05;6803489;20200127113640;W03-C-Antwerpen-West-FH05;19082;FTTH-Cu;;706964;20200622132326;;1630000;24163
2041463;Zoning;6803489;20200127113640;W03-C-Antwerpen-West-FH05;6803489;20200127113640;W03-C-Antwerpen-West-FH05;19082;FTTH-Cu;;667756;20200622132321;;1630000;24163
2041476;Zoning;6803489;20200127113640;W03-C-Antwerpen-West-FH05;6803489;20200127113640;W03-C-Antwerpen-West-FH05;19082;FTTH-Cu;;667758;20200622132321;;1630000;24163
2041485;Zoning;6803489;20200127113640;W03-C-Antwerpen-West-FH05;6803489;20200127113640;W03-C-Antwerpen-West-FH05;19082;FTTH-Cu;;667760;20200622132321;;1630000;24163
2041490;Zoning;6803489;20200127113640;W03-C-Antwerpen-West-FH05;6803489;20200127113640;W03-C-Antwerpen-West-FH05;19082;FTTH-Cu;;667761;20200622132321;;1630000;24163
3928144;Zoning;6803489;20200127113640;W03-C-Antwerpen-West-FH05;6803489;20200127113640;W03-C-Antwerpen-West-FH05;19082;FTTH-Cu;;691143;20200622132319;;1630000;24163
2041502;Zoning;6803489;20200127113640;W03-C-Antwerpen-West-FH05;6803489;20200127113640;W03-C-Antwerpen-West-FH05;19082;FTTH-Cu;;667762;20200622132321;;1630000;24163
2041510;Zoning;6803489;20200127113640;W03-C-Antwerpen-West-FH05;6803489;20200127113640;W03-C-Antwerpen-West-FH05;19082;FTTH-Cu;;667764;20200622132321;;1630000;24163
4128682;Zoning;6803489;20200127113640;W03-C-Antwerpen-West-FH05;6803489;20200127113640;W03-C-Antwerpen-West-FH05;19082;FTTH-Cu;;693662;20200622132319;;1630000;24163
2041514;Zoning;6803489;20200127113640;W03-C-Antwerpen-West-FH05;6803489;20200127113640;W03-C-Antwerpen-West-FH05;19082;FTTH-Cu;;667765;20200622132321;;1630000;24163
3990226;Zoning;6803489;20200127113640;W03-C-Antwerpen-West-FH05;6803489;20200127113640;W03-C-Antwerpen-West-FH05;19082;FTTH-Cu;;691705;20200622132319;;1630000;24163
2041520;Zoning;6803489;20200127113640;W03-C-Antwerpen-West-FH05;6803489;20200127113640;W03-C-Antwerpen-West-FH05;19082;FTTH-Cu;;667767;20200622132321;;1630000;24163
2041526;Zoning;6803489;20200127113640;W03-C-Antwerpen-West-FH05;6803489;20200127113640;W03-C-Antwerpen-West-FH05;19082;FTTH-Cu;;667769;20200622132321;;1630000;24163
61770;Zoning;6803489;20200127113640;W03-C-Antwerpen-West-FH05;6803489;20200127113640;W03-C-Antwerpen-West-FH05;19082;FTTH-Cu;;716250;20200909144617;;1630000;24505
4508277;Zoning;6803489;20200127113640;W03-C-Antwerpen-West-FH05;6803489;20200127113640;W03-C-Antwerpen-West-FH05;19082;FTTH-Cu;;706783;20200909144613;;1630000;24505
61771;Zoning;6803489;20200127113640;W03-C-Antwerpen-West-FH05;6803489;20200127113640;W03-C-Antwerpen-West-FH05;19082;FTTH-Cu;;35729943;20200909144606;;1630000;24505
57981;Zoning;6803489;20200127113640;W03-C-Antwerpen-West-FH05;6803489;20200127113640;W03-C-Antwerpen-West-FH05;19082;FTTH-Cu;;714011;20200622132324;;1630000;24521
57982;Zoning;6803489;20200127113640;W03-C-Antwerpen-West-FH05;6803489;20200127113640;W03-C-Antwerpen-West-FH05;19082;FTTH-Cu;;714012;20200909144619;;1630000;24521
2044393;Zoning;6803489;20200127113640;W03-C-Antwerpen-West-FH05;6803489;20200127113640;W03-C-Antwerpen-West-FH05;19082;FTTH-Cu;;35729945;20200909144626;;1630000;24521
57983;Zoning;6803489;20200127113640;W03-C-Antwerpen-West-FH05;6803489;20200127113640;W03-C-Antwerpen-West-FH05;19082;FTTH-Cu;;35729944;20200622132327;;1630000;24521
4509400;Zoning;6803489;20200127113640;W03-C-Antwerpen-West-FH05;6803489;20200127113640;W03-C-Antwerpen-West-FH05;19082;FTTH-Cu;;706932;20200622132325;;1630000;44892
4509402;Zoning;6803489;20200127113640;W03-C-Antwerpen-West-FH05;6803489;20200127113640;W03-C-Antwerpen-West-FH05;19082;FTTH-Cu;;706933;20200622132325;;1630000;44892
2069167;Zoning;6803489;20200127113640;W03-C-Antwerpen-West-FH05;6803489;20200127113640;W03-C-Antwerpen-West-FH05;19082;FTTH-Cu;;35730109;20200622132328;;1630000;44892
60541;Zoning;6803489;20200127113640;W03-C-Antwerpen-West-FH05;6803489;20200127113640;W03-C-Antwerpen-West-FH05;19082;FTTH-Cu;;714379;20200908145444;;1630000;29444
60850;Zoning;6803489;20200127113640;W03-C-Antwerpen-West-FH05;6803489;20200127113640;W03-C-Antwerpen-West-FH05;19082;FTTH-Cu;;714688;20200622132324;;1630000;29444
4504819;Zoning;6803489;20200127113640;W03-C-Antwerpen-West-FH05;6803489;20200127113640;W03-C-Antwerpen-West-FH05;19082;FTTH-Cu;;35730006;20200908145450;;1630000;29444
2054318;Zoning;6803489;20200127113640;W03-C-Antwerpen-West-FH05;6803489;20200127113640;W03-C-Antwerpen-West-FH05;19082;FTTH-Cu;;677220;20200622132318;;1630000;29444
4504820;Zoning;6803489;20200127113640;W03-C-Antwerpen-West-FH05;6803489;20200127113640;W03-C-Antwerpen-West-FH05;19082;FTTH-Cu;;705964;20200622132326;;1630000;29444
60542;Zoning;6803489;20200127113640;W03-C-Antwerpen-West-FH05;6803489;20200127113640;W03-C-Antwerpen-West-FH05;19082;FTTH-Cu;;714380;20200622132326;;1630000;29444
4512895;Zoning;6803489;20200127113640;W03-C-Antwerpen-West-FH05;6803489;20200127113640;W03-C-Antwerpen-West-FH05;19082;FTTH-Cu;;35730005;20200908144618;;1630000;29444
4512896;Zoning;6803489;20200127113640;W03-C-Antwerpen-West-FH05;6803489;20200127113640;W03-C-Antwerpen-West-FH05;19082;FTTH-Cu;;707353;20200622132324;;1630000;29444
4019371;Zoning;6803489;20200127113640;W03-C-Antwerpen-West-FH05;6803489;20200127113640;W03-C-Antwerpen-West-FH05;19082;FTTH-Cu;;35730004;20200908145837;;1630000;29444
4512898;Zoning;6803489;20200127113640;W03-C-Antwerpen-West-FH05;6803489;20200127113640;W03-C-Antwerpen-West-FH05;19082;FTTH-Cu;;707354;20200908144650;;1630000;29444
5558096;Zoning;6803489;20200127113640;W03-C-Antwerpen-West-FH05;6803489;20200127113640;W03-C-Antwerpen-West-FH05;19082;FTTH-Cu;;35730002;20200908144630;;1630000;29444
60851;Zoning;6803489;20200127113640;W03-C-Antwerpen-West-FH05;6803489;20200127113640;W03-C-Antwerpen-West-FH05;19082;FTTH-Cu;;35730003;20200908144641;;1630000;29444
59129;Zoning;6803489;20200127113640;W03-C-Antwerpen-West-FH05;6803489;20200127113640;W03-C-Antwerpen-West-FH05;19082;FTTH-Cu;;714067;20200909152819;;1630000;29796
59128;Zoning;6803489;20200127113640;W03-C-Antwerpen-West-FH05;6803489;20200127113640;W03-C-Antwerpen-West-FH05;19082;FTTH-Cu;;714066;20200909152652;;1630000;29796
2055620;Zoning;6803489;20200127113640;W03-C-Antwerpen-West-FH05;6803489;20200127113640;W03-C-Antwerpen-West-FH05;19082;FTTH-Cu;;35730013;20200909152824;;1630000;29796
2055622;Zoning;6803489;20200127113640;W03-C-Antwerpen-West-FH05;6803489;20200127113640;W03-C-Antwerpen-West-FH05;19082;FTTH-Cu;;678382;20200909152830;;1630000;29796
1321110;Zoning;6803489;20200127113640;W03-C-Antwerpen-West-FH05;6803489;20200127113640;W03-C-Antwerpen-West-FH05;19082;FTTH-Cu;;616272;20200909152701;;1630000;29796
2055623;Zoning;6803489;20200127113640;W03-C-Antwerpen-West-FH05;6803489;20200127113640;W03-C-Antwerpen-West-FH05;19082;FTTH-Cu;;678383;20200909152837;;1630000;29796
4509687;Zoning;6803489;20200127113640;W03-C-Antwerpen-West-FH05;6803489;20200127113640;W03-C-Antwerpen-West-FH05;19082;FTTH-Cu;;35730012;20200909152708;;1630000;29796
2055624;Zoning;6803489;20200127113640;W03-C-Antwerpen-West-FH05;6803489;20200127113640;W03-C-Antwerpen-West-FH05;19082;FTTH-Cu;;35730011;20200622132328;;1630000;29796
4509695;Zoning;6803489;20200127113640;W03-C-Antwerpen-West-FH05;6803489;20200127113640;W03-C-Antwerpen-West-FH05;19082;FTTH-Cu;;706966;20200909153140;;1630000;29796
59127;Zoning;6803489;20200127113640;W03-C-Antwerpen-West-FH05;6803489;20200127113640;W03-C-Antwerpen-West-FH05;19082;FTTH-Cu;;35730009;20200909153208;;1630000;29796
4019791;Zoning;6803489;20200127113640;W03-C-Antwerpen-West-FH05;6803489;20200127113640;W03-C-Antwerpen-West-FH05;19082;FTTH-Cu;;35730008;20200909153157;;1630000;29796
2055627;Zoning;6803489;20200127113640;W03-C-Antwerpen-West-FH05;6803489;20200127113640;W03-C-Antwerpen-West-FH05;19082;FTTH-Cu;;35730007;20200909153203;;1630000;29796
6081390;Zoning;6803489;20200127113640;W03-C-Antwerpen-West-FH05;6803489;20200127113640;W03-C-Antwerpen-West-FH05;19082;FTTH-Cu;;35730010;20200622132328;;1630000;29796
60566;Zoning;6803489;20200127113640;W03-C-Antwerpen-West-FH05;6803489;20200127113640;W03-C-Antwerpen-West-FH05;19082;FTTH-Cu;;714389;20200909124321;;1630000;29838
2055646;Zoning;6803489;20200127113640;W03-C-Antwerpen-West-FH05;6803489;20200127113640;W03-C-Antwerpen-West-FH05;19082;FTTH-Cu;;35730016;20200622132328;;1630000;29838
1449385;Zoning;6803489;20200127113640;W03-C-Antwerpen-West-FH05;6803489;20200127113640;W03-C-Antwerpen-West-FH05;19082;FTTH-Cu;;35730015;20200909124325;;1630000;29838
2055647;Zoning;6803489;20200127113640;W03-C-Antwerpen-West-FH05;6803489;20200127113640;W03-C-Antwerpen-West-FH05;19082;FTTH-Cu;;678399;20200622132318;;1630000;29838
2055648;Zoning;6803489;20200127113640;W03-C-Antwerpen-West-FH05;6803489;20200127113640;W03-C-Antwerpen-West-FH05;19082;FTTH-Cu;;678400;20200909124313;;1630000;29838
2055649;Zoning;6803489;20200127113640;W03-C-Antwerpen-West-FH05;6803489;20200127113640;W03-C-Antwerpen-West-FH05;19082;FTTH-Cu;;678401;20200622132318;;1630000;29838
2055650;Zoning;6803489;20200127113640;W03-C-Antwerpen-West-FH05;6803489;20200127113640;W03-C-Antwerpen-West-FH05;19082;FTTH-Cu;;678402;20200909124309;;1630000;29838
2055651;Zoning;6803489;20200127113640;W03-C-Antwerpen-West-FH05;6803489;20200127113640;W03-C-Antwerpen-West-FH05;19082;FTTH-Cu;;678403;20200622132318;;1630000;29838
4512827;Zoning;6803489;20200127113640;W03-C-Antwerpen-West-FH05;6803489;20200127113640;W03-C-Antwerpen-West-FH05;19082;FTTH-Cu;;707348;20200622132324;;1630000;29838
2055653;Zoning;6803489;20200127113640;W03-C-Antwerpen-West-FH05;6803489;20200127113640;W03-C-Antwerpen-West-FH05;19082;FTTH-Cu;;678404;20200909124306;;1630000;29838
48875;Zoning;6803489;20200127113640;W03-C-Antwerpen-West-FH05;6803489;20200127113640;W03-C-Antwerpen-West-FH05;19082;FTTH-Cu;;710469;20200622132325;;1630000;29838
2055654;Zoning;6803489;20200127113640;W03-C-Antwerpen-West-FH05;6803489;20200127113640;W03-C-Antwerpen-West-FH05;19082;FTTH-Cu;;678405;20200909124302;;1630000;29838
60567;Zoning;6803489;20200127113640;W03-C-Antwerpen-West-FH05;6803489;20200127113640;W03-C-Antwerpen-West-FH05;19082;FTTH-Cu;;714390;20200909124258;;1630000;29838
60568;Zoning;6803489;20200127113640;W03-C-Antwerpen-West-FH05;6803489;20200127113640;W03-C-Antwerpen-West-FH05;19082;FTTH-Cu;;714391;20200909124254;;1630000;29838
4504850;Zoning;6803489;20200127113640;W03-C-Antwerpen-West-FH05;6803489;20200127113640;W03-C-Antwerpen-West-FH05;19082;FTTH-Cu;;35730014;20200909124245;;1630000;29838
61477;Zoning;6803489;20200127113640;W03-C-Antwerpen-West-FH05;6803489;20200127113640;W03-C-Antwerpen-West-FH05;19082;FTTH-Cu;;715677;20200909141132;;1630000;30059
61476;Zoning;6803489;20200127113640;W03-C-Antwerpen-West-FH05;6803489;20200127113640;W03-C-Antwerpen-West-FH05;19082;FTTH-Cu;;715669;20200909140527;;1630000;30059
2055926;Zoning;6803489;20200127113640;W03-C-Antwerpen-West-FH05;6803489;20200127113640;W03-C-Antwerpen-West-FH05;19082;FTTH-Cu;;678641;20200909141136;;1630000;30059
2055927;Zoning;6803489;20200127113640;W03-C-Antwerpen-West-FH05;6803489;20200127113640;W03-C-Antwerpen-West-FH05;19082;FTTH-Cu;;678642;20200909140532;;1630000;30059
2055928;Zoning;6803489;20200127113640;W03-C-Antwerpen-West-FH05;6803489;20200127113640;W03-C-Antwerpen-West-FH05;19082;FTTH-Cu;;678643;20200622132318;;1630000;30059
48770;Zoning;6803489;20200127113640;W03-C-Antwerpen-West-FH05;6803489;20200127113640;W03-C-Antwerpen-West-FH05;19082;FTTH-Cu;;710412;20200909140537;;1630000;30059
4508729;Zoning;6803489;20200127113640;W03-C-Antwerpen-West-FH05;6803489;20200127113640;W03-C-Antwerpen-West-FH05;19082;FTTH-Cu;;706858;20200909141144;;1630000;30059
61478;Zoning;6803489;20200127113640;W03-C-Antwerpen-West-FH05;6803489;20200127113640;W03-C-Antwerpen-West-FH05;19082;FTTH-Cu;;715678;20200909140545;;1630000;30059
4508732;Zoning;6803489;20200127113640;W03-C-Antwerpen-West-FH05;6803489;20200127113640;W03-C-Antwerpen-West-FH05;19082;FTTH-Cu;;706859;20200909141153;;1630000;30059
48766;Zoning;6803489;20200127113640;W03-C-Antwerpen-West-FH05;6803489;20200127113640;W03-C-Antwerpen-West-FH05;19082;FTTH-Cu;;710408;20200909140033;;1630000;30059
48771;Zoning;6803489;20200127113640;W03-C-Antwerpen-West-FH05;6803489;20200127113640;W03-C-Antwerpen-West-FH05;19082;FTTH-Cu;;710413;20200622132325;;1630000;30059
2055930;Zoning;6803489;20200127113640;W03-C-Antwerpen-West-FH05;6803489;20200127113640;W03-C-Antwerpen-West-FH05;19082;FTTH-Cu;;678644;20200909140041;;1630000;30059
48768;Zoning;6803489;20200127113640;W03-C-Antwerpen-West-FH05;6803489;20200127113640;W03-C-Antwerpen-West-FH05;19082;FTTH-Cu;;710410;20200622132325;;1630000;30059
2055931;Zoning;6803489;20200127113640;W03-C-Antwerpen-West-FH05;6803489;20200127113640;W03-C-Antwerpen-West-FH05;19082;FTTH-Cu;;678645;20200909140044;;1630000;30059
4509804;Zoning;6803489;20200127113640;W03-C-Antwerpen-West-FH05;6803489;20200127113640;W03-C-Antwerpen-West-FH05;19082;FTTH-Cu;;35730019;20200909142216;;1630000;30059
2055932;Zoning;6803489;20200127113640;W03-C-Antwerpen-West-FH05;6803489;20200127113640;W03-C-Antwerpen-West-FH05;19082;FTTH-Cu;;678646;20200909140049;;1630000;30059
4509821;Zoning;6803489;20200127113640;W03-C-Antwerpen-West-FH05;6803489;20200127113640;W03-C-Antwerpen-West-FH05;19082;FTTH-Cu;;706984;20200909142211;;1630000;30059
4509800;Zoning;6803489;20200127113640;W03-C-Antwerpen-West-FH05;6803489;20200127113640;W03-C-Antwerpen-West-FH05;19082;FTTH-Cu;;35730018;20200909140026;;1630000;30059
2055933;Zoning;6803489;20200127113640;W03-C-Antwerpen-West-FH05;6803489;20200127113640;W03-C-Antwerpen-West-FH05;19082;FTTH-Cu;;35730017;20200909142206;;1630000;30059
2055934;Zoning;6803489;20200127113640;W03-C-Antwerpen-West-FH05;6803489;20200127113640;W03-C-Antwerpen-West-FH05;19082;FTTH-Cu;;678647;20200909140058;;1630000;30059
2055935;Zoning;6803489;20200127113640;W03-C-Antwerpen-West-FH05;6803489;20200127113640;W03-C-Antwerpen-West-FH05;19082;FTTH-Cu;;678648;20200622132318;;1630000;30059
2055936;Zoning;6803489;20200127113640;W03-C-Antwerpen-West-FH05;6803489;20200127113640;W03-C-Antwerpen-West-FH05;19082;FTTH-Cu;;678649;20200909140103;;1630000;30059
2055937;Zoning;6803489;20200127113640;W03-C-Antwerpen-West-FH05;6803489;20200127113640;W03-C-Antwerpen-West-FH05;19082;FTTH-Cu;;678650;20200622132318;;1630000;30059
2055938;Zoning;6803489;20200127113640;W03-C-Antwerpen-West-FH05;6803489;20200127113640;W03-C-Antwerpen-West-FH05;19082;FTTH-Cu;;678651;20200909140112;;1630000;30059
2055939;Zoning;6803489;20200127113640;W03-C-Antwerpen-West-FH05;6803489;20200127113640;W03-C-Antwerpen-West-FH05;19082;FTTH-Cu;;678652;20200909142202;;1630000;30059
2055940;Zoning;6803489;20200127113640;W03-C-Antwerpen-West-FH05;6803489;20200127113640;W03-C-Antwerpen-West-FH05;19082;FTTH-Cu;;678653;20200909140116;;1630000;30059
48769;Zoning;6803489;20200127113640;W03-C-Antwerpen-West-FH05;6803489;20200127113640;W03-C-Antwerpen-West-FH05;19082;FTTH-Cu;;710411;20200622132325;;1630000;30059
2055941;Zoning;6803489;20200127113640;W03-C-Antwerpen-West-FH05;6803489;20200127113640;W03-C-Antwerpen-West-FH05;19082;FTTH-Cu;;678654;20200909140121;;1630000;30059
2055942;Zoning;6803489;20200127113640;W03-C-Antwerpen-West-FH05;6803489;20200127113640;W03-C-Antwerpen-West-FH05;19082;FTTH-Cu;;678655;20200909140125;;1630000;30059
2055943;Zoning;6803489;20200127113640;W03-C-Antwerpen-West-FH05;6803489;20200127113640;W03-C-Antwerpen-West-FH05;19082;FTTH-Cu;;678656;20200909140131;;1630000;30059
12587;Zoning;6803489;20200127113640;W03-C-Antwerpen-West-FH05;6803489;20200127113640;W03-C-Antwerpen-West-FH05;19082;FTTH-Cu;;615232;20200909140136;;1630000;30059
48767;Zoning;6803489;20200127113640;W03-C-Antwerpen-West-FH05;6803489;20200127113640;W03-C-Antwerpen-West-FH05;19082;FTTH-Cu;;710409;20200909140141;;1630000;30059
1059365;Zoning;6803489;20200127113640;W03-C-Antwerpen-West-FH05;6803489;20200127113640;W03-C-Antwerpen-West-FH05;19082;FTTH-Cu;;612270;20200622132327;;1630000;30778
1059364;Zoning;6803489;20200127113640;W03-C-Antwerpen-West-FH05;6803489;20200127113640;W03-C-Antwerpen-West-FH05;19082;FTTH-Cu;;612269;20200909143239;;1630000;30778
2057138;Zoning;6803489;20200127113640;W03-C-Antwerpen-West-FH05;6803489;20200127113640;W03-C-Antwerpen-West-FH05;19082;FTTH-Cu;;679691;20200909143502;;1630000;30778
4505418;Zoning;6803489;20200127113640;W03-C-Antwerpen-West-FH05;6803489;20200127113640;W03-C-Antwerpen-West-FH05;19082;FTTH-Cu;;35730020;20200622132328;;1630000;30778
2057139;Zoning;6803489;20200127113640;W03-C-Antwerpen-West-FH05;6803489;20200127113640;W03-C-Antwerpen-West-FH05;19082;FTTH-Cu;;679692;20200909143510;;1630000;30778
4505419;Zoning;6803489;20200127113640;W03-C-Antwerpen-West-FH05;6803489;20200127113640;W03-C-Antwerpen-West-FH05;19082;FTTH-Cu;;706145;20200909143247;;1630000;30778
2057140;Zoning;6803489;20200127113640;W03-C-Antwerpen-West-FH05;6803489;20200127113640;W03-C-Antwerpen-West-FH05;19082;FTTH-Cu;;679693;20200909143251;;1630000;30778
1059363;Zoning;6803489;20200127113640;W03-C-Antwerpen-West-FH05;6803489;20200127113640;W03-C-Antwerpen-West-FH05;19082;FTTH-Cu;;612268;20200909143254;;1630000;30778
58136;Zoning;6803489;20200127113640;W03-C-Antwerpen-West-FH05;6803489;20200127113640;W03-C-Antwerpen-West-FH05;19082;FTTH-Cu;;714048;20200622132325;;1630000;31633
2058908;Zoning;6803489;20200127113640;W03-C-Antwerpen-West-FH05;6803489;20200127113640;W03-C-Antwerpen-West-FH05;19082;FTTH-Cu;;681304;20200622132318;;1630000;31633
2058909;Zoning;6803489;20200127113640;W03-C-Antwerpen-West-FH05;6803489;20200127113640;W03-C-Antwerpen-West-FH05;19082;FTTH-Cu;;681305;20200909150459;;1630000;31633
2058910;Zoning;6803489;20200127113640;W03-C-Antwerpen-West-FH05;6803489;20200127113640;W03-C-Antwerpen-West-FH05;19082;FTTH-Cu;;681306;20200622132318;;1630000;31633
2058911;Zoning;6803489;20200127113640;W03-C-Antwerpen-West-FH05;6803489;20200127113640;W03-C-Antwerpen-West-FH05;19082;FTTH-Cu;;35730022;20200622132328;;1630000;31633
2058912;Zoning;6803489;20200127113640;W03-C-Antwerpen-West-FH05;6803489;20200127113640;W03-C-Antwerpen-West-FH05;19082;FTTH-Cu;;35730021;20200622132328;;1630000;31633
2058913;Zoning;6803489;20200127113640;W03-C-Antwerpen-West-FH05;6803489;20200127113640;W03-C-Antwerpen-West-FH05;19082;FTTH-Cu;;681307;20200622132318;;1630000;31633
2058914;Zoning;6803489;20200127113640;W03-C-Antwerpen-West-FH05;6803489;20200127113640;W03-C-Antwerpen-West-FH05;19082;FTTH-Cu;;681308;20200622132318;;1630000;31633
58137;Zoning;6803489;20200127113640;W03-C-Antwerpen-West-FH05;6803489;20200127113640;W03-C-Antwerpen-West-FH05;19082;FTTH-Cu;;714049;20200622132325;;1630000;31633
58135;Zoning;6803489;20200127113640;W03-C-Antwerpen-West-FH05;6803489;20200127113640;W03-C-Antwerpen-West-FH05;19082;FTTH-Cu;;714047;20200622132325;;1630000;31633
59130;Zoning;6803489;20200127113640;W03-C-Antwerpen-West-FH05;6803489;20200127113640;W03-C-Antwerpen-West-FH05;19082;FTTH-Cu;;714068;20200909145548;;1630000;31633
12617;Zoning;6803489;20200127113640;W03-C-Antwerpen-West-FH05;6803489;20200127113640;W03-C-Antwerpen-West-FH05;19082;FTTH-Cu;;615292;20200909145543;;1630000;31633
59131;Zoning;6803489;20200127113640;W03-C-Antwerpen-West-FH05;6803489;20200127113640;W03-C-Antwerpen-West-FH05;19082;FTTH-Cu;;714069;20200909145538;;1630000;31633
864269;Zoning;6803489;20200127113640;W03-C-Antwerpen-West-FH05;6803489;20200127113640;W03-C-Antwerpen-West-FH05;19082;FTTH-Cu;;724135;20200909152337;;1630000;31633
2058916;Zoning;6803489;20200127113640;W03-C-Antwerpen-West-FH05;6803489;20200127113640;W03-C-Antwerpen-West-FH05;19082;FTTH-Cu;;681309;20200909152332;;1630000;31633
4198895;Zoning;6803489;20200127113640;W03-C-Antwerpen-West-FH05;6803489;20200127113640;W03-C-Antwerpen-West-FH05;19082;FTTH-Cu;;695271;20200909152322;;1630000;31633
2058917;Zoning;6803489;20200127113640;W03-C-Antwerpen-West-FH05;6803489;20200127113640;W03-C-Antwerpen-West-FH05;19082;FTTH-Cu;;681310;20200909152312;;1630000;31633
2058918;Zoning;6803489;20200127113640;W03-C-Antwerpen-West-FH05;6803489;20200127113640;W03-C-Antwerpen-West-FH05;19082;FTTH-Cu;;681311;20200909152307;;1630000;31633
2058919;Zoning;6803489;20200127113640;W03-C-Antwerpen-West-FH05;6803489;20200127113640;W03-C-Antwerpen-West-FH05;19082;FTTH-Cu;;681312;20200909152301;;1630000;31633
864270;Zoning;6803489;20200127113640;W03-C-Antwerpen-West-FH05;6803489;20200127113640;W03-C-Antwerpen-West-FH05;19082;FTTH-Cu;;724136;20200909152444;;1630000;31633
1450550;Zoning;6803489;20200127113640;W03-C-Antwerpen-West-FH05;6803489;20200127113640;W03-C-Antwerpen-West-FH05;19082;FTTH-Cu;;618331;20200909150952;;1630000;31633
58139;Zoning;6803489;20200127113640;W03-C-Antwerpen-West-FH05;6803489;20200127113640;W03-C-Antwerpen-West-FH05;19082;FTTH-Cu;;714051;20200909150941;;1630000;31633
2058921;Zoning;6803489;20200127113640;W03-C-Antwerpen-West-FH05;6803489;20200127113640;W03-C-Antwerpen-West-FH05;19082;FTTH-Cu;;681313;20200909150934;;1630000;31633
2058922;Zoning;6803489;20200127113640;W03-C-Antwerpen-West-FH05;6803489;20200127113640;W03-C-Antwerpen-West-FH05;19082;FTTH-Cu;;681314;20200909150928;;1630000;31633
58138;Zoning;6803489;20200127113640;W03-C-Antwerpen-West-FH05;6803489;20200127113640;W03-C-Antwerpen-West-FH05;19082;FTTH-Cu;;714050;20200909150923;;1630000;31633
2059767;Zoning;6803489;20200127113640;W03-C-Antwerpen-West-FH05;6803489;20200127113640;W03-C-Antwerpen-West-FH05;19082;FTTH-Cu;;682048;20200908141147;;1630000;32008
972214;Zoning;6803489;20200127113640;W03-C-Antwerpen-West-FH05;6803489;20200127113640;W03-C-Antwerpen-West-FH05;19082;FTTH-Cu;;725951;20200622132324;;1630000;32008
4274805;Zoning;6803489;20200127113640;W03-C-Antwerpen-West-FH05;6803489;20200127113640;W03-C-Antwerpen-West-FH05;19082;FTTH-Cu;;696927;20200908141120;;1630000;32008
3928533;Zoning;6803489;20200127113640;W03-C-Antwerpen-West-FH05;6803489;20200127113640;W03-C-Antwerpen-West-FH05;19082;FTTH-Cu;;691332;20200908141112;;1630000;32008
2059769;Zoning;6803489;20200127113640;W03-C-Antwerpen-West-FH05;6803489;20200127113640;W03-C-Antwerpen-West-FH05;19082;FTTH-Cu;;682049;20200908141105;;1630000;32008
4516886;Zoning;6803489;20200127113640;W03-C-Antwerpen-West-FH05;6803489;20200127113640;W03-C-Antwerpen-West-FH05;19082;FTTH-Cu;;35730023;20200908140905;;1630000;32008
2059770;Zoning;6803489;20200127113640;W03-C-Antwerpen-West-FH05;6803489;20200127113640;W03-C-Antwerpen-West-FH05;19082;FTTH-Cu;;682050;20200908141054;;1630000;32008
972213;Zoning;6803489;20200127113640;W03-C-Antwerpen-West-FH05;6803489;20200127113640;W03-C-Antwerpen-West-FH05;19082;FTTH-Cu;;725950;20200908141043;;1630000;32008
60835;Zoning;6803489;20200127113640;W03-C-Antwerpen-West-FH05;6803489;20200127113640;W03-C-Antwerpen-West-FH05;19082;FTTH-Cu;;714654;20200908143727;;1630000;32696
2061094;Zoning;6803489;20200127113640;W03-C-Antwerpen-West-FH05;6803489;20200127113640;W03-C-Antwerpen-West-FH05;19082;FTTH-Cu;;683103;20200908143718;;1630000;32696
4027936;Zoning;6803489;20200127113640;W03-C-Antwerpen-West-FH05;6803489;20200127113640;W03-C-Antwerpen-West-FH05;19082;FTTH-Cu;;692397;20200908142314;;1630000;32696
4512877;Zoning;6803489;20200127113640;W03-C-Antwerpen-West-FH05;6803489;20200127113640;W03-C-Antwerpen-West-FH05;19082;FTTH-Cu;;707351;20200908143753;;1630000;32696
2061095;Zoning;6803489;20200127113640;W03-C-Antwerpen-West-FH05;6803489;20200127113640;W03-C-Antwerpen-West-FH05;19082;FTTH-Cu;;683104;20200908142306;;1630000;32696
2061096;Zoning;6803489;20200127113640;W03-C-Antwerpen-West-FH05;6803489;20200127113640;W03-C-Antwerpen-West-FH05;19082;FTTH-Cu;;35730025;20200908143806;;1630000;32696
2061097;Zoning;6803489;20200127113640;W03-C-Antwerpen-West-FH05;6803489;20200127113640;W03-C-Antwerpen-West-FH05;19082;FTTH-Cu;;683105;20200622132319;;1630000;32696
60834;Zoning;6803489;20200127113640;W03-C-Antwerpen-West-FH05;6803489;20200127113640;W03-C-Antwerpen-West-FH05;19082;FTTH-Cu;;714651;20200908142234;;1630000;32696
60836;Zoning;6803489;20200127113640;W03-C-Antwerpen-West-FH05;6803489;20200127113640;W03-C-Antwerpen-West-FH05;19082;FTTH-Cu;;714664;20200622132326;;1630000;32696
6524103;Zoning;6803489;20200127113640;W03-C-Antwerpen-West-FH05;6803489;20200127113640;W03-C-Antwerpen-West-FH05;19082;FTTH-Cu;;35730024;20200908142224;;1630000;32696
48850;Zoning;6803489;20200127113640;W03-C-Antwerpen-West-FH05;6803489;20200127113640;W03-C-Antwerpen-West-FH05;19082;FTTH-Cu;;710450;20200622132325;;1630000;32739
60545;Zoning;6803489;20200127113640;W03-C-Antwerpen-West-FH05;6803489;20200127113640;W03-C-Antwerpen-West-FH05;19082;FTTH-Cu;;714381;20200909132306;;1630000;32739
2061170;Zoning;6803489;20200127113640;W03-C-Antwerpen-West-FH05;6803489;20200127113640;W03-C-Antwerpen-West-FH05;19082;FTTH-Cu;;683176;20200622132319;;1630000;32739
2061171;Zoning;6803489;20200127113640;W03-C-Antwerpen-West-FH05;6803489;20200127113640;W03-C-Antwerpen-West-FH05;19082;FTTH-Cu;;683177;20200909132310;;1630000;32739
2061172;Zoning;6803489;20200127113640;W03-C-Antwerpen-West-FH05;6803489;20200127113640;W03-C-Antwerpen-West-FH05;19082;FTTH-Cu;;683178;20200622132319;;1630000;32739
2061173;Zoning;6803489;20200127113640;W03-C-Antwerpen-West-FH05;6803489;20200127113640;W03-C-Antwerpen-West-FH05;19082;FTTH-Cu;;683179;20200909132313;;1630000;32739
48849;Zoning;6803489;20200127113640;W03-C-Antwerpen-West-FH05;6803489;20200127113640;W03-C-Antwerpen-West-FH05;19082;FTTH-Cu;;710449;20200622132325;;1630000;32739
2061174;Zoning;6803489;20200127113640;W03-C-Antwerpen-West-FH05;6803489;20200127113640;W03-C-Antwerpen-West-FH05;19082;FTTH-Cu;;35730026;20200909132710;;1630000;32739
2061176;Zoning;6803489;20200127113640;W03-C-Antwerpen-West-FH05;6803489;20200127113640;W03-C-Antwerpen-West-FH05;19082;FTTH-Cu;;683180;20200909132316;;1630000;32739
48848;Zoning;6803489;20200127113640;W03-C-Antwerpen-West-FH05;6803489;20200127113640;W03-C-Antwerpen-West-FH05;19082;FTTH-Cu;;710448;20200622132325;;1630000;32739
2061178;Zoning;6803489;20200127113640;W03-C-Antwerpen-West-FH05;6803489;20200127113640;W03-C-Antwerpen-West-FH05;19082;FTTH-Cu;;683181;20200909132320;;1630000;32739
2061179;Zoning;6803489;20200127113640;W03-C-Antwerpen-West-FH05;6803489;20200127113640;W03-C-Antwerpen-West-FH05;19082;FTTH-Cu;;683182;20200622132319;;1630000;32739
2061180;Zoning;6803489;20200127113640;W03-C-Antwerpen-West-FH05;6803489;20200127113640;W03-C-Antwerpen-West-FH05;19082;FTTH-Cu;;683183;20200909132325;;1630000;32739
2061181;Zoning;6803489;20200127113640;W03-C-Antwerpen-West-FH05;6803489;20200127113640;W03-C-Antwerpen-West-FH05;19082;FTTH-Cu;;683184;20200622132319;;1630000;32739
2061182;Zoning;6803489;20200127113640;W03-C-Antwerpen-West-FH05;6803489;20200127113640;W03-C-Antwerpen-West-FH05;19082;FTTH-Cu;;683185;20200909132329;;1630000;32739
2061183;Zoning;6803489;20200127113640;W03-C-Antwerpen-West-FH05;6803489;20200127113640;W03-C-Antwerpen-West-FH05;19082;FTTH-Cu;;683186;20200622132319;;1630000;32739
2061184;Zoning;6803489;20200127113640;W03-C-Antwerpen-West-FH05;6803489;20200127113640;W03-C-Antwerpen-West-FH05;19082;FTTH-Cu;;683187;20200909132333;;1630000;32739
2061185;Zoning;6803489;20200127113640;W03-C-Antwerpen-West-FH05;6803489;20200127113640;W03-C-Antwerpen-West-FH05;19082;FTTH-Cu;;683188;20200622132319;;1630000;32739
2061186;Zoning;6803489;20200127113640;W03-C-Antwerpen-West-FH05;6803489;20200127113640;W03-C-Antwerpen-West-FH05;19082;FTTH-Cu;;683189;20200909132338;;1630000;32739
2061187;Zoning;6803489;20200127113640;W03-C-Antwerpen-West-FH05;6803489;20200127113640;W03-C-Antwerpen-West-FH05;19082;FTTH-Cu;;683190;20200622132319;;1630000;32739
2061188;Zoning;6803489;20200127113640;W03-C-Antwerpen-West-FH05;6803489;20200127113640;W03-C-Antwerpen-West-FH05;19082;FTTH-Cu;;35730031;20200909132342;;1630000;32739
2061189;Zoning;6803489;20200127113640;W03-C-Antwerpen-West-FH05;6803489;20200127113640;W03-C-Antwerpen-West-FH05;19082;FTTH-Cu;;683191;20200622132319;;1630000;32739
2061190;Zoning;6803489;20200127113640;W03-C-Antwerpen-West-FH05;6803489;20200127113640;W03-C-Antwerpen-West-FH05;19082;FTTH-Cu;;683192;20200622132319;;1630000;32739
2061191;Zoning;6803489;20200127113640;W03-C-Antwerpen-West-FH05;6803489;20200127113640;W03-C-Antwerpen-West-FH05;19082;FTTH-Cu;;683193;20200622132319;;1630000;32739
2061192;Zoning;6803489;20200127113640;W03-C-Antwerpen-West-FH05;6803489;20200127113640;W03-C-Antwerpen-West-FH05;19082;FTTH-Cu;;683194;20200622132319;;1630000;32739
2061193;Zoning;6803489;20200127113640;W03-C-Antwerpen-West-FH05;6803489;20200127113640;W03-C-Antwerpen-West-FH05;19082;FTTH-Cu;;683195;20200909133251;;1630000;32739
4504834;Zoning;6803489;20200127113640;W03-C-Antwerpen-West-FH05;6803489;20200127113640;W03-C-Antwerpen-West-FH05;19082;FTTH-Cu;;705971;20200622132326;;1630000;32739
2061194;Zoning;6803489;20200127113640;W03-C-Antwerpen-West-FH05;6803489;20200127113640;W03-C-Antwerpen-West-FH05;19082;FTTH-Cu;;35730030;20200909133340;;1630000;32739
6339522;Zoning;6803489;20200127113640;W03-C-Antwerpen-West-FH05;6803489;20200127113640;W03-C-Antwerpen-West-FH05;19082;FTTH-Cu;;35730027;20200909133256;;1630000;32739
2061195;Zoning;6803489;20200127113640;W03-C-Antwerpen-West-FH05;6803489;20200127113640;W03-C-Antwerpen-West-FH05;19082;FTTH-Cu;;683196;20200909132409;;1630000;32739
2061196;Zoning;6803489;20200127113640;W03-C-Antwerpen-West-FH05;6803489;20200127113640;W03-C-Antwerpen-West-FH05;19082;FTTH-Cu;;683197;20200909133300;;1630000;32739
2061197;Zoning;6803489;20200127113640;W03-C-Antwerpen-West-FH05;6803489;20200127113640;W03-C-Antwerpen-West-FH05;19082;FTTH-Cu;;683198;20200622132319;;1630000;32739
4512818;Zoning;6803489;20200127113640;W03-C-Antwerpen-West-FH05;6803489;20200127113640;W03-C-Antwerpen-West-FH05;19082;FTTH-Cu;;707347;20200909133306;;1630000;32739
2061198;Zoning;6803489;20200127113640;W03-C-Antwerpen-West-FH05;6803489;20200127113640;W03-C-Antwerpen-West-FH05;19082;FTTH-Cu;;683199;20200622132319;;1630000;32739
2061199;Zoning;6803489;20200127113640;W03-C-Antwerpen-West-FH05;6803489;20200127113640;W03-C-Antwerpen-West-FH05;19082;FTTH-Cu;;35730029;20200909133311;;1630000;32739
2061200;Zoning;6803489;20200127113640;W03-C-Antwerpen-West-FH05;6803489;20200127113640;W03-C-Antwerpen-West-FH05;19082;FTTH-Cu;;683200;20200909132418;;1630000;32739
2061201;Zoning;6803489;20200127113640;W03-C-Antwerpen-West-FH05;6803489;20200127113640;W03-C-Antwerpen-West-FH05;19082;FTTH-Cu;;683201;20200909133315;;1630000;32739
12589;Zoning;6803489;20200127113640;W03-C-Antwerpen-West-FH05;6803489;20200127113640;W03-C-Antwerpen-West-FH05;19082;FTTH-Cu;;615233;20200909132422;;1630000;32739
48847;Zoning;6803489;20200127113640;W03-C-Antwerpen-West-FH05;6803489;20200127113640;W03-C-Antwerpen-West-FH05;19082;FTTH-Cu;;710447;20200909133323;;1630000;32739
60544;Zoning;6803489;20200127113640;W03-C-Antwerpen-West-FH05;6803489;20200127113640;W03-C-Antwerpen-West-FH05;19082;FTTH-Cu;;35730028;20200909132426;;1630000;32739
864223;Zoning;6803489;20200127113640;W03-C-Antwerpen-West-FH05;6803489;20200127113640;W03-C-Antwerpen-West-FH05;19082;FTTH-Cu;;724134;20200909152434;;1630000;32766
6721872;Zoning;6803489;20200127113640;W03-C-Antwerpen-West-FH05;6803489;20200127113640;W03-C-Antwerpen-West-FH05;19082;FTTH-Cu;;35730034;20200622132328;;1630000;32766
2061254;Zoning;6803489;20200127113640;W03-C-Antwerpen-West-FH05;6803489;20200127113640;W03-C-Antwerpen-West-FH05;19082;FTTH-Cu;;683246;20200622132319;;1630000;32766
58124;Zoning;6803489;20200127113640;W03-C-Antwerpen-West-FH05;6803489;20200127113640;W03-C-Antwerpen-West-FH05;19082;FTTH-Cu;;714039;20200622132325;;1630000;32766
58125;Zoning;6803489;20200127113640;W03-C-Antwerpen-West-FH05;6803489;20200127113640;W03-C-Antwerpen-West-FH05;19082;FTTH-Cu;;714040;20200622132325;;1630000;32766
58123;Zoning;6803489;20200127113640;W03-C-Antwerpen-West-FH05;6803489;20200127113640;W03-C-Antwerpen-West-FH05;19082;FTTH-Cu;;35730033;20200622132328;;1630000;32766
2061255;Zoning;6803489;20200127113640;W03-C-Antwerpen-West-FH05;6803489;20200127113640;W03-C-Antwerpen-West-FH05;19082;FTTH-Cu;;683247;20200622132319;;1630000;32766
4509616;Zoning;6803489;20200127113640;W03-C-Antwerpen-West-FH05;6803489;20200127113640;W03-C-Antwerpen-West-FH05;19082;FTTH-Cu;;35730032;20200622132328;;1630000;32766
1321066;Zoning;6803489;20200127113640;W03-C-Antwerpen-West-FH05;6803489;20200127113640;W03-C-Antwerpen-West-FH05;19082;FTTH-Cu;;616266;20200622132327;;1630000;32766
58126;Zoning;6803489;20200127113640;W03-C-Antwerpen-West-FH05;6803489;20200127113640;W03-C-Antwerpen-West-FH05;19082;FTTH-Cu;;714041;20200622132325;;1630000;32766
2061256;Zoning;6803489;20200127113640;W03-C-Antwerpen-West-FH05;6803489;20200127113640;W03-C-Antwerpen-West-FH05;19082;FTTH-Cu;;683248;20200622132319;;1630000;32766
1472770;Zoning;6803489;20200127113640;W03-C-Antwerpen-West-FH05;6803489;20200127113640;W03-C-Antwerpen-West-FH05;19082;FTTH-Cu;;618787;20200622132327;;1630000;44876
60059;Zoning;6803489;20200127113640;W03-C-Antwerpen-West-FH05;6803489;20200127113640;W03-C-Antwerpen-West-FH05;19082;FTTH-Cu;;714183;20200909145224;;1630000;34374
4509482;Zoning;6803489;20200127113640;W03-C-Antwerpen-West-FH05;6803489;20200127113640;W03-C-Antwerpen-West-FH05;19082;FTTH-Cu;;706941;20200909145220;;1630000;34374
2064551;Zoning;6803489;20200127113640;W03-C-Antwerpen-West-FH05;6803489;20200127113640;W03-C-Antwerpen-West-FH05;19082;FTTH-Cu;;685988;20200909145213;;1630000;34374
6326659;Zoning;6803489;20200127113640;W03-C-Antwerpen-West-FH05;6803489;20200127113640;W03-C-Antwerpen-West-FH05;19082;FTTH-Cu;;35730035;20200909145216;;1630000;34374
60058;Zoning;6803489;20200127113640;W03-C-Antwerpen-West-FH05;6803489;20200127113640;W03-C-Antwerpen-West-FH05;19082;FTTH-Cu;;714182;20200909145208;;1630000;34374
2064552;Zoning;6803489;20200127113640;W03-C-Antwerpen-West-FH05;6803489;20200127113640;W03-C-Antwerpen-West-FH05;19082;FTTH-Cu;;685989;20200622132319;;1630000;34381
4508283;Zoning;6803489;20200127113640;W03-C-Antwerpen-West-FH05;6803489;20200127113640;W03-C-Antwerpen-West-FH05;19082;FTTH-Cu;;706786;20200622132325;;1630000;34381
61755;Zoning;6803489;20200127113640;W03-C-Antwerpen-West-FH05;6803489;20200127113640;W03-C-Antwerpen-West-FH05;19082;FTTH-Cu;;716194;20200622132324;;1630000;34381
2064553;Zoning;6803489;20200127113640;W03-C-Antwerpen-West-FH05;6803489;20200127113640;W03-C-Antwerpen-West-FH05;19082;FTTH-Cu;;685990;20200622132319;;1630000;34381
2064554;Zoning;6803489;20200127113640;W03-C-Antwerpen-West-FH05;6803489;20200127113640;W03-C-Antwerpen-West-FH05;19082;FTTH-Cu;;685991;20200622132319;;1630000;34381
4508285;Zoning;6803489;20200127113640;W03-C-Antwerpen-West-FH05;6803489;20200127113640;W03-C-Antwerpen-West-FH05;19082;FTTH-Cu;;35730039;20200909150127;;1630000;34381
2064556;Zoning;6803489;20200127113640;W03-C-Antwerpen-West-FH05;6803489;20200127113640;W03-C-Antwerpen-West-FH05;19082;FTTH-Cu;;685993;20200622132319;;1630000;34381
4508247;Zoning;6803489;20200127113640;W03-C-Antwerpen-West-FH05;6803489;20200127113640;W03-C-Antwerpen-West-FH05;19082;FTTH-Cu;;706780;20200622132325;;1630000;34381
2064557;Zoning;6803489;20200127113640;W03-C-Antwerpen-West-FH05;6803489;20200127113640;W03-C-Antwerpen-West-FH05;19082;FTTH-Cu;;685994;20200622132319;;1630000;34381
2064558;Zoning;6803489;20200127113640;W03-C-Antwerpen-West-FH05;6803489;20200127113640;W03-C-Antwerpen-West-FH05;19082;FTTH-Cu;;685995;20200622132320;;1630000;34381
2064559;Zoning;6803489;20200127113640;W03-C-Antwerpen-West-FH05;6803489;20200127113640;W03-C-Antwerpen-West-FH05;19082;FTTH-Cu;;685996;20200909150130;;1630000;34381
2064562;Zoning;6803489;20200127113640;W03-C-Antwerpen-West-FH05;6803489;20200127113640;W03-C-Antwerpen-West-FH05;19082;FTTH-Cu;;685997;20200622132320;;1630000;34381
2064564;Zoning;6803489;20200127113640;W03-C-Antwerpen-West-FH05;6803489;20200127113640;W03-C-Antwerpen-West-FH05;19082;FTTH-Cu;;685998;20200622132320;;1630000;34381
3955432;Zoning;6803489;20200127113640;W03-C-Antwerpen-West-FH05;6803489;20200127113640;W03-C-Antwerpen-West-FH05;19082;FTTH-Cu;;35730038;20200909150134;;1630000;34381
2064566;Zoning;6803489;20200127113640;W03-C-Antwerpen-West-FH05;6803489;20200127113640;W03-C-Antwerpen-West-FH05;19082;FTTH-Cu;;35730037;20200622132328;;1630000;34381
2064567;Zoning;6803489;20200127113640;W03-C-Antwerpen-West-FH05;6803489;20200127113640;W03-C-Antwerpen-West-FH05;19082;FTTH-Cu;;685999;20200909150138;;1630000;34381
4508250;Zoning;6803489;20200127113640;W03-C-Antwerpen-West-FH05;6803489;20200127113640;W03-C-Antwerpen-West-FH05;19082;FTTH-Cu;;706781;20200622132325;;1630000;34381
61758;Zoning;6803489;20200127113640;W03-C-Antwerpen-West-FH05;6803489;20200127113640;W03-C-Antwerpen-West-FH05;19082;FTTH-Cu;;35730036;20200909150142;;1630000;34381
61756;Zoning;6803489;20200127113640;W03-C-Antwerpen-West-FH05;6803489;20200127113640;W03-C-Antwerpen-West-FH05;19082;FTTH-Cu;;716195;20200622132324;;1630000;34381
60067;Zoning;6803489;20200127113640;W03-C-Antwerpen-West-FH05;6803489;20200127113640;W03-C-Antwerpen-West-FH05;19082;FTTH-Cu;;714190;20200909145525;;1630000;34381
60068;Zoning;6803489;20200127113640;W03-C-Antwerpen-West-FH05;6803489;20200127113640;W03-C-Antwerpen-West-FH05;19082;FTTH-Cu;;714191;20200622132325;;1630000;34381
2068203;Zoning;6803489;20200127113640;W03-C-Antwerpen-West-FH05;6803489;20200127113640;W03-C-Antwerpen-West-FH05;19082;FTTH-Cu;;689124;20200622132320;;1630000;42146
2068204;Zoning;6803489;20200127113640;W03-C-Antwerpen-West-FH05;6803489;20200127113640;W03-C-Antwerpen-West-FH05;19082;FTTH-Cu;;689125;20200622132320;;1630000;42146
4506717;Zoning;6803489;20200127113640;W03-C-Antwerpen-West-FH05;6803489;20200127113640;W03-C-Antwerpen-West-FH05;19082;FTTH-Cu;;706573;20200622132324;;1630000;42146
57608;Zoning;6803489;20200127113640;W03-C-Antwerpen-West-FH05;6803489;20200127113640;W03-C-Antwerpen-West-FH05;19082;FTTH-Cu;;713975;20200622132324;;1630000;34701
5576437;Zoning;6803489;20200127113640;W03-C-Antwerpen-West-FH05;6803489;20200127113640;W03-C-Antwerpen-West-FH05;19082;FTTH-Cu;;712578;20200622132324;;1630000;34701
2065320;Zoning;6803489;20200127113640;W03-C-Antwerpen-West-FH05;6803489;20200127113640;W03-C-Antwerpen-West-FH05;19082;FTTH-Cu;;686681;20200622132320;;1630000;34701
2065321;Zoning;6803489;20200127113640;W03-C-Antwerpen-West-FH05;6803489;20200127113640;W03-C-Antwerpen-West-FH05;19082;FTTH-Cu;;686682;20200622132320;;1630000;34701
3928662;Zoning;6803489;20200127113640;W03-C-Antwerpen-West-FH05;6803489;20200127113640;W03-C-Antwerpen-West-FH05;19082;FTTH-Cu;;35730041;20200622132328;;1630000;34701
2065322;Zoning;6803489;20200127113640;W03-C-Antwerpen-West-FH05;6803489;20200127113640;W03-C-Antwerpen-West-FH05;19082;FTTH-Cu;;686683;20200622132320;;1630000;34701
2065323;Zoning;6803489;20200127113640;W03-C-Antwerpen-West-FH05;6803489;20200127113640;W03-C-Antwerpen-West-FH05;19082;FTTH-Cu;;686684;20200622132320;;1630000;34701
2065324;Zoning;6803489;20200127113640;W03-C-Antwerpen-West-FH05;6803489;20200127113640;W03-C-Antwerpen-West-FH05;19082;FTTH-Cu;;35730049;20200622132328;;1630000;34701
2065325;Zoning;6803489;20200127113640;W03-C-Antwerpen-West-FH05;6803489;20200127113640;W03-C-Antwerpen-West-FH05;19082;FTTH-Cu;;686685;20200622132320;;1630000;34701
6457882;Zoning;6803489;20200127113640;W03-C-Antwerpen-West-FH05;6803489;20200127113640;W03-C-Antwerpen-West-FH05;19082;FTTH-Cu;;35730040;20200622132328;;1630000;34701
57606;Zoning;6803489;20200127113640;W03-C-Antwerpen-West-FH05;6803489;20200127113640;W03-C-Antwerpen-West-FH05;19082;FTTH-Cu;;713973;20200622132324;;1630000;34701
6554538;Zoning;6803489;20200127113640;W03-C-Antwerpen-West-FH05;6803489;20200127113640;W03-C-Antwerpen-West-FH05;19082;FTTH-Cu;;35730043;20200716130113;;1630000;34701
57605;Zoning;6803489;20200127113640;W03-C-Antwerpen-West-FH05;6803489;20200127113640;W03-C-Antwerpen-West-FH05;19082;FTTH-Cu;;35730042;20200622132328;;1630000;34701
61743;Zoning;6803489;20200127113640;W03-C-Antwerpen-West-FH05;6803489;20200127113640;W03-C-Antwerpen-West-FH05;19082;FTTH-Cu;;716150;20200909150259;;1630000;34842
2065572;Zoning;6803489;20200127113640;W03-C-Antwerpen-West-FH05;6803489;20200127113640;W03-C-Antwerpen-West-FH05;19082;FTTH-Cu;;686921;20200622132320;;1630000;34842
2065573;Zoning;6803489;20200127113640;W03-C-Antwerpen-West-FH05;6803489;20200127113640;W03-C-Antwerpen-West-FH05;19082;FTTH-Cu;;686922;20200622132320;;1630000;34842
2065574;Zoning;6803489;20200127113640;W03-C-Antwerpen-West-FH05;6803489;20200127113640;W03-C-Antwerpen-West-FH05;19082;FTTH-Cu;;686923;20200622132320;;1630000;34842
2065575;Zoning;6803489;20200127113640;W03-C-Antwerpen-West-FH05;6803489;20200127113640;W03-C-Antwerpen-West-FH05;19082;FTTH-Cu;;686924;20200622132320;;1630000;34842
4508254;Zoning;6803489;20200127113640;W03-C-Antwerpen-West-FH05;6803489;20200127113640;W03-C-Antwerpen-West-FH05;19082;FTTH-Cu;;706782;20200622132325;;1630000;34842
4508670;Zoning;6803489;20200127113640;W03-C-Antwerpen-West-FH05;6803489;20200127113640;W03-C-Antwerpen-West-FH05;19082;FTTH-Cu;;706853;20200622132325;;1630000;34842
61745;Zoning;6803489;20200127113640;W03-C-Antwerpen-West-FH05;6803489;20200127113640;W03-C-Antwerpen-West-FH05;19082;FTTH-Cu;;716152;20200622132324;;1630000;34842
2065576;Zoning;6803489;20200127113640;W03-C-Antwerpen-West-FH05;6803489;20200127113640;W03-C-Antwerpen-West-FH05;19082;FTTH-Cu;;686925;20200622132320;;1630000;34842
61746;Zoning;6803489;20200127113640;W03-C-Antwerpen-West-FH05;6803489;20200127113640;W03-C-Antwerpen-West-FH05;19082;FTTH-Cu;;716154;20200909150205;;1630000;34842
61696;Zoning;6803489;20200127113640;W03-C-Antwerpen-West-FH05;6803489;20200127113640;W03-C-Antwerpen-West-FH05;19082;FTTH-Cu;;716064;20200622132324;;1630000;34842
2065577;Zoning;6803489;20200127113640;W03-C-Antwerpen-West-FH05;6803489;20200127113640;W03-C-Antwerpen-West-FH05;19082;FTTH-Cu;;686926;20200909150209;;1630000;34842
57643;Zoning;6803489;20200127113640;W03-C-Antwerpen-West-FH05;6803489;20200127113640;W03-C-Antwerpen-West-FH05;19082;FTTH-Cu;;713986;20200622132324;;1630000;34842
4040110;Zoning;6803489;20200127113640;W03-C-Antwerpen-West-FH05;6803489;20200127113640;W03-C-Antwerpen-West-FH05;19082;FTTH-Cu;;692600;20200909150213;;1630000;34842
2065579;Zoning;6803489;20200127113640;W03-C-Antwerpen-West-FH05;6803489;20200127113640;W03-C-Antwerpen-West-FH05;19082;FTTH-Cu;;686928;20200909150217;;1630000;34842
4057246;Zoning;6803489;20200127113640;W03-C-Antwerpen-West-FH05;6803489;20200127113640;W03-C-Antwerpen-West-FH05;19082;FTTH-Cu;;692893;20200622132319;;1630000;34842
2065580;Zoning;6803489;20200127113640;W03-C-Antwerpen-West-FH05;6803489;20200127113640;W03-C-Antwerpen-West-FH05;19082;FTTH-Cu;;686929;20200909150220;;1630000;34842
57642;Zoning;6803489;20200127113640;W03-C-Antwerpen-West-FH05;6803489;20200127113640;W03-C-Antwerpen-West-FH05;19082;FTTH-Cu;;713985;20200622132324;;1630000;34842
61744;Zoning;6803489;20200127113640;W03-C-Antwerpen-West-FH05;6803489;20200127113640;W03-C-Antwerpen-West-FH05;19082;FTTH-Cu;;716151;20200909150224;;1630000;34842
2065581;Zoning;6803489;20200127113640;W03-C-Antwerpen-West-FH05;6803489;20200127113640;W03-C-Antwerpen-West-FH05;19082;FTTH-Cu;;686930;20200622132320;;1630000;34842
2065582;Zoning;6803489;20200127113640;W03-C-Antwerpen-West-FH05;6803489;20200127113640;W03-C-Antwerpen-West-FH05;19082;FTTH-Cu;;686931;20200909145312;;1630000;34842
2065583;Zoning;6803489;20200127113640;W03-C-Antwerpen-West-FH05;6803489;20200127113640;W03-C-Antwerpen-West-FH05;19082;FTTH-Cu;;686932;20200622132320;;1630000;34842
1090982;Zoning;6803489;20200127113640;W03-C-Antwerpen-West-FH05;6803489;20200127113640;W03-C-Antwerpen-West-FH05;19082;FTTH-Cu;;612734;20200909145316;;1630000;34842
2065584;Zoning;6803489;20200127113640;W03-C-Antwerpen-West-FH05;6803489;20200127113640;W03-C-Antwerpen-West-FH05;19082;FTTH-Cu;;35730052;20200622132328;;1630000;34842
2065585;Zoning;6803489;20200127113640;W03-C-Antwerpen-West-FH05;6803489;20200127113640;W03-C-Antwerpen-West-FH05;19082;FTTH-Cu;;686933;20200909145319;;1630000;34842
2065586;Zoning;6803489;20200127113640;W03-C-Antwerpen-West-FH05;6803489;20200127113640;W03-C-Antwerpen-West-FH05;19082;FTTH-Cu;;35730051;20200622132328;;1630000;34842
2065587;Zoning;6803489;20200127113640;W03-C-Antwerpen-West-FH05;6803489;20200127113640;W03-C-Antwerpen-West-FH05;19082;FTTH-Cu;;686934;20200909145325;;1630000;34842
57641;Zoning;6803489;20200127113640;W03-C-Antwerpen-West-FH05;6803489;20200127113640;W03-C-Antwerpen-West-FH05;19082;FTTH-Cu;;713984;20200622132324;;1630000;34842
2065588;Zoning;6803489;20200127113640;W03-C-Antwerpen-West-FH05;6803489;20200127113640;W03-C-Antwerpen-West-FH05;19082;FTTH-Cu;;686935;20200909145329;;1630000;34842
2065589;Zoning;6803489;20200127113640;W03-C-Antwerpen-West-FH05;6803489;20200127113640;W03-C-Antwerpen-West-FH05;19082;FTTH-Cu;;686936;20200622132320;;1630000;34842
4509478;Zoning;6803489;20200127113640;W03-C-Antwerpen-West-FH05;6803489;20200127113640;W03-C-Antwerpen-West-FH05;19082;FTTH-Cu;;706939;20200909145333;;1630000;34842
2065591;Zoning;6803489;20200127113640;W03-C-Antwerpen-West-FH05;6803489;20200127113640;W03-C-Antwerpen-West-FH05;19082;FTTH-Cu;;686937;20200622132320;;1630000;34842
2065592;Zoning;6803489;20200127113640;W03-C-Antwerpen-West-FH05;6803489;20200127113640;W03-C-Antwerpen-West-FH05;19082;FTTH-Cu;;35730050;20200909145336;;1630000;34842
1513711;Zoning;6803489;20200127113640;W03-C-Antwerpen-West-FH05;6803489;20200127113640;W03-C-Antwerpen-West-FH05;19082;FTTH-Cu;;619417;20200622132327;;1630000;34842
1518371;Zoning;6803489;20200127113640;W03-C-Antwerpen-West-FH05;6803489;20200127113640;W03-C-Antwerpen-West-FH05;19082;FTTH-Cu;;619455;20200909145341;;1630000;34842
2065594;Zoning;6803489;20200127113640;W03-C-Antwerpen-West-FH05;6803489;20200127113640;W03-C-Antwerpen-West-FH05;19082;FTTH-Cu;;686938;20200622132320;;1630000;34842
2065595;Zoning;6803489;20200127113640;W03-C-Antwerpen-West-FH05;6803489;20200127113640;W03-C-Antwerpen-West-FH05;19082;FTTH-Cu;;686939;20200909145345;;1630000;34842
2065596;Zoning;6803489;20200127113640;W03-C-Antwerpen-West-FH05;6803489;20200127113640;W03-C-Antwerpen-West-FH05;19082;FTTH-Cu;;686940;20200622132320;;1630000;34842
4509479;Zoning;6803489;20200127113640;W03-C-Antwerpen-West-FH05;6803489;20200127113640;W03-C-Antwerpen-West-FH05;19082;FTTH-Cu;;706940;20200909145358;;1630000;34842
2065597;Zoning;6803489;20200127113640;W03-C-Antwerpen-West-FH05;6803489;20200127113640;W03-C-Antwerpen-West-FH05;19082;FTTH-Cu;;686941;20200622132320;;1630000;34842
2065598;Zoning;6803489;20200127113640;W03-C-Antwerpen-West-FH05;6803489;20200127113640;W03-C-Antwerpen-West-FH05;19082;FTTH-Cu;;686942;20200909145410;;1630000;34842
2065599;Zoning;6803489;20200127113640;W03-C-Antwerpen-West-FH05;6803489;20200127113640;W03-C-Antwerpen-West-FH05;19082;FTTH-Cu;;686943;20200622132320;;1630000;34842
1090981;Zoning;6803489;20200127113640;W03-C-Antwerpen-West-FH05;6803489;20200127113640;W03-C-Antwerpen-West-FH05;19082;FTTH-Cu;;612733;20200909145414;;1630000;34842
57640;Zoning;6803489;20200127113640;W03-C-Antwerpen-West-FH05;6803489;20200127113640;W03-C-Antwerpen-West-FH05;19082;FTTH-Cu;;713983;20200622132324;;1630000;34842
58115;Zoning;6803489;20200127113640;W03-C-Antwerpen-West-FH05;6803489;20200127113640;W03-C-Antwerpen-West-FH05;19082;FTTH-Cu;;714035;20200622132325;;1630000;35089
58116;Zoning;6803489;20200127113640;W03-C-Antwerpen-West-FH05;6803489;20200127113640;W03-C-Antwerpen-West-FH05;19082;FTTH-Cu;;714036;20200622132325;;1630000;35089
6451002;Zoning;6803489;20200127113640;W03-C-Antwerpen-West-FH05;6803489;20200127113640;W03-C-Antwerpen-West-FH05;19082;FTTH-Cu;;35730053;20200622132328;;1630000;35089
2066012;Zoning;6803489;20200127113640;W03-C-Antwerpen-West-FH05;6803489;20200127113640;W03-C-Antwerpen-West-FH05;19082;FTTH-Cu;;687320;20200909151938;;1630000;35089
2066013;Zoning;6803489;20200127113640;W03-C-Antwerpen-West-FH05;6803489;20200127113640;W03-C-Antwerpen-West-FH05;19082;FTTH-Cu;;687321;20200622132320;;1630000;35089
2066014;Zoning;6803489;20200127113640;W03-C-Antwerpen-West-FH05;6803489;20200127113640;W03-C-Antwerpen-West-FH05;19082;FTTH-Cu;;687322;20200622132320;;1630000;35089
2066015;Zoning;6803489;20200127113640;W03-C-Antwerpen-West-FH05;6803489;20200127113640;W03-C-Antwerpen-West-FH05;19082;FTTH-Cu;;687323;20200622132320;;1630000;35089
4509623;Zoning;6803489;20200127113640;W03-C-Antwerpen-West-FH05;6803489;20200127113640;W03-C-Antwerpen-West-FH05;19082;FTTH-Cu;;35730058;20200909151146;;1630000;35089
1336231;Zoning;6803489;20200127113640;W03-C-Antwerpen-West-FH05;6803489;20200127113640;W03-C-Antwerpen-West-FH05;19082;FTTH-Cu;;35730057;20200909151043;;1630000;35089
6181384;Zoning;6803489;20200127113640;W03-C-Antwerpen-West-FH05;6803489;20200127113640;W03-C-Antwerpen-West-FH05;19082;FTTH-Cu;;35730055;20200909151038;;1630000;35089
2066017;Zoning;6803489;20200127113640;W03-C-Antwerpen-West-FH05;6803489;20200127113640;W03-C-Antwerpen-West-FH05;19082;FTTH-Cu;;687324;20200622132320;;1630000;35089
2066018;Zoning;6803489;20200127113640;W03-C-Antwerpen-West-FH05;6803489;20200127113640;W03-C-Antwerpen-West-FH05;19082;FTTH-Cu;;687325;20200909151033;;1630000;35089
58117;Zoning;6803489;20200127113640;W03-C-Antwerpen-West-FH05;6803489;20200127113640;W03-C-Antwerpen-West-FH05;19082;FTTH-Cu;;35730056;20200622132328;;1630000;35089
58112;Zoning;6803489;20200127113640;W03-C-Antwerpen-West-FH05;6803489;20200127113640;W03-C-Antwerpen-West-FH05;19082;FTTH-Cu;;714033;20200622132325;;1630000;35089
6447272;Zoning;6803489;20200127113640;W03-C-Antwerpen-West-FH05;6803489;20200127113640;W03-C-Antwerpen-West-FH05;19082;FTTH-Cu;;35730054;20200909151027;;1630000;35089
60555;Zoning;6803489;20200127113640;W03-C-Antwerpen-West-FH05;6803489;20200127113640;W03-C-Antwerpen-West-FH05;19082;FTTH-Cu;;35730066;20200909132130;;1630000;35103
60560;Zoning;6803489;20200127113640;W03-C-Antwerpen-West-FH05;6803489;20200127113640;W03-C-Antwerpen-West-FH05;19082;FTTH-Cu;;35730065;20200909132010;;1630000;35103
6518751;Zoning;6803489;20200127113640;W03-C-Antwerpen-West-FH05;6803489;20200127113640;W03-C-Antwerpen-West-FH05;19082;FTTH-Cu;;35730059;20200909132625;;1630000;35103
2066029;Zoning;6803489;20200127113640;W03-C-Antwerpen-West-FH05;6803489;20200127113640;W03-C-Antwerpen-West-FH05;19082;FTTH-Cu;;35730064;20200909132622;;1630000;35103
4504825;Zoning;6803489;20200127113640;W03-C-Antwerpen-West-FH05;6803489;20200127113640;W03-C-Antwerpen-West-FH05;19082;FTTH-Cu;;35730063;20200909132526;;1630000;35103
2066032;Zoning;6803489;20200127113640;W03-C-Antwerpen-West-FH05;6803489;20200127113640;W03-C-Antwerpen-West-FH05;19082;FTTH-Cu;;35730062;20200909132510;;1630000;35103
60558;Zoning;6803489;20200127113640;W03-C-Antwerpen-West-FH05;6803489;20200127113640;W03-C-Antwerpen-West-FH05;19082;FTTH-Cu;;35730061;20200909124341;;1630000;35103
60557;Zoning;6803489;20200127113640;W03-C-Antwerpen-West-FH05;6803489;20200127113640;W03-C-Antwerpen-West-FH05;19082;FTTH-Cu;;35730060;20200909124406;;1630000;35103
5382841;Zoning;6803489;20200127113640;W03-C-Antwerpen-West-FH05;6803489;20200127113640;W03-C-Antwerpen-West-FH05;19082;FTTH-Cu;;711009;20200622132326;;1630000;44868
48763;Zoning;6803489;20200127113640;W03-C-Antwerpen-West-FH05;6803489;20200127113640;W03-C-Antwerpen-West-FH05;19082;FTTH-Cu;;710406;20200909142009;;1630000;44868
2069053;Zoning;6803489;20200127113640;W03-C-Antwerpen-West-FH05;6803489;20200127113640;W03-C-Antwerpen-West-FH05;19082;FTTH-Cu;;689746;20200622132320;;1630000;44868
2069054;Zoning;6803489;20200127113640;W03-C-Antwerpen-West-FH05;6803489;20200127113640;W03-C-Antwerpen-West-FH05;19082;FTTH-Cu;;689747;20200909142012;;1630000;44868
2069055;Zoning;6803489;20200127113640;W03-C-Antwerpen-West-FH05;6803489;20200127113640;W03-C-Antwerpen-West-FH05;19082;FTTH-Cu;;35730108;20200622132328;;1630000;44868
2069056;Zoning;6803489;20200127113640;W03-C-Antwerpen-West-FH05;6803489;20200127113640;W03-C-Antwerpen-West-FH05;19082;FTTH-Cu;;35730105;20200622132328;;1630000;44868
2069057;Zoning;6803489;20200127113640;W03-C-Antwerpen-West-FH05;6803489;20200127113640;W03-C-Antwerpen-West-FH05;19082;FTTH-Cu;;689748;20200622132320;;1630000;44868
2069059;Zoning;6803489;20200127113640;W03-C-Antwerpen-West-FH05;6803489;20200127113640;W03-C-Antwerpen-West-FH05;19082;FTTH-Cu;;35730107;20200622132328;;1630000;44868
5773299;Zoning;6803489;20200127113640;W03-C-Antwerpen-West-FH05;6803489;20200127113640;W03-C-Antwerpen-West-FH05;19082;FTTH-Cu;;35730106;20200622132328;;1630000;44868
48764;Zoning;6803489;20200127113640;W03-C-Antwerpen-West-FH05;6803489;20200127113640;W03-C-Antwerpen-West-FH05;19082;FTTH-Cu;;710407;20200909142018;;1630000;44868
57609;Zoning;6803489;20200127113640;W03-C-Antwerpen-West-FH05;6803489;20200127113640;W03-C-Antwerpen-West-FH05;19082;FTTH-Cu;;713976;20200622132324;;1630000;44868
58132;Zoning;6803489;20200127113640;W03-C-Antwerpen-West-FH05;6803489;20200127113640;W03-C-Antwerpen-West-FH05;19082;FTTH-Cu;;714045;20200909152409;;1630000;35585
58129;Zoning;6803489;20200127113640;W03-C-Antwerpen-West-FH05;6803489;20200127113640;W03-C-Antwerpen-West-FH05;19082;FTTH-Cu;;35730073;20200622132328;;1630000;35585
2066575;Zoning;6803489;20200127113640;W03-C-Antwerpen-West-FH05;6803489;20200127113640;W03-C-Antwerpen-West-FH05;19082;FTTH-Cu;;687800;20200909152414;;1630000;35585
2066576;Zoning;6803489;20200127113640;W03-C-Antwerpen-West-FH05;6803489;20200127113640;W03-C-Antwerpen-West-FH05;19082;FTTH-Cu;;687801;20200622132320;;1630000;35585
2066577;Zoning;6803489;20200127113640;W03-C-Antwerpen-West-FH05;6803489;20200127113640;W03-C-Antwerpen-West-FH05;19082;FTTH-Cu;;687802;20200909152419;;1630000;35585
4000670;Zoning;6803489;20200127113640;W03-C-Antwerpen-West-FH05;6803489;20200127113640;W03-C-Antwerpen-West-FH05;19082;FTTH-Cu;;35730072;20200622132328;;1630000;35585
1510935;Zoning;6803489;20200127113640;W03-C-Antwerpen-West-FH05;6803489;20200127113640;W03-C-Antwerpen-West-FH05;19082;FTTH-Cu;;619345;20200909152424;;1630000;35585
2066578;Zoning;6803489;20200127113640;W03-C-Antwerpen-West-FH05;6803489;20200127113640;W03-C-Antwerpen-West-FH05;19082;FTTH-Cu;;687803;20200622132320;;1630000;35585
58131;Zoning;6803489;20200127113640;W03-C-Antwerpen-West-FH05;6803489;20200127113640;W03-C-Antwerpen-West-FH05;19082;FTTH-Cu;;714044;20200909152429;;1630000;35585
2066579;Zoning;6803489;20200127113640;W03-C-Antwerpen-West-FH05;6803489;20200127113640;W03-C-Antwerpen-West-FH05;19082;FTTH-Cu;;687804;20200622132320;;1630000;35585
58130;Zoning;6803489;20200127113640;W03-C-Antwerpen-West-FH05;6803489;20200127113640;W03-C-Antwerpen-West-FH05;19082;FTTH-Cu;;714043;20200622132325;;1630000;35585
59122;Zoning;6803489;20200127113640;W03-C-Antwerpen-West-FH05;6803489;20200127113640;W03-C-Antwerpen-West-FH05;19082;FTTH-Cu;;714062;20200622132325;;1630000;35585
6074008;Zoning;6803489;20200127113640;W03-C-Antwerpen-West-FH05;6803489;20200127113640;W03-C-Antwerpen-West-FH05;19082;FTTH-Cu;;35730067;20200622132328;;1630000;35585
4045830;Zoning;6803489;20200127113640;W03-C-Antwerpen-West-FH05;6803489;20200127113640;W03-C-Antwerpen-West-FH05;19082;FTTH-Cu;;692697;20200622132319;;1630000;35585
2066580;Zoning;6803489;20200127113640;W03-C-Antwerpen-West-FH05;6803489;20200127113640;W03-C-Antwerpen-West-FH05;19082;FTTH-Cu;;687805;20200622132320;;1630000;35585
2066581;Zoning;6803489;20200127113640;W03-C-Antwerpen-West-FH05;6803489;20200127113640;W03-C-Antwerpen-West-FH05;19082;FTTH-Cu;;687806;20200622132320;;1630000;35585
2066582;Zoning;6803489;20200127113640;W03-C-Antwerpen-West-FH05;6803489;20200127113640;W03-C-Antwerpen-West-FH05;19082;FTTH-Cu;;35730071;20200622132328;;1630000;35585
2066583;Zoning;6803489;20200127113640;W03-C-Antwerpen-West-FH05;6803489;20200127113640;W03-C-Antwerpen-West-FH05;19082;FTTH-Cu;;687807;20200622132320;;1630000;35585
2066585;Zoning;6803489;20200127113640;W03-C-Antwerpen-West-FH05;6803489;20200127113640;W03-C-Antwerpen-West-FH05;19082;FTTH-Cu;;687809;20200909152728;;1630000;35585
2066586;Zoning;6803489;20200127113640;W03-C-Antwerpen-West-FH05;6803489;20200127113640;W03-C-Antwerpen-West-FH05;19082;FTTH-Cu;;687810;20200622132320;;1630000;35585
61702;Zoning;6803489;20200127113640;W03-C-Antwerpen-West-FH05;6803489;20200127113640;W03-C-Antwerpen-West-FH05;19082;FTTH-Cu;;716070;20200622132324;;1630000;35585
2066587;Zoning;6803489;20200127113640;W03-C-Antwerpen-West-FH05;6803489;20200127113640;W03-C-Antwerpen-West-FH05;19082;FTTH-Cu;;687811;20200622132320;;1630000;35585
3928690;Zoning;6803489;20200127113640;W03-C-Antwerpen-West-FH05;6803489;20200127113640;W03-C-Antwerpen-West-FH05;19082;FTTH-Cu;;691400;20200622132319;;1630000;35585
2066588;Zoning;6803489;20200127113640;W03-C-Antwerpen-West-FH05;6803489;20200127113640;W03-C-Antwerpen-West-FH05;19082;FTTH-Cu;;687812;20200622132320;;1630000;35585
5402838;Zoning;6803489;20200127113640;W03-C-Antwerpen-West-FH05;6803489;20200127113640;W03-C-Antwerpen-West-FH05;19082;FTTH-Cu;;711224;20200622132324;;1630000;35585
2066589;Zoning;6803489;20200127113640;W03-C-Antwerpen-West-FH05;6803489;20200127113640;W03-C-Antwerpen-West-FH05;19082;FTTH-Cu;;687813;20200622132320;;1630000;35585
2066590;Zoning;6803489;20200127113640;W03-C-Antwerpen-West-FH05;6803489;20200127113640;W03-C-Antwerpen-West-FH05;19082;FTTH-Cu;;687814;20200622132320;;1630000;35585
2066591;Zoning;6803489;20200127113640;W03-C-Antwerpen-West-FH05;6803489;20200127113640;W03-C-Antwerpen-West-FH05;19082;FTTH-Cu;;687815;20200622132320;;1630000;35585
2066592;Zoning;6803489;20200127113640;W03-C-Antwerpen-West-FH05;6803489;20200127113640;W03-C-Antwerpen-West-FH05;19082;FTTH-Cu;;687816;20200622132320;;1630000;35585
59123;Zoning;6803489;20200127113640;W03-C-Antwerpen-West-FH05;6803489;20200127113640;W03-C-Antwerpen-West-FH05;19082;FTTH-Cu;;714063;20200622132325;;1630000;35585
2066595;Zoning;6803489;20200127113640;W03-C-Antwerpen-West-FH05;6803489;20200127113640;W03-C-Antwerpen-West-FH05;19082;FTTH-Cu;;687817;20200622132320;;1630000;35585
59124;Zoning;6803489;20200127113640;W03-C-Antwerpen-West-FH05;6803489;20200127113640;W03-C-Antwerpen-West-FH05;19082;FTTH-Cu;;714064;20200622132325;;1630000;35585
4508691;Zoning;6803489;20200127113640;W03-C-Antwerpen-West-FH05;6803489;20200127113640;W03-C-Antwerpen-West-FH05;19082;FTTH-Cu;;706855;20200622132325;;1630000;35585
4509698;Zoning;6803489;20200127113640;W03-C-Antwerpen-West-FH05;6803489;20200127113640;W03-C-Antwerpen-West-FH05;19082;FTTH-Cu;;35730070;20200909153215;;1630000;35585
61703;Zoning;6803489;20200127113640;W03-C-Antwerpen-West-FH05;6803489;20200127113640;W03-C-Antwerpen-West-FH05;19082;FTTH-Cu;;716077;20200622132324;;1630000;35585
2066596;Zoning;6803489;20200127113640;W03-C-Antwerpen-West-FH05;6803489;20200127113640;W03-C-Antwerpen-West-FH05;19082;FTTH-Cu;;687818;20200622132320;;1630000;35585
2066597;Zoning;6803489;20200127113640;W03-C-Antwerpen-West-FH05;6803489;20200127113640;W03-C-Antwerpen-West-FH05;19082;FTTH-Cu;;35730069;20200622132328;;1630000;35585
59125;Zoning;6803489;20200127113640;W03-C-Antwerpen-West-FH05;6803489;20200127113640;W03-C-Antwerpen-West-FH05;19082;FTTH-Cu;;714065;20200622132325;;1630000;35585
6524098;Zoning;6803489;20200127113640;W03-C-Antwerpen-West-FH05;6803489;20200127113640;W03-C-Antwerpen-West-FH05;19082;FTTH-Cu;;35730068;20200909153114;;1630000;35585
59116;Zoning;6803489;20200127113640;W03-C-Antwerpen-West-FH05;6803489;20200127113640;W03-C-Antwerpen-West-FH05;19082;FTTH-Cu;;714058;20200909145213;;1630000;35899
59115;Zoning;6803489;20200127113640;W03-C-Antwerpen-West-FH05;6803489;20200127113640;W03-C-Antwerpen-West-FH05;19082;FTTH-Cu;;35730082;20200622132328;;1630000;35899
4011557;Zoning;6803489;20200127113640;W03-C-Antwerpen-West-FH05;6803489;20200127113640;W03-C-Antwerpen-West-FH05;19082;FTTH-Cu;;692084;20200909145219;;1630000;35899
2066993;Zoning;6803489;20200127113640;W03-C-Antwerpen-West-FH05;6803489;20200127113640;W03-C-Antwerpen-West-FH05;19082;FTTH-Cu;;688158;20200909145224;;1630000;35899
2066994;Zoning;6803489;20200127113640;W03-C-Antwerpen-West-FH05;6803489;20200127113640;W03-C-Antwerpen-West-FH05;19082;FTTH-Cu;;688159;20200909152506;;1630000;35899
2066995;Zoning;6803489;20200127113640;W03-C-Antwerpen-West-FH05;6803489;20200127113640;W03-C-Antwerpen-West-FH05;19082;FTTH-Cu;;688160;20200909145308;;1630000;35899
2066996;Zoning;6803489;20200127113640;W03-C-Antwerpen-West-FH05;6803489;20200127113640;W03-C-Antwerpen-West-FH05;19082;FTTH-Cu;;688161;20200622132320;;1630000;35899
4509657;Zoning;6803489;20200127113640;W03-C-Antwerpen-West-FH05;6803489;20200127113640;W03-C-Antwerpen-West-FH05;19082;FTTH-Cu;;706957;20200909145314;;1630000;35899
2066997;Zoning;6803489;20200127113640;W03-C-Antwerpen-West-FH05;6803489;20200127113640;W03-C-Antwerpen-West-FH05;19082;FTTH-Cu;;688162;20200909145338;;1630000;35899
2066998;Zoning;6803489;20200127113640;W03-C-Antwerpen-West-FH05;6803489;20200127113640;W03-C-Antwerpen-West-FH05;19082;FTTH-Cu;;688163;20200909145344;;1630000;35899
59118;Zoning;6803489;20200127113640;W03-C-Antwerpen-West-FH05;6803489;20200127113640;W03-C-Antwerpen-West-FH05;19082;FTTH-Cu;;714059;20200909145127;;1630000;35899
2066999;Zoning;6803489;20200127113640;W03-C-Antwerpen-West-FH05;6803489;20200127113640;W03-C-Antwerpen-West-FH05;19082;FTTH-Cu;;35730081;20200622132328;;1630000;35899
2067000;Zoning;6803489;20200127113640;W03-C-Antwerpen-West-FH05;6803489;20200127113640;W03-C-Antwerpen-West-FH05;19082;FTTH-Cu;;688164;20200622132320;;1630000;35899
2067001;Zoning;6803489;20200127113640;W03-C-Antwerpen-West-FH05;6803489;20200127113640;W03-C-Antwerpen-West-FH05;19082;FTTH-Cu;;35730080;20200909145054;;1630000;35899
2067002;Zoning;6803489;20200127113640;W03-C-Antwerpen-West-FH05;6803489;20200127113640;W03-C-Antwerpen-West-FH05;19082;FTTH-Cu;;688165;20200909152523;;1630000;35899
2067003;Zoning;6803489;20200127113640;W03-C-Antwerpen-West-FH05;6803489;20200127113640;W03-C-Antwerpen-West-FH05;19082;FTTH-Cu;;35730079;20200909145100;;1630000;35899
3928696;Zoning;6803489;20200127113640;W03-C-Antwerpen-West-FH05;6803489;20200127113640;W03-C-Antwerpen-West-FH05;19082;FTTH-Cu;;35730078;20200909145458;;1630000;35899
2067004;Zoning;6803489;20200127113640;W03-C-Antwerpen-West-FH05;6803489;20200127113640;W03-C-Antwerpen-West-FH05;19082;FTTH-Cu;;35730077;20200909145134;;1630000;35899
2067005;Zoning;6803489;20200127113640;W03-C-Antwerpen-West-FH05;6803489;20200127113640;W03-C-Antwerpen-West-FH05;19082;FTTH-Cu;;688166;20200909152530;;1630000;35899
2067007;Zoning;6803489;20200127113640;W03-C-Antwerpen-West-FH05;6803489;20200127113640;W03-C-Antwerpen-West-FH05;19082;FTTH-Cu;;688167;20200909145152;;1630000;35899
2067008;Zoning;6803489;20200127113640;W03-C-Antwerpen-West-FH05;6803489;20200127113640;W03-C-Antwerpen-West-FH05;19082;FTTH-Cu;;35730076;20200909152536;;1630000;35899
59121;Zoning;6803489;20200127113640;W03-C-Antwerpen-West-FH05;6803489;20200127113640;W03-C-Antwerpen-West-FH05;19082;FTTH-Cu;;714061;20200622132325;;1630000;35899
2067009;Zoning;6803489;20200127113640;W03-C-Antwerpen-West-FH05;6803489;20200127113640;W03-C-Antwerpen-West-FH05;19082;FTTH-Cu;;688168;20200909152544;;1630000;35899
2067010;Zoning;6803489;20200127113640;W03-C-Antwerpen-West-FH05;6803489;20200127113640;W03-C-Antwerpen-West-FH05;19082;FTTH-Cu;;688169;20200622132320;;1630000;35899
2067011;Zoning;6803489;20200127113640;W03-C-Antwerpen-West-FH05;6803489;20200127113640;W03-C-Antwerpen-West-FH05;19082;FTTH-Cu;;35730075;20200909152550;;1630000;35899
59117;Zoning;6803489;20200127113640;W03-C-Antwerpen-West-FH05;6803489;20200127113640;W03-C-Antwerpen-West-FH05;19082;FTTH-Cu;;35730074;20200909152644;;1630000;35899
2067013;Zoning;6803489;20200127113640;W03-C-Antwerpen-West-FH05;6803489;20200127113640;W03-C-Antwerpen-West-FH05;19082;FTTH-Cu;;688171;20200622132320;;1630000;35899
2067014;Zoning;6803489;20200127113640;W03-C-Antwerpen-West-FH05;6803489;20200127113640;W03-C-Antwerpen-West-FH05;19082;FTTH-Cu;;688172;20200909152845;;1630000;35899
2067015;Zoning;6803489;20200127113640;W03-C-Antwerpen-West-FH05;6803489;20200127113640;W03-C-Antwerpen-West-FH05;19082;FTTH-Cu;;688173;20200622132320;;1630000;35899
4509686;Zoning;6803489;20200127113640;W03-C-Antwerpen-West-FH05;6803489;20200127113640;W03-C-Antwerpen-West-FH05;19082;FTTH-Cu;;706965;20200909152851;;1630000;35899
59120;Zoning;6803489;20200127113640;W03-C-Antwerpen-West-FH05;6803489;20200127113640;W03-C-Antwerpen-West-FH05;19082;FTTH-Cu;;714060;20200909152856;;1630000;35899
58012;Zoning;6803489;20200127113640;W03-C-Antwerpen-West-FH05;6803489;20200127113640;W03-C-Antwerpen-West-FH05;19082;FTTH-Cu;;11525674;20200622132323;;1630000;4669
58015;Zoning;6803489;20200127113640;W03-C-Antwerpen-West-FH05;6803489;20200127113640;W03-C-Antwerpen-West-FH05;19082;FTTH-Cu;;11525675;20200622132323;;1630000;4669
5499979;Zoning;6803489;20200127113640;W03-C-Antwerpen-West-FH05;6803489;20200127113640;W03-C-Antwerpen-West-FH05;19082;FTTH-Cu;;11525661;20200622132323;;1630000;4669
1808601;Zoning;6803489;20200127113640;W03-C-Antwerpen-West-FH05;6803489;20200127113640;W03-C-Antwerpen-West-FH05;19082;FTTH-Cu;;11525568;20200622132323;;1630000;5471
57665;Zoning;6803489;20200127113640;W03-C-Antwerpen-West-FH05;6803489;20200127113640;W03-C-Antwerpen-West-FH05;19082;FTTH-Cu;;11525672;20200622132323;;1630000;5471
5465121;Zoning;6803489;20200127113640;W03-C-Antwerpen-West-FH05;6803489;20200127113640;W03-C-Antwerpen-West-FH05;19082;FTTH-Cu;;11525660;20200909153553;;1630000;8649
61470;Zoning;6803489;20200127113640;W03-C-Antwerpen-West-FH05;6803489;20200127113640;W03-C-Antwerpen-West-FH05;19082;FTTH-Cu;;29407142;20200909141128;;1630000;6522
5560955;Zoning;6803489;20200127113640;W03-C-Antwerpen-West-FH05;6803489;20200127113640;W03-C-Antwerpen-West-FH05;19082;FTTH-Cu;;11525663;20200622132323;;1630000;6522
1830385;Zoning;6803489;20200127113640;W03-C-Antwerpen-West-FH05;6803489;20200127113640;W03-C-Antwerpen-West-FH05;19082;FTTH-Cu;;11525569;20200909133059;;1630000;6522
3918267;Zoning;6803489;20200127113640;W03-C-Antwerpen-West-FH05;6803489;20200127113640;W03-C-Antwerpen-West-FH05;19082;FTTH-Cu;;11525610;20200908135916;;1630000;1055
4101875;Zoning;6803489;20200127113640;W03-C-Antwerpen-West-FH05;6803489;20200127113640;W03-C-Antwerpen-West-FH05;19082;FTTH-Cu;;11525624;20200622132323;;1630000;1055
4516881;Zoning;6803489;20200127113640;W03-C-Antwerpen-West-FH05;6803489;20200127113640;W03-C-Antwerpen-West-FH05;19082;FTTH-Cu;;11525644;20200908135411;;1630000;1055
1906022;Zoning;6803489;20200127113640;W03-C-Antwerpen-West-FH05;6803489;20200127113640;W03-C-Antwerpen-West-FH05;19082;FTTH-Cu;;11525571;20200622132323;;1630000;10206
1906092;Zoning;6803489;20200127113640;W03-C-Antwerpen-West-FH05;6803489;20200127113640;W03-C-Antwerpen-West-FH05;19082;FTTH-Cu;;11525572;20200908134921;;1630000;10206
4516896;Zoning;6803489;20200127113640;W03-C-Antwerpen-West-FH05;6803489;20200127113640;W03-C-Antwerpen-West-FH05;19082;FTTH-Cu;;11525646;20200908134930;;1630000;10206
5906442;Zoning;6803489;20200127113640;W03-C-Antwerpen-West-FH05;6803489;20200127113640;W03-C-Antwerpen-West-FH05;19082;FTTH-Cu;;11525677;20200909163352;;1630000;10175
2067258;Zoning;6803489;20200127113640;W03-C-Antwerpen-West-FH05;6803489;20200127113640;W03-C-Antwerpen-West-FH05;19082;FTTH-Cu;;11525607;20200622132323;;1630000;40280
2045378;Zoning;6803489;20200127113640;W03-C-Antwerpen-West-FH05;6803489;20200127113640;W03-C-Antwerpen-West-FH05;19082;FTTH-Cu;;11525588;20200622132323;;1630000;25093
48858;Zoning;6803489;20200127113640;W03-C-Antwerpen-West-FH05;6803489;20200127113640;W03-C-Antwerpen-West-FH05;19082;FTTH-Cu;;11525650;20200909140912;;1630000;25093
5906961;Zoning;6803489;20200127113640;W03-C-Antwerpen-West-FH05;6803489;20200127113640;W03-C-Antwerpen-West-FH05;19082;FTTH-Cu;;11525680;20200909140004;;1630000;11103
1804787;Zoning;6803489;20200127113640;W03-C-Antwerpen-West-FH05;6803489;20200127113640;W03-C-Antwerpen-West-FH05;19082;FTTH-Cu;;11525567;20200909145051;;1630000;5418
60038;Zoning;6803489;20200127113640;W03-C-Antwerpen-West-FH05;6803489;20200127113640;W03-C-Antwerpen-West-FH05;19082;FTTH-Cu;;11525683;20200909145533;;1630000;13056
1056833;Zoning;6803489;20200127113640;W03-C-Antwerpen-West-FH05;6803489;20200127113640;W03-C-Antwerpen-West-FH05;19082;FTTH-Cu;;11525522;20200909134013;;1630000;13150
1944361;Zoning;6803489;20200127113640;W03-C-Antwerpen-West-FH05;6803489;20200127113640;W03-C-Antwerpen-West-FH05;19082;FTTH-Cu;;11525573;20200909134029;;1630000;13150
1944364;Zoning;6803489;20200127113640;W03-C-Antwerpen-West-FH05;6803489;20200127113640;W03-C-Antwerpen-West-FH05;19082;FTTH-Cu;;11525574;20200909134046;;1630000;13150
1944377;Zoning;6803489;20200127113640;W03-C-Antwerpen-West-FH05;6803489;20200127113640;W03-C-Antwerpen-West-FH05;19082;FTTH-Cu;;11525575;20200909134135;;1630000;13150
4511301;Zoning;6803489;20200127113640;W03-C-Antwerpen-West-FH05;6803489;20200127113640;W03-C-Antwerpen-West-FH05;19082;FTTH-Cu;;11525638;20200909154950;;1630000;14079
1956621;Zoning;6803489;20200127113640;W03-C-Antwerpen-West-FH05;6803489;20200127113640;W03-C-Antwerpen-West-FH05;19082;FTTH-Cu;;11525576;20200622132323;;1630000;14079
4511305;Zoning;6803489;20200127113640;W03-C-Antwerpen-West-FH05;6803489;20200127113640;W03-C-Antwerpen-West-FH05;19082;FTTH-Cu;;11525639;20200622132323;;1630000;14079
3993013;Zoning;6803489;20200127113640;W03-C-Antwerpen-West-FH05;6803489;20200127113640;W03-C-Antwerpen-West-FH05;19082;FTTH-Cu;;11525618;20200909151251;;1630000;14166
5445981;Zoning;6803489;20200127113640;W03-C-Antwerpen-West-FH05;6803489;20200127113640;W03-C-Antwerpen-West-FH05;19082;FTTH-Cu;;11525659;20200909151241;;1630000;14166
5501764;Zoning;6803489;20200127113640;W03-C-Antwerpen-West-FH05;6803489;20200127113640;W03-C-Antwerpen-West-FH05;19082;FTTH-Cu;;11525662;20200909151235;;1630000;14166
1072759;Zoning;6803489;20200127113640;W03-C-Antwerpen-West-FH05;6803489;20200127113640;W03-C-Antwerpen-West-FH05;19082;FTTH-Cu;;11525525;20200909143542;;1630000;14268
1959680;Zoning;6803489;20200127113640;W03-C-Antwerpen-West-FH05;6803489;20200127113640;W03-C-Antwerpen-West-FH05;19082;FTTH-Cu;;11525577;20200909141945;;1630000;14269
48765;Zoning;6803489;20200127113640;W03-C-Antwerpen-West-FH05;6803489;20200127113640;W03-C-Antwerpen-West-FH05;19082;FTTH-Cu;;11525649;20200622132323;;1630000;14269
57993;Zoning;6803489;20200127113640;W03-C-Antwerpen-West-FH05;6803489;20200127113640;W03-C-Antwerpen-West-FH05;19082;FTTH-Cu;;11525673;20200909144757;;1630000;17011
44175;Zoning;6803489;20200127113640;W03-C-Antwerpen-West-FH05;6803489;20200127113640;W03-C-Antwerpen-West-FH05;19082;FTTH-Cu;;11525627;20200622132323;;1630000;1061
60849;Zoning;6803489;20200127113640;W03-C-Antwerpen-West-FH05;6803489;20200127113640;W03-C-Antwerpen-West-FH05;19082;FTTH-Cu;;11525694;20200622132323;;1630000;1061
1737779;Zoning;6803489;20200127113640;W03-C-Antwerpen-West-FH05;6803489;20200127113640;W03-C-Antwerpen-West-FH05;19082;FTTH-Cu;;11525533;20200908144727;;1630000;1061
1737781;Zoning;6803489;20200127113640;W03-C-Antwerpen-West-FH05;6803489;20200127113640;W03-C-Antwerpen-West-FH05;19082;FTTH-Cu;;11525534;20200908144737;;1630000;1061
1737783;Zoning;6803489;20200127113640;W03-C-Antwerpen-West-FH05;6803489;20200127113640;W03-C-Antwerpen-West-FH05;19082;FTTH-Cu;;11525535;20200908144802;;1630000;1061
1737784;Zoning;6803489;20200127113640;W03-C-Antwerpen-West-FH05;6803489;20200127113640;W03-C-Antwerpen-West-FH05;19082;FTTH-Cu;;11525536;20200622132322;;1630000;1061
1737786;Zoning;6803489;20200127113640;W03-C-Antwerpen-West-FH05;6803489;20200127113640;W03-C-Antwerpen-West-FH05;19082;FTTH-Cu;;11525537;20200908144824;;1630000;1061
1737789;Zoning;6803489;20200127113640;W03-C-Antwerpen-West-FH05;6803489;20200127113640;W03-C-Antwerpen-West-FH05;19082;FTTH-Cu;;11525538;20200908144854;;1630000;1061
1737790;Zoning;6803489;20200127113640;W03-C-Antwerpen-West-FH05;6803489;20200127113640;W03-C-Antwerpen-West-FH05;19082;FTTH-Cu;;11525539;20200908144842;;1630000;1061
1737791;Zoning;6803489;20200127113640;W03-C-Antwerpen-West-FH05;6803489;20200127113640;W03-C-Antwerpen-West-FH05;19082;FTTH-Cu;;11525540;20200622132322;;1630000;1061
60844;Zoning;6803489;20200127113640;W03-C-Antwerpen-West-FH05;6803489;20200127113640;W03-C-Antwerpen-West-FH05;19082;FTTH-Cu;;11525689;20200622132323;;1630000;1061
60845;Zoning;6803489;20200127113640;W03-C-Antwerpen-West-FH05;6803489;20200127113640;W03-C-Antwerpen-West-FH05;19082;FTTH-Cu;;11525690;20200908144031;;1630000;1061
1236531;Zoning;6803489;20200127113640;W03-C-Antwerpen-West-FH05;6803489;20200127113640;W03-C-Antwerpen-West-FH05;19082;FTTH-Cu;;11525529;20200908144041;;1630000;1061
4505120;Zoning;6803489;20200127113640;W03-C-Antwerpen-West-FH05;6803489;20200127113640;W03-C-Antwerpen-West-FH05;19082;FTTH-Cu;;11525631;20200622132323;;1630000;1061
60846;Zoning;6803489;20200127113640;W03-C-Antwerpen-West-FH05;6803489;20200127113640;W03-C-Antwerpen-West-FH05;19082;FTTH-Cu;;11525691;20200622132323;;1630000;1061
60847;Zoning;6803489;20200127113640;W03-C-Antwerpen-West-FH05;6803489;20200127113640;W03-C-Antwerpen-West-FH05;19082;FTTH-Cu;;11525692;20200622132323;;1630000;1061
1737798;Zoning;6803489;20200127113640;W03-C-Antwerpen-West-FH05;6803489;20200127113640;W03-C-Antwerpen-West-FH05;19082;FTTH-Cu;;11525541;20200908142201;;1630000;1061
1737799;Zoning;6803489;20200127113640;W03-C-Antwerpen-West-FH05;6803489;20200127113640;W03-C-Antwerpen-West-FH05;19082;FTTH-Cu;;11525542;20200908142212;;1630000;1061
1737800;Zoning;6803489;20200127113640;W03-C-Antwerpen-West-FH05;6803489;20200127113640;W03-C-Antwerpen-West-FH05;19082;FTTH-Cu;;11525543;20200908142143;;1630000;1061
44182;Zoning;6803489;20200127113640;W03-C-Antwerpen-West-FH05;6803489;20200127113640;W03-C-Antwerpen-West-FH05;19082;FTTH-Cu;;11525628;20200908142136;;1630000;1061
60848;Zoning;6803489;20200127113640;W03-C-Antwerpen-West-FH05;6803489;20200127113640;W03-C-Antwerpen-West-FH05;19082;FTTH-Cu;;11525693;20200908141234;;1630000;1061
1737801;Zoning;6803489;20200127113640;W03-C-Antwerpen-West-FH05;6803489;20200127113640;W03-C-Antwerpen-West-FH05;19082;FTTH-Cu;;11525544;20200908141248;;1630000;1061
1737802;Zoning;6803489;20200127113640;W03-C-Antwerpen-West-FH05;6803489;20200127113640;W03-C-Antwerpen-West-FH05;19082;FTTH-Cu;;11525545;20200908141257;;1630000;1061
1737804;Zoning;6803489;20200127113640;W03-C-Antwerpen-West-FH05;6803489;20200127113640;W03-C-Antwerpen-West-FH05;19082;FTTH-Cu;;11525546;20200908141324;;1630000;1061
1737806;Zoning;6803489;20200127113640;W03-C-Antwerpen-West-FH05;6803489;20200127113640;W03-C-Antwerpen-West-FH05;19082;FTTH-Cu;;11525547;20200908141335;;1630000;1061
1737807;Zoning;6803489;20200127113640;W03-C-Antwerpen-West-FH05;6803489;20200127113640;W03-C-Antwerpen-West-FH05;19082;FTTH-Cu;;11525548;20200908141335;;1630000;1061
3918282;Zoning;6803489;20200127113640;W03-C-Antwerpen-West-FH05;6803489;20200127113640;W03-C-Antwerpen-West-FH05;19082;FTTH-Cu;;11525611;20200908141335;;1630000;1061
1737808;Zoning;6803489;20200127113640;W03-C-Antwerpen-West-FH05;6803489;20200127113640;W03-C-Antwerpen-West-FH05;19082;FTTH-Cu;;11525549;20200908141347;;1630000;1061
1737810;Zoning;6803489;20200127113640;W03-C-Antwerpen-West-FH05;6803489;20200127113640;W03-C-Antwerpen-West-FH05;19082;FTTH-Cu;;11525550;20200908141359;;1630000;1061
1737813;Zoning;6803489;20200127113640;W03-C-Antwerpen-West-FH05;6803489;20200127113640;W03-C-Antwerpen-West-FH05;19082;FTTH-Cu;;11525551;20200908141359;;1630000;1061
4020649;Zoning;6803489;20200127113640;W03-C-Antwerpen-West-FH05;6803489;20200127113640;W03-C-Antwerpen-West-FH05;19082;FTTH-Cu;;11525620;20200622132323;;1630000;1061
972194;Zoning;6803489;20200127113640;W03-C-Antwerpen-West-FH05;6803489;20200127113640;W03-C-Antwerpen-West-FH05;19082;FTTH-Cu;;11525701;20200908140234;;1630000;1061
1737815;Zoning;6803489;20200127113640;W03-C-Antwerpen-West-FH05;6803489;20200127113640;W03-C-Antwerpen-West-FH05;19082;FTTH-Cu;;11525552;20200908140245;;1630000;1061
3918283;Zoning;6803489;20200127113640;W03-C-Antwerpen-West-FH05;6803489;20200127113640;W03-C-Antwerpen-West-FH05;19082;FTTH-Cu;;11525612;20200908140252;;1630000;1061
1737816;Zoning;6803489;20200127113640;W03-C-Antwerpen-West-FH05;6803489;20200127113640;W03-C-Antwerpen-West-FH05;19082;FTTH-Cu;;11525553;20200908140303;;1630000;1061
1737818;Zoning;6803489;20200127113640;W03-C-Antwerpen-West-FH05;6803489;20200127113640;W03-C-Antwerpen-West-FH05;19082;FTTH-Cu;;11525554;20200908140316;;1630000;1061
1737820;Zoning;6803489;20200127113640;W03-C-Antwerpen-West-FH05;6803489;20200127113640;W03-C-Antwerpen-West-FH05;19082;FTTH-Cu;;11525555;20200908140322;;1630000;1061
1737822;Zoning;6803489;20200127113640;W03-C-Antwerpen-West-FH05;6803489;20200127113640;W03-C-Antwerpen-West-FH05;19082;FTTH-Cu;;11525556;20200908140331;;1630000;1061
972195;Zoning;6803489;20200127113640;W03-C-Antwerpen-West-FH05;6803489;20200127113640;W03-C-Antwerpen-West-FH05;19082;FTTH-Cu;;11525702;20200908140338;;1630000;1061
4098152;Zoning;6803489;20200127113640;W03-C-Antwerpen-West-FH05;6803489;20200127113640;W03-C-Antwerpen-West-FH05;19082;FTTH-Cu;;11525623;20200908135227;;1630000;1061
4085369;Zoning;6803489;20200127113640;W03-C-Antwerpen-West-FH05;6803489;20200127113640;W03-C-Antwerpen-West-FH05;19082;FTTH-Cu;;11525622;20200908135210;;1630000;1061
3956751;Zoning;6803489;20200127113640;W03-C-Antwerpen-West-FH05;6803489;20200127113640;W03-C-Antwerpen-West-FH05;19082;FTTH-Cu;;11525617;20200622132323;;1630000;1061
3954877;Zoning;6803489;20200127113640;W03-C-Antwerpen-West-FH05;6803489;20200127113640;W03-C-Antwerpen-West-FH05;19082;FTTH-Cu;;11525616;20200622132323;;1630000;1061
4516883;Zoning;6803489;20200127113640;W03-C-Antwerpen-West-FH05;6803489;20200127113640;W03-C-Antwerpen-West-FH05;19082;FTTH-Cu;;11525645;20200622132323;;1630000;1061
972193;Zoning;6803489;20200127113640;W03-C-Antwerpen-West-FH05;6803489;20200127113640;W03-C-Antwerpen-West-FH05;19082;FTTH-Cu;;11525700;20200622132323;;1630000;1061
30227;Zoning;6803489;20200127113640;W03-C-Antwerpen-West-FH05;6803489;20200127113640;W03-C-Antwerpen-West-FH05;19082;FTTH-Cu;;11525609;20200622132323;;1630000;1061
1737827;Zoning;6803489;20200127113640;W03-C-Antwerpen-West-FH05;6803489;20200127113640;W03-C-Antwerpen-West-FH05;19082;FTTH-Cu;;11525557;20200908135057;;1630000;1061
53373;Zoning;6803489;20200127113640;W03-C-Antwerpen-West-FH05;6803489;20200127113640;W03-C-Antwerpen-West-FH05;19082;FTTH-Cu;;11525653;20200622132323;;1630000;1061
53371;Zoning;6803489;20200127113640;W03-C-Antwerpen-West-FH05;6803489;20200127113640;W03-C-Antwerpen-West-FH05;19082;FTTH-Cu;;11525652;20200622132323;;1630000;1061
1737828;Zoning;6803489;20200127113640;W03-C-Antwerpen-West-FH05;6803489;20200127113640;W03-C-Antwerpen-West-FH05;19082;FTTH-Cu;;11525558;20200622132323;;1630000;1061
4517799;Zoning;6803489;20200127113640;W03-C-Antwerpen-West-FH05;6803489;20200127113640;W03-C-Antwerpen-West-FH05;19082;FTTH-Cu;;11525648;20200622132323;;1630000;1061
3918284;Zoning;6803489;20200127113640;W03-C-Antwerpen-West-FH05;6803489;20200127113640;W03-C-Antwerpen-West-FH05;19082;FTTH-Cu;;11525613;20200622132323;;1630000;1061
1737829;Zoning;6803489;20200127113640;W03-C-Antwerpen-West-FH05;6803489;20200127113640;W03-C-Antwerpen-West-FH05;19082;FTTH-Cu;;11525559;20200622132323;;1630000;1061
4186516;Zoning;6803489;20200127113640;W03-C-Antwerpen-West-FH05;6803489;20200127113640;W03-C-Antwerpen-West-FH05;19082;FTTH-Cu;;11525626;20200622132323;;1630000;1061
1737830;Zoning;6803489;20200127113640;W03-C-Antwerpen-West-FH05;6803489;20200127113640;W03-C-Antwerpen-West-FH05;19082;FTTH-Cu;;11525560;20200622132323;;1630000;1061
1737831;Zoning;6803489;20200127113640;W03-C-Antwerpen-West-FH05;6803489;20200127113640;W03-C-Antwerpen-West-FH05;19082;FTTH-Cu;;11525561;20200622132323;;1630000;1061
4040347;Zoning;6803489;20200127113640;W03-C-Antwerpen-West-FH05;6803489;20200127113640;W03-C-Antwerpen-West-FH05;19082;FTTH-Cu;;11525621;20200622132323;;1630000;1061
1737833;Zoning;6803489;20200127113640;W03-C-Antwerpen-West-FH05;6803489;20200127113640;W03-C-Antwerpen-West-FH05;19082;FTTH-Cu;;11525562;20200622132323;;1630000;1061
53379;Zoning;6803489;20200127113640;W03-C-Antwerpen-West-FH05;6803489;20200127113640;W03-C-Antwerpen-West-FH05;19082;FTTH-Cu;;11525657;20200908132804;;1630000;1061
1737834;Zoning;6803489;20200127113640;W03-C-Antwerpen-West-FH05;6803489;20200127113640;W03-C-Antwerpen-West-FH05;19082;FTTH-Cu;;11525563;20200908132824;;1630000;1061
1737835;Zoning;6803489;20200127113640;W03-C-Antwerpen-West-FH05;6803489;20200127113640;W03-C-Antwerpen-West-FH05;19082;FTTH-Cu;;11525564;20200908132924;;1630000;1061
1737836;Zoning;6803489;20200127113640;W03-C-Antwerpen-West-FH05;6803489;20200127113640;W03-C-Antwerpen-West-FH05;19082;FTTH-Cu;;11525565;20200908132933;;1630000;1061
53378;Zoning;6803489;20200127113640;W03-C-Antwerpen-West-FH05;6803489;20200127113640;W03-C-Antwerpen-West-FH05;19082;FTTH-Cu;;11525656;20200908131938;;1630000;1061
53377;Zoning;6803489;20200127113640;W03-C-Antwerpen-West-FH05;6803489;20200127113640;W03-C-Antwerpen-West-FH05;19082;FTTH-Cu;;11525655;20200908131928;;1630000;1061
1737837;Zoning;6803489;20200127113640;W03-C-Antwerpen-West-FH05;6803489;20200127113640;W03-C-Antwerpen-West-FH05;19082;FTTH-Cu;;11525566;20200908131921;;1630000;1061
53376;Zoning;6803489;20200127113640;W03-C-Antwerpen-West-FH05;6803489;20200127113640;W03-C-Antwerpen-West-FH05;19082;FTTH-Cu;;11525654;20200908131855;;1630000;1061
61766;Zoning;6803489;20200127113640;W03-C-Antwerpen-West-FH05;6803489;20200127113640;W03-C-Antwerpen-West-FH05;19082;FTTH-Cu;;11525697;20200909150255;;1630000;16463
1965750;Zoning;6803489;20200127113640;W03-C-Antwerpen-West-FH05;6803489;20200127113640;W03-C-Antwerpen-West-FH05;19082;FTTH-Cu;;11525578;20200909150037;;1630000;16463
61767;Zoning;6803489;20200127113640;W03-C-Antwerpen-West-FH05;6803489;20200127113640;W03-C-Antwerpen-West-FH05;19082;FTTH-Cu;;11525698;20200909150027;;1630000;16463
57583;Zoning;6803489;20200127113640;W03-C-Antwerpen-West-FH05;6803489;20200127113640;W03-C-Antwerpen-West-FH05;19082;FTTH-Cu;;11525668;20200622132323;;1630000;7077
1838947;Zoning;6803489;20200127113640;W03-C-Antwerpen-West-FH05;6803489;20200127113640;W03-C-Antwerpen-West-FH05;19082;FTTH-Cu;;11525570;20200622132323;;1630000;7077
12619;Zoning;6803489;20200127113640;W03-C-Antwerpen-West-FH05;6803489;20200127113640;W03-C-Antwerpen-West-FH05;19082;FTTH-Cu;;11525530;20200622132322;;1630000;16464
1965818;Zoning;6803489;20200127113640;W03-C-Antwerpen-West-FH05;6803489;20200127113640;W03-C-Antwerpen-West-FH05;19082;FTTH-Cu;;11525579;20200909152911;;1630000;16464
1965835;Zoning;6803489;20200127113640;W03-C-Antwerpen-West-FH05;6803489;20200127113640;W03-C-Antwerpen-West-FH05;19082;FTTH-Cu;;35762125;20200623072126;;1630000;16464
1111959;Zoning;6803489;20200127113640;W03-C-Antwerpen-West-FH05;6803489;20200127113640;W03-C-Antwerpen-West-FH05;19082;FTTH-Cu;;11525528;20200909154942;;1630000;16464
4511397;Zoning;6803489;20200127113640;W03-C-Antwerpen-West-FH05;6803489;20200127113640;W03-C-Antwerpen-West-FH05;19082;FTTH-Cu;;11525640;20200909155317;;1630000;16464
5575842;Zoning;6803489;20200127113640;W03-C-Antwerpen-West-FH05;6803489;20200127113640;W03-C-Antwerpen-West-FH05;19082;FTTH-Cu;;11525665;20200909155310;;1630000;16464
4013685;Zoning;6803489;20200127113640;W03-C-Antwerpen-West-FH05;6803489;20200127113640;W03-C-Antwerpen-West-FH05;19082;FTTH-Cu;;11525619;20200909155305;;1630000;16464
5760505;Zoning;6803489;20200127113640;W03-C-Antwerpen-West-FH05;6803489;20200127113640;W03-C-Antwerpen-West-FH05;19082;FTTH-Cu;;11525670;20200909155259;;1630000;16464
1059353;Zoning;6803489;20200127113640;W03-C-Antwerpen-West-FH05;6803489;20200127113640;W03-C-Antwerpen-West-FH05;19082;FTTH-Cu;;11525524;20200909144433;;1630000;18828
2013163;Zoning;6803489;20200127113640;W03-C-Antwerpen-West-FH05;6803489;20200127113640;W03-C-Antwerpen-West-FH05;19082;FTTH-Cu;;11525583;20200909163343;;1630000;20901
5906952;Zoning;6803489;20200127113640;W03-C-Antwerpen-West-FH05;6803489;20200127113640;W03-C-Antwerpen-West-FH05;19082;FTTH-Cu;;11525678;20200909150049;;1630000;21618
4508278;Zoning;6803489;20200127113640;W03-C-Antwerpen-West-FH05;6803489;20200127113640;W03-C-Antwerpen-West-FH05;19082;FTTH-Cu;;11525632;20200909150100;;1630000;21618
5906953;Zoning;6803489;20200127113640;W03-C-Antwerpen-West-FH05;6803489;20200127113640;W03-C-Antwerpen-West-FH05;19082;FTTH-Cu;;11525679;20200909150055;;1630000;21618
4508280;Zoning;6803489;20200127113640;W03-C-Antwerpen-West-FH05;6803489;20200127113640;W03-C-Antwerpen-West-FH05;19082;FTTH-Cu;;11525633;20200909150104;;1630000;21618
59134;Zoning;6803489;20200127113640;W03-C-Antwerpen-West-FH05;6803489;20200127113640;W03-C-Antwerpen-West-FH05;19082;FTTH-Cu;;11525682;20200909145818;;1630000;22751
57590;Zoning;6803489;20200127113640;W03-C-Antwerpen-West-FH05;6803489;20200127113640;W03-C-Antwerpen-West-FH05;19082;FTTH-Cu;;11525669;20200622132323;;1630000;23442
5576086;Zoning;6803489;20200127113640;W03-C-Antwerpen-West-FH05;6803489;20200127113640;W03-C-Antwerpen-West-FH05;19082;FTTH-Cu;;11525666;20200622132323;;1630000;23442
1059326;Zoning;6803489;20200127113640;W03-C-Antwerpen-West-FH05;6803489;20200127113640;W03-C-Antwerpen-West-FH05;19082;FTTH-Cu;;11525523;20200622132322;;1630000;23442
2035307;Zoning;6803489;20200127113640;W03-C-Antwerpen-West-FH05;6803489;20200127113640;W03-C-Antwerpen-West-FH05;19082;FTTH-Cu;;11525584;20200622132323;;1630000;23442
1968806;Zoning;6803489;20200127113640;W03-C-Antwerpen-West-FH05;6803489;20200127113640;W03-C-Antwerpen-West-FH05;19082;FTTH-Cu;;11525580;20200622132323;;1630000;16726
1968855;Zoning;6803489;20200127113640;W03-C-Antwerpen-West-FH05;6803489;20200127113640;W03-C-Antwerpen-West-FH05;19082;FTTH-Cu;;11525581;20200909134538;;1630000;16726
4512196;Zoning;6803489;20200127113640;W03-C-Antwerpen-West-FH05;6803489;20200127113640;W03-C-Antwerpen-West-FH05;19082;FTTH-Cu;;11525641;20200909134543;;1630000;16726
2036585;Zoning;6803489;20200127113640;W03-C-Antwerpen-West-FH05;6803489;20200127113640;W03-C-Antwerpen-West-FH05;19082;FTTH-Cu;;11525585;20200622132323;;1630000;23544
56522;Zoning;6803489;20200127113640;W03-C-Antwerpen-West-FH05;6803489;20200127113640;W03-C-Antwerpen-West-FH05;19082;FTTH-Cu;;11525667;20200909134345;;1630000;24270
2043210;Zoning;6803489;20200127113640;W03-C-Antwerpen-West-FH05;6803489;20200127113640;W03-C-Antwerpen-West-FH05;19082;FTTH-Cu;;11525586;20200909134257;;1630000;24270
1015480;Zoning;6803489;20200127113640;W03-C-Antwerpen-West-FH05;6803489;20200127113640;W03-C-Antwerpen-West-FH05;19082;FTTH-Cu;;11525521;20200908145302;;1630000;24684
2044838;Zoning;6803489;20200127113640;W03-C-Antwerpen-West-FH05;6803489;20200127113640;W03-C-Antwerpen-West-FH05;19082;FTTH-Cu;;11525587;20200622132323;;1630000;24684
2045411;Zoning;6803489;20200127113640;W03-C-Antwerpen-West-FH05;6803489;20200127113640;W03-C-Antwerpen-West-FH05;19082;FTTH-Cu;;11525589;20200909153825;;1630000;25104
2045412;Zoning;6803489;20200127113640;W03-C-Antwerpen-West-FH05;6803489;20200127113640;W03-C-Antwerpen-West-FH05;19082;FTTH-Cu;;11525590;20200909154008;;1630000;25104
2047394;Zoning;6803489;20200127113640;W03-C-Antwerpen-West-FH05;6803489;20200127113640;W03-C-Antwerpen-West-FH05;19082;FTTH-Cu;;11525591;20200622132323;;1630000;26002
2047401;Zoning;6803489;20200127113640;W03-C-Antwerpen-West-FH05;6803489;20200127113640;W03-C-Antwerpen-West-FH05;19082;FTTH-Cu;;11525592;20200622132323;;1630000;26002
2047409;Zoning;6803489;20200127113640;W03-C-Antwerpen-West-FH05;6803489;20200127113640;W03-C-Antwerpen-West-FH05;19082;FTTH-Cu;;11525593;20200908133412;;1630000;26002
3928253;Zoning;6803489;20200127113640;W03-C-Antwerpen-West-FH05;6803489;20200127113640;W03-C-Antwerpen-West-FH05;19082;FTTH-Cu;;11525615;20200908133403;;1630000;26002
53368;Zoning;6803489;20200127113640;W03-C-Antwerpen-West-FH05;6803489;20200127113640;W03-C-Antwerpen-West-FH05;19082;FTTH-Cu;;11525651;20200908133229;;1630000;26002
60824;Zoning;6803489;20200127113640;W03-C-Antwerpen-West-FH05;6803489;20200127113640;W03-C-Antwerpen-West-FH05;19082;FTTH-Cu;;11525687;20200908144313;;1630000;26063
970909;Zoning;6803489;20200127113640;W03-C-Antwerpen-West-FH05;6803489;20200127113640;W03-C-Antwerpen-West-FH05;19082;FTTH-Cu;;11525699;20200622132323;;1630000;935
60839;Zoning;6803489;20200127113640;W03-C-Antwerpen-West-FH05;6803489;20200127113640;W03-C-Antwerpen-West-FH05;19082;FTTH-Cu;;11525688;20200908144603;;1630000;27322
4512889;Zoning;6803489;20200127113640;W03-C-Antwerpen-West-FH05;6803489;20200127113640;W03-C-Antwerpen-West-FH05;19082;FTTH-Cu;;11525642;20200908144557;;1630000;27322
4512946;Zoning;6803489;20200127113640;W03-C-Antwerpen-West-FH05;6803489;20200127113640;W03-C-Antwerpen-West-FH05;19082;FTTH-Cu;;11525643;20200908145354;;1630000;27322
2050453;Zoning;6803489;20200127113640;W03-C-Antwerpen-West-FH05;6803489;20200127113640;W03-C-Antwerpen-West-FH05;19082;FTTH-Cu;;11525594;20200622132323;;1630000;27322
2050500;Zoning;6803489;20200127113640;W03-C-Antwerpen-West-FH05;6803489;20200127113640;W03-C-Antwerpen-West-FH05;19082;FTTH-Cu;;11525595;20200622132323;;1630000;27332
4517794;Zoning;6803489;20200127113640;W03-C-Antwerpen-West-FH05;6803489;20200127113640;W03-C-Antwerpen-West-FH05;19082;FTTH-Cu;;11525647;20200908131703;;1630000;27332
3927743;Zoning;6803489;20200127113640;W03-C-Antwerpen-West-FH05;6803489;20200127113640;W03-C-Antwerpen-West-FH05;19082;FTTH-Cu;;11525614;20200622132323;;1630000;14043
60048;Zoning;6803489;20200127113640;W03-C-Antwerpen-West-FH05;6803489;20200127113640;W03-C-Antwerpen-West-FH05;19082;FTTH-Cu;;11525684;20200909145156;;1630000;42384
2068342;Zoning;6803489;20200127113640;W03-C-Antwerpen-West-FH05;6803489;20200127113640;W03-C-Antwerpen-West-FH05;19082;FTTH-Cu;;11525608;20200909145130;;1630000;42384
1090979;Zoning;6803489;20200127113640;W03-C-Antwerpen-West-FH05;6803489;20200127113640;W03-C-Antwerpen-West-FH05;19082;FTTH-Cu;;11525526;20200909145121;;1630000;42384
5364249;Zoning;6803489;20200127113640;W03-C-Antwerpen-West-FH05;6803489;20200127113640;W03-C-Antwerpen-West-FH05;19082;FTTH-Cu;;11525658;20200908140848;;1630000;20779
2008479;Zoning;6803489;20200127113640;W03-C-Antwerpen-West-FH05;6803489;20200127113640;W03-C-Antwerpen-West-FH05;19082;FTTH-Cu;;11525582;20200622132323;;1630000;20779
1372369;Zoning;6803489;20200127113640;W03-C-Antwerpen-West-FH05;6803489;20200127113640;W03-C-Antwerpen-West-FH05;19082;FTTH-Cu;;11525532;20200908142000;;1630000;20790
1091148;Zoning;6803489;20200127113640;W03-C-Antwerpen-West-FH05;6803489;20200127113640;W03-C-Antwerpen-West-FH05;19082;FTTH-Cu;;11525527;20200622132322;;1630000;24158
59114;Zoning;6803489;20200127113640;W03-C-Antwerpen-West-FH05;6803489;20200127113640;W03-C-Antwerpen-West-FH05;19082;FTTH-Cu;;11525681;20200622132323;;1630000;24163
4508641;Zoning;6803489;20200127113640;W03-C-Antwerpen-West-FH05;6803489;20200127113640;W03-C-Antwerpen-West-FH05;19082;FTTH-Cu;;11525634;20200622132323;;1630000;24521
4508642;Zoning;6803489;20200127113640;W03-C-Antwerpen-West-FH05;6803489;20200127113640;W03-C-Antwerpen-West-FH05;19082;FTTH-Cu;;11525635;20200622132323;;1630000;24521
4508643;Zoning;6803489;20200127113640;W03-C-Antwerpen-West-FH05;6803489;20200127113640;W03-C-Antwerpen-West-FH05;19082;FTTH-Cu;;11525636;20200622132323;;1630000;24521
5560960;Zoning;6803489;20200127113640;W03-C-Antwerpen-West-FH05;6803489;20200127113640;W03-C-Antwerpen-West-FH05;19082;FTTH-Cu;;11525664;20200908144612;;1630000;29444
61757;Zoning;6803489;20200127113640;W03-C-Antwerpen-West-FH05;6803489;20200127113640;W03-C-Antwerpen-West-FH05;19082;FTTH-Cu;;11525696;20200622132323;;1630000;34381
2064555;Zoning;6803489;20200127113640;W03-C-Antwerpen-West-FH05;6803489;20200127113640;W03-C-Antwerpen-West-FH05;19082;FTTH-Cu;;11525596;20200622132323;;1630000;34381
57607;Zoning;6803489;20200127113640;W03-C-Antwerpen-West-FH05;6803489;20200127113640;W03-C-Antwerpen-West-FH05;19082;FTTH-Cu;;11525671;20200622132323;;1630000;34701
12653;Zoning;6803489;20200127113640;W03-C-Antwerpen-West-FH05;6803489;20200127113640;W03-C-Antwerpen-West-FH05;19082;FTTH-Cu;;11525531;20200622132322;;1630000;34842
2065578;Zoning;6803489;20200127113640;W03-C-Antwerpen-West-FH05;6803489;20200127113640;W03-C-Antwerpen-West-FH05;19082;FTTH-Cu;;11525597;20200622132323;;1630000;34842
58114;Zoning;6803489;20200127113640;W03-C-Antwerpen-West-FH05;6803489;20200127113640;W03-C-Antwerpen-West-FH05;19082;FTTH-Cu;;11525676;20200909151140;;1630000;35089
60559;Zoning;6803489;20200127113640;W03-C-Antwerpen-West-FH05;6803489;20200127113640;W03-C-Antwerpen-West-FH05;19082;FTTH-Cu;;11525686;20200909132631;;1630000;35103
2066026;Zoning;6803489;20200127113640;W03-C-Antwerpen-West-FH05;6803489;20200127113640;W03-C-Antwerpen-West-FH05;19082;FTTH-Cu;;11525598;20200622132323;;1630000;35103
4504823;Zoning;6803489;20200127113640;W03-C-Antwerpen-West-FH05;6803489;20200127113640;W03-C-Antwerpen-West-FH05;19082;FTTH-Cu;;11525629;20200622132323;;1630000;35103
2066028;Zoning;6803489;20200127113640;W03-C-Antwerpen-West-FH05;6803489;20200127113640;W03-C-Antwerpen-West-FH05;19082;FTTH-Cu;;11525599;20200909131959;;1630000;35103
4504824;Zoning;6803489;20200127113640;W03-C-Antwerpen-West-FH05;6803489;20200127113640;W03-C-Antwerpen-West-FH05;19082;FTTH-Cu;;11525630;20200909132617;;1630000;35103
2066030;Zoning;6803489;20200127113640;W03-C-Antwerpen-West-FH05;6803489;20200127113640;W03-C-Antwerpen-West-FH05;19082;FTTH-Cu;;11525600;20200909132606;;1630000;35103
2066031;Zoning;6803489;20200127113640;W03-C-Antwerpen-West-FH05;6803489;20200127113640;W03-C-Antwerpen-West-FH05;19082;FTTH-Cu;;11525601;20200909132514;;1630000;35103
60556;Zoning;6803489;20200127113640;W03-C-Antwerpen-West-FH05;6803489;20200127113640;W03-C-Antwerpen-West-FH05;19082;FTTH-Cu;;11525685;20200909124345;;1630000;35103
4145620;Zoning;6803489;20200127113640;W03-C-Antwerpen-West-FH05;6803489;20200127113640;W03-C-Antwerpen-West-FH05;19082;FTTH-Cu;;11525625;20200909124354;;1630000;35103
2066034;Zoning;6803489;20200127113640;W03-C-Antwerpen-West-FH05;6803489;20200127113640;W03-C-Antwerpen-West-FH05;19082;FTTH-Cu;;11525602;20200909124358;;1630000;35103
4509699;Zoning;6803489;20200127113640;W03-C-Antwerpen-West-FH05;6803489;20200127113640;W03-C-Antwerpen-West-FH05;19082;FTTH-Cu;;11525637;20200909152733;;1630000;35585
2066584;Zoning;6803489;20200127113640;W03-C-Antwerpen-West-FH05;6803489;20200127113640;W03-C-Antwerpen-West-FH05;19082;FTTH-Cu;;11525603;20200622132323;;1630000;35585
2066594;Zoning;6803489;20200127113640;W03-C-Antwerpen-West-FH05;6803489;20200127113640;W03-C-Antwerpen-West-FH05;19082;FTTH-Cu;;11525604;20200622132323;;1630000;35585
2066598;Zoning;6803489;20200127113640;W03-C-Antwerpen-West-FH05;6803489;20200127113640;W03-C-Antwerpen-West-FH05;19082;FTTH-Cu;;11525605;20200909153123;;1630000;35585
2067012;Zoning;6803489;20200127113640;W03-C-Antwerpen-West-FH05;6803489;20200127113640;W03-C-Antwerpen-West-FH05;19082;FTTH-Cu;;11525606;20200622132323;;1630000;35899
