File SSV Action;File SSV Status;File SSV Error;Area Type;Area FID;Area Version;Area Name;Zoning FID;Zoning Version;Zoning Name;Zoning Id;Zoning Tech;BG Id;BG Version;BG Name;BG SSV Action;BG SSV Status;BG SSV Error;BG Building SSV Action;BG Building SSV Status;BG Building SSV Error;Building FID;Building Version;LAM MK;LAM City Code;LAM Street Code;Street;Nr;Suffix;Zip;Municipality;Suburb;xPos;yPos;Name;Wall Mount;SS Reason;Number Floors;Height Cable;Orig VC Type;New VC Type;VC Method;Intro Tube;Prov Status;Prov Reason;Prov Planned;Prov Mod By;Prov Mod Date;Comments;SSV Flag;SSV Action;SSV Status;SSV Error;SSV Date;Seq;LU Key;LAM SK;Nature;Nr TPs;PBox;App;Block;Floor;OtherRef;CAD;CAD Details;CAD Type;CAD Type Descr;CAD SubType;Prov Status LU;Prov Reason LU;Prov Planned LU;Prov Mod By LU;Prov Mod Date LU;Comments LU;SSV Flag LU;SSV Action LU;SSV Status LU;SSV Error LU;SSV Date LU
;;;Zoning;6807323;'20200219142313;W03-C-Antwerpen-West-FH07;6807323;'20200219142313;W03-C-Antwerpen-West-FH07;19084;FTTH-Cu;;';';;;;;;;11377554;'20190712080953;48898;'1630000;'968;Augustijnenstraat;'1;';2000;Antwerpen;;'152004,363;'211896,219;';N;ORN;4;0;Unknown;Unknown;;None;;;';IFH_BATCH;'12/07/2019 07:42:58;;Y;;;;'12/07/2019 07:28:35;1;11085888;;LU;1;';';';';';;;;;;;;';;';;Y;;;;'12/07/2019 07:28:35
;;;Zoning;6807323;'20200219142313;W03-C-Antwerpen-West-FH07;6807323;'20200219142313;W03-C-Antwerpen-West-FH07;19084;FTTH-Cu;;';';;;;;;;624159;'20191018095722;1736868;'1630000;'968;Augustijnenstraat;'2;';2000;Antwerpen;;'152004,062;'211878,409;';N;ORN;4;0;Unknown;Unknown;;None;;;';IFH_BATCH;'12/07/2019 07:42:51;;Y;;;;'12/07/2019 07:28:35;1;1693623;;LU;1;';';';';';Y;;HOUSE;WONING - MAISON;NA;;;';;';;Y;;;;'12/07/2019 07:28:35
;;;Zoning;6807323;'20200219142313;W03-C-Antwerpen-West-FH07;6807323;'20200219142313;W03-C-Antwerpen-West-FH07;19084;FTTH-Cu;;';';;;;;;;624160;'20190604080307;1736869;'1630000;'968;Augustijnenstraat;'3;';2000;Antwerpen;;'152007,459;'211895,144;';Y;NA;3;9;Unknown;Unknown;;None;;;';;';;Y;;;;'15/01/2019 12:41:18;1;1741710;;LU;1;';';';';';Y;;HOUSE;WONING - MAISON;NA;;;';;';;Y;;;;'15/01/2019 12:41:18
;;;Zoning;6807323;'20200219142313;W03-C-Antwerpen-West-FH07;6807323;'20200219142313;W03-C-Antwerpen-West-FH07;19084;FTTH-Cu;;';';;;;;;;624160;'20190604080307;1736869;'1630000;'968;Augustijnenstraat;'3;';2000;Antwerpen;;'152007,459;'211895,144;';Y;NA;3;9;Unknown;Unknown;;None;;;';;';;Y;;;;'15/01/2019 12:41:18;2;1741711;;LU;1;';';';';';Y;;HOUSE;WONING - MAISON;NA;;;';;';;Y;;;;'15/01/2019 12:41:18
;;;Zoning;6807323;'20200219142313;W03-C-Antwerpen-West-FH07;6807323;'20200219142313;W03-C-Antwerpen-West-FH07;19084;FTTH-Cu;;';';;;;;;;624160;'20190604080307;1736869;'1630000;'968;Augustijnenstraat;'3;';2000;Antwerpen;;'152007,459;'211895,144;';Y;NA;3;9;Unknown;Unknown;;None;;;';;';;Y;;;;'15/01/2019 12:41:18;3;1741712;;LU;1;';';';';';Y;;HOUSE;WONING - MAISON;NA;;;';;';;Y;;;;'15/01/2019 12:41:18
;;;Zoning;6807323;'20200219142313;W03-C-Antwerpen-West-FH07;6807323;'20200219142313;W03-C-Antwerpen-West-FH07;19084;FTTH-Cu;;';';;;;;;;624161;'20191018095708;1736870;'1630000;'968;Augustijnenstraat;'4;';2000;Antwerpen;;'152009,518;'211874,738;';N;ORN;4;0;Unknown;Unknown;;None;;;';IFH_BATCH;'12/07/2019 07:42:53;;Y;;;;'12/07/2019 07:28:35;1;1775805;;LU;1;';';';';';Y;;HOUSE;WONING - MAISON;NA;;;';;';;Y;;;;'12/07/2019 07:28:35
;;;Zoning;6807323;'20200219142313;W03-C-Antwerpen-West-FH07;6807323;'20200219142313;W03-C-Antwerpen-West-FH07;19084;FTTH-Cu;;';';;;;;;;624162;'20190604080307;1736871;'1630000;'968;Augustijnenstraat;'5;';2000;Antwerpen;;'152013,573;'211891,232;';Y;NA;4;12;Unknown;Unknown;;None;;;';;';;Y;;;;'15/01/2019 12:41:18;1;1802922;;LU;1;';';';';';Y;;APTBLD;APPARTEMENTSGEBOUW - IMMEUBLE A APPARTEMENTS;NA;;;';;';;Y;;;;'15/01/2019 12:41:18
;;;Zoning;6807323;'20200219142313;W03-C-Antwerpen-West-FH07;6807323;'20200219142313;W03-C-Antwerpen-West-FH07;19084;FTTH-Cu;;';';;;;;;;624162;'20190604080307;1736871;'1630000;'968;Augustijnenstraat;'5;';2000;Antwerpen;;'152013,573;'211891,232;';Y;NA;4;12;Unknown;Unknown;;None;;;';;';;Y;;;;'15/01/2019 12:41:18;2;1802923;;LU;1;';';';';';Y;;APTBLD;APPARTEMENTSGEBOUW - IMMEUBLE A APPARTEMENTS;NA;;;';;';;Y;;;;'15/01/2019 12:41:18
;;;Zoning;6807323;'20200219142313;W03-C-Antwerpen-West-FH07;6807323;'20200219142313;W03-C-Antwerpen-West-FH07;19084;FTTH-Cu;;';';;;;;;;624162;'20190604080307;1736871;'1630000;'968;Augustijnenstraat;'5;';2000;Antwerpen;;'152013,573;'211891,232;';Y;NA;4;12;Unknown;Unknown;;None;;;';;';;Y;;;;'15/01/2019 12:41:18;3;1802924;;LU;1;';';';';';Y;;APTBLD;APPARTEMENTSGEBOUW - IMMEUBLE A APPARTEMENTS;NA;;;';;';;Y;;;;'15/01/2019 12:41:18
;;;Zoning;6807323;'20200219142313;W03-C-Antwerpen-West-FH07;6807323;'20200219142313;W03-C-Antwerpen-West-FH07;19084;FTTH-Cu;;';';;;;;;;624163;'20191016142408;1736873;'1630000;'968;Augustijnenstraat;'9;';2000;Antwerpen;;'152022,077;'211886,904;';Y;NA;4;4;Unknown;Unknown;;None;;;';IFH_BATCH;'12/07/2019 07:42:28;;Y;;;;'12/07/2019 07:28:35;1;1864941;;LU;1;';';';';';Y;#A.GV.1/;APPART;DEEL_APP_GEBOUW - PARTIE_IMMEUBLE_APP;APPART;;;';;';;Y;;;;'12/07/2019 07:28:35
;;;Zoning;6807323;'20200219142313;W03-C-Antwerpen-West-FH07;6807323;'20200219142313;W03-C-Antwerpen-West-FH07;19084;FTTH-Cu;;';';;;;;;;624163;'20191016142408;1736873;'1630000;'968;Augustijnenstraat;'9;';2000;Antwerpen;;'152022,077;'211886,904;';Y;NA;4;4;Unknown;Unknown;;None;;;';IFH_BATCH;'12/07/2019 07:42:28;;Y;;;;'12/07/2019 07:28:35;2;1865311;;LU;1;';';';';';Y;#A1@3/K;APPART;DEEL_APP_GEBOUW - PARTIE_IMMEUBLE_APP;APPART;;;';;';;Y;;;;'12/07/2019 07:28:35
;;;Zoning;6807323;'20200219142313;W03-C-Antwerpen-West-FH07;6807323;'20200219142313;W03-C-Antwerpen-West-FH07;19084;FTTH-Cu;;';';;;;;;;624163;'20191016142408;1736873;'1630000;'968;Augustijnenstraat;'9;';2000;Antwerpen;;'152022,077;'211886,904;';Y;NA;4;4;Unknown;Unknown;;None;;;';IFH_BATCH;'12/07/2019 07:42:28;;Y;;;;'12/07/2019 07:28:35;3;10368392;;LU;1;';';';';';Y;#A1@3/K;APPART;DEEL_APP_GEBOUW - PARTIE_IMMEUBLE_APP;APPART;;;';;';;Y;;;;'12/07/2019 07:28:35
;;;Zoning;6807323;'20200219142313;W03-C-Antwerpen-West-FH07;6807323;'20200219142313;W03-C-Antwerpen-West-FH07;19084;FTTH-Cu;;';';;;;;;;624163;'20191016142408;1736873;'1630000;'968;Augustijnenstraat;'9;';2000;Antwerpen;;'152022,077;'211886,904;';Y;NA;4;4;Unknown;Unknown;;None;;;';IFH_BATCH;'12/07/2019 07:42:28;;Y;;;;'12/07/2019 07:28:35;4;10368393;;LU;1;';';';';';Y;#A1@3/K;APPART;DEEL_APP_GEBOUW - PARTIE_IMMEUBLE_APP;APPART;;;';;';;Y;;;;'12/07/2019 07:28:35
;;;Zoning;6807323;'20200219142313;W03-C-Antwerpen-West-FH07;6807323;'20200219142313;W03-C-Antwerpen-West-FH07;19084;FTTH-Cu;;';';;;;;;;624164;'20190712080934;1736874;'1630000;'968;Augustijnenstraat;'11;';2000;Antwerpen;;'152028,692;'211883,454;';Y;NA;4;4;Unknown;Unknown;;None;;;';IFH_BATCH;'12/07/2019 07:42:31;;Y;;;;'12/07/2019 07:28:35;1;1630575;;LU;1;';';';';';Y;;APTBLD;APPARTEMENTSGEBOUW - IMMEUBLE A APPARTEMENTS;NA;;;';;';;Y;;;;'12/07/2019 07:28:35
;;;Zoning;6807323;'20200219142313;W03-C-Antwerpen-West-FH07;6807323;'20200219142313;W03-C-Antwerpen-West-FH07;19084;FTTH-Cu;;';';;;;;;;624164;'20190712080934;1736874;'1630000;'968;Augustijnenstraat;'11;';2000;Antwerpen;;'152028,692;'211883,454;';Y;NA;4;4;Unknown;Unknown;;None;;;';IFH_BATCH;'12/07/2019 07:42:31;;Y;;;;'12/07/2019 07:28:35;2;1630576;;LU;1;';';';';';Y;;APTBLD;APPARTEMENTSGEBOUW - IMMEUBLE A APPARTEMENTS;NA;;;';;';;Y;;;;'12/07/2019 07:28:35
;;;Zoning;6807323;'20200219142313;W03-C-Antwerpen-West-FH07;6807323;'20200219142313;W03-C-Antwerpen-West-FH07;19084;FTTH-Cu;;';';;;;;;;624164;'20190712080934;1736874;'1630000;'968;Augustijnenstraat;'11;';2000;Antwerpen;;'152028,692;'211883,454;';Y;NA;4;4;Unknown;Unknown;;None;;;';IFH_BATCH;'12/07/2019 07:42:31;;Y;;;;'12/07/2019 07:28:35;3;1630577;;LU;1;';';';';';Y;;APTBLD;APPARTEMENTSGEBOUW - IMMEUBLE A APPARTEMENTS;NA;;;';;';;Y;;;;'12/07/2019 07:28:35
;;;Zoning;6807323;'20200219142313;W03-C-Antwerpen-West-FH07;6807323;'20200219142313;W03-C-Antwerpen-West-FH07;19084;FTTH-Cu;;';';;;;;;;693761;'20190712080928;4141562;'1630000;'968;Augustijnenstraat;'13;';2000;Antwerpen;;'152037,356;'211877,673;';Y;NA;3;4;Unknown;Unknown;;None;;;';IFH_BATCH;'12/07/2019 07:42:33;;Y;;;;'12/07/2019 07:28:35;1;1647928;;LU;1;';';';';';Y;;HOUSE;WONING - MAISON;NA;;;';;';;Y;;;;'12/07/2019 07:28:35
;;;Zoning;6807323;'20200219142313;W03-C-Antwerpen-West-FH07;6807323;'20200219142313;W03-C-Antwerpen-West-FH07;19084;FTTH-Cu;;';';;;;;;;624165;'20190604080308;1736875;'1630000;'968;Augustijnenstraat;'15;';2000;Antwerpen;;'152041,199;'211875,28;';Y;NA;4;12;Unknown;Unknown;;None;;;';;';;Y;;;;'15/01/2019 12:41:18;1;1661967;;LU;1;';';';';';Y;;HOUSE;WONING - MAISON;NA;;;';;';;Y;;;;'15/01/2019 12:41:18
;;;Zoning;6807323;'20200219142313;W03-C-Antwerpen-West-FH07;6807323;'20200219142313;W03-C-Antwerpen-West-FH07;19084;FTTH-Cu;;';';;;;;;;706187;'20190604080308;4505538;'1630000;'968;Augustijnenstraat;'17;';2000;Antwerpen;;'152045,55;'211873,395;';Y;NA;4;12;Unknown;Unknown;;None;;;';;';;Y;;;;'15/01/2019 12:41:18;1;1674517;;LU;1;';';';';';Y;;HOUSE;WONING - MAISON;NA;;;';;';;Y;;;;'15/01/2019 12:41:18
;;;Zoning;6807323;'20200219142313;W03-C-Antwerpen-West-FH07;6807323;'20200219142313;W03-C-Antwerpen-West-FH07;19084;FTTH-Cu;;';';;;;;;;624166;'20190712080934;1736877;'1630000;'968;Augustijnenstraat;'19;';2000;Antwerpen;;'152050,747;'211872,142;';Y;NA;4;4;Unknown;Unknown;;None;;;';IFH_BATCH;'12/07/2019 07:42:36;;Y;;;;'12/07/2019 07:28:35;1;1685727;;LU;1;';';';';';Y;;HOUSE;WONING - MAISON;NA;;;';;';;Y;;;;'12/07/2019 07:28:35
;;;Zoning;6807323;'20200219142313;W03-C-Antwerpen-West-FH07;6807323;'20200219142313;W03-C-Antwerpen-West-FH07;19084;FTTH-Cu;11382568;'20200207153650;'Nationalestraat 56 - 58 - 60;;;;;;;712185;'20200207153542;5575087;'1630000;'968;Augustijnenstraat;'20;';2000;Antwerpen;;'152095,432;'211830,325;';N;ORN;4;12;Unknown;Unknown;;None;;;';;';;Y;;;;'15/01/2019 12:41:18;1;1696069;;LU;1;';';';';';Y;#A.GV/J/B11-S.7;APPART;DEEL_APP_GEBOUW - PARTIE_IMMEUBLE_APP;APPART;;;';;';;Y;;;;'15/01/2019 12:41:18
;;;Zoning;6807323;'20200219142313;W03-C-Antwerpen-West-FH07;6807323;'20200219142313;W03-C-Antwerpen-West-FH07;19084;FTTH-Cu;11382568;'20200207153650;'Nationalestraat 56 - 58 - 60;;;;;;;712185;'20200207153542;5575087;'1630000;'968;Augustijnenstraat;'20;';2000;Antwerpen;;'152095,432;'211830,325;';N;ORN;4;12;Unknown;Unknown;;None;;;';;';;Y;;;;'15/01/2019 12:41:18;2;1696245;;LU;1;';';';';';Y;#A1/I/B12-S.38;APPART;DEEL_APP_GEBOUW - PARTIE_IMMEUBLE_APP;APPART;;;';;';;Y;;;;'15/01/2019 12:41:18
;;;Zoning;6807323;'20200219142313;W03-C-Antwerpen-West-FH07;6807323;'20200219142313;W03-C-Antwerpen-West-FH07;19084;FTTH-Cu;11382568;'20200207153650;'Nationalestraat 56 - 58 - 60;;;;;;;712185;'20200207153542;5575087;'1630000;'968;Augustijnenstraat;'20;';2000;Antwerpen;;'152095,432;'211830,325;';N;ORN;4;12;Unknown;Unknown;;None;;;';;';;Y;;;;'15/01/2019 12:41:18;3;1696246;;LU;1;';';';';';Y;#A1/J/S.11;APPART;DEEL_APP_GEBOUW - PARTIE_IMMEUBLE_APP;APPART;;;';;';;Y;;;;'15/01/2019 12:41:18
;;;Zoning;6807323;'20200219142313;W03-C-Antwerpen-West-FH07;6807323;'20200219142313;W03-C-Antwerpen-West-FH07;19084;FTTH-Cu;11382568;'20200207153650;'Nationalestraat 56 - 58 - 60;;;;;;;712185;'20200207153542;5575087;'1630000;'968;Augustijnenstraat;'20;';2000;Antwerpen;;'152095,432;'211830,325;';N;ORN;4;12;Unknown;Unknown;;None;;;';;';;Y;;;;'15/01/2019 12:41:18;4;1696441;;LU;1;';';';';';Y;#A2/I/B2;APPART;DEEL_APP_GEBOUW - PARTIE_IMMEUBLE_APP;APPART;;;';;';;Y;;;;'15/01/2019 12:41:18
;;;Zoning;6807323;'20200219142313;W03-C-Antwerpen-West-FH07;6807323;'20200219142313;W03-C-Antwerpen-West-FH07;19084;FTTH-Cu;11382568;'20200207153650;'Nationalestraat 56 - 58 - 60;;;;;;;712185;'20200207153542;5575087;'1630000;'968;Augustijnenstraat;'20;';2000;Antwerpen;;'152095,432;'211830,325;';N;ORN;4;12;Unknown;Unknown;;None;;;';;';;Y;;;;'15/01/2019 12:41:18;5;1696442;;LU;1;';';';';';Y;#A2/J/;APPART;DEEL_APP_GEBOUW - PARTIE_IMMEUBLE_APP;APPART;;;';;';;Y;;;;'15/01/2019 12:41:18
;;;Zoning;6807323;'20200219142313;W03-C-Antwerpen-West-FH07;6807323;'20200219142313;W03-C-Antwerpen-West-FH07;19084;FTTH-Cu;11382568;'20200207153650;'Nationalestraat 56 - 58 - 60;;;;;;;712185;'20200207153542;5575087;'1630000;'968;Augustijnenstraat;'20;';2000;Antwerpen;;'152095,432;'211830,325;';N;ORN;4;12;Unknown;Unknown;;None;;;';;';;Y;;;;'15/01/2019 12:41:18;6;1696544;;LU;1;';';';';';Y;#A3.A4/J/B16-S.6;APPART;DEEL_APP_GEBOUW - PARTIE_IMMEUBLE_APP;APPART;;;';;';;Y;;;;'15/01/2019 12:41:18
;;;Zoning;6807323;'20200219142313;W03-C-Antwerpen-West-FH07;6807323;'20200219142313;W03-C-Antwerpen-West-FH07;19084;FTTH-Cu;11382568;'20200207153650;'Nationalestraat 56 - 58 - 60;;;;;;;712185;'20200207153542;5575087;'1630000;'968;Augustijnenstraat;'20;';2000;Antwerpen;;'152095,432;'211830,325;';N;ORN;4;12;Unknown;Unknown;;None;;;';;';;Y;;;;'15/01/2019 12:41:18;7;1696588;;LU;1;';';';';';Y;#A3/I/B14-S.40;APPART;DEEL_APP_GEBOUW - PARTIE_IMMEUBLE_APP;APPART;;;';;';;Y;;;;'15/01/2019 12:41:18
;;;Zoning;6807323;'20200219142313;W03-C-Antwerpen-West-FH07;6807323;'20200219142313;W03-C-Antwerpen-West-FH07;19084;FTTH-Cu;11382568;'20200207153650;'Nationalestraat 56 - 58 - 60;;;;;;;712185;'20200207153542;5575087;'1630000;'968;Augustijnenstraat;'20;';2000;Antwerpen;;'152095,432;'211830,325;';N;ORN;4;12;Unknown;Unknown;;None;;;';;';;Y;;;;'15/01/2019 12:41:18;8;1696687;;LU;1;';';';';';Y;#A4/I/B9-S.37;APPART;DEEL_APP_GEBOUW - PARTIE_IMMEUBLE_APP;APPART;;;';;';;Y;;;;'15/01/2019 12:41:18
;;;Zoning;6807323;'20200219142313;W03-C-Antwerpen-West-FH07;6807323;'20200219142313;W03-C-Antwerpen-West-FH07;19084;FTTH-Cu;;';';;;;;;;624167;'20190712080935;1736878;'1630000;'968;Augustijnenstraat;'21;';2000;Antwerpen;;'152056,624;'211869,804;';Y;NA;3;4;Unknown;Unknown;;None;;;';IFH_BATCH;'12/07/2019 07:42:38;;Y;;;;'12/07/2019 07:28:35;1;1703856;;LU;1;';';';';';Y;;HOUSE;WONING - MAISON;NA;;;';;';;Y;;;;'12/07/2019 07:28:35
;;;Zoning;6807323;'20200219142313;W03-C-Antwerpen-West-FH07;6807323;'20200219142313;W03-C-Antwerpen-West-FH07;19084;FTTH-Cu;;';';;;;;;;624168;'20190604080308;1736879;'1630000;'968;Augustijnenstraat;'23;';2000;Antwerpen;;'152061,864;'211865,782;';Y;NA;3;9;Unknown;Unknown;;None;;;';;';;Y;;;;'15/01/2019 12:41:18;1;1712965;;LU;1;';';';';';Y;;HOUSE;WONING - MAISON;NA;;;';;';;Y;;;;'15/01/2019 12:41:18
;;;Zoning;6807323;'20200219142313;W03-C-Antwerpen-West-FH07;6807323;'20200219142313;W03-C-Antwerpen-West-FH07;19084;FTTH-Cu;;';';;;;;;;624169;'20190604080308;1736880;'1630000;'968;Augustijnenstraat;'25;';2000;Antwerpen;;'152068,97;'211864,404;';Y;NA;4;12;Unknown;Unknown;;None;;;';;';;Y;;;;'15/01/2019 12:41:18;1;1721336;;LU;1;';';';';';Y;;HOUSE;WONING - MAISON;NA;;;';;';;Y;;;;'15/01/2019 12:41:18
;;;Zoning;6807323;'20200219142313;W03-C-Antwerpen-West-FH07;6807323;'20200219142313;W03-C-Antwerpen-West-FH07;19084;FTTH-Cu;;';';;;;;;;624169;'20190604080308;1736880;'1630000;'968;Augustijnenstraat;'25;';2000;Antwerpen;;'152068,97;'211864,404;';Y;NA;4;12;Unknown;Unknown;;None;;;';;';;Y;;;;'15/01/2019 12:41:18;2;1721337;;LU;1;';';';';';Y;;HOUSE;WONING - MAISON;NA;;;';;';;Y;;;;'15/01/2019 12:41:18
;;;Zoning;6807323;'20200219142313;W03-C-Antwerpen-West-FH07;6807323;'20200219142313;W03-C-Antwerpen-West-FH07;19084;FTTH-Cu;;';';;;;;;;624169;'20190604080308;1736880;'1630000;'968;Augustijnenstraat;'25;';2000;Antwerpen;;'152068,97;'211864,404;';Y;NA;4;12;Unknown;Unknown;;None;;;';;';;Y;;;;'15/01/2019 12:41:18;3;1721338;;LU;1;';';';';';Y;;HOUSE;WONING - MAISON;NA;;;';;';;Y;;;;'15/01/2019 12:41:18
;;;Zoning;6807323;'20200219142313;W03-C-Antwerpen-West-FH07;6807323;'20200219142313;W03-C-Antwerpen-West-FH07;19084;FTTH-Cu;;';';;;;;;;624169;'20190604080308;1736880;'1630000;'968;Augustijnenstraat;'25;';2000;Antwerpen;;'152068,97;'211864,404;';Y;NA;4;12;Unknown;Unknown;;None;;;';;';;Y;;;;'15/01/2019 12:41:18;4;1721339;;LU;1;';';';';';Y;;HOUSE;WONING - MAISON;NA;;;';;';;Y;;;;'15/01/2019 12:41:18
;;;Zoning;6807323;'20200219142313;W03-C-Antwerpen-West-FH07;6807323;'20200219142313;W03-C-Antwerpen-West-FH07;19084;FTTH-Cu;;';';;;;;;;624169;'20190604080308;1736880;'1630000;'968;Augustijnenstraat;'25;';2000;Antwerpen;;'152068,97;'211864,404;';Y;NA;4;12;Unknown;Unknown;;None;;;';;';;Y;;;;'15/01/2019 12:41:18;5;1721340;;LU;1;';';';';';Y;;HOUSE;WONING - MAISON;NA;;;';;';;Y;;;;'15/01/2019 12:41:18
;;;Zoning;6807323;'20200219142313;W03-C-Antwerpen-West-FH07;6807323;'20200219142313;W03-C-Antwerpen-West-FH07;19084;FTTH-Cu;;';';;;;;;;624170;'20190712080935;1736881;'1630000;'968;Augustijnenstraat;'27;';2000;Antwerpen;;'152076,34;'211860,957;';Y;NA;4;4;Unknown;Unknown;;None;;;';IFH_BATCH;'12/07/2019 07:42:41;;Y;;;;'12/07/2019 07:28:35;1;1728974;;LU;1;';';';';';Y;;HOUSE;WONING - MAISON;NA;;;';;';;Y;;;;'12/07/2019 07:28:35
;;;Zoning;6807323;'20200219142313;W03-C-Antwerpen-West-FH07;6807323;'20200219142313;W03-C-Antwerpen-West-FH07;19084;FTTH-Cu;;';';;;;;;;624170;'20190712080935;1736881;'1630000;'968;Augustijnenstraat;'27;';2000;Antwerpen;;'152076,34;'211860,957;';Y;NA;4;4;Unknown;Unknown;;None;;;';IFH_BATCH;'12/07/2019 07:42:41;;Y;;;;'12/07/2019 07:28:35;2;1728975;;LU;1;';';';';';Y;;HOUSE;WONING - MAISON;NA;;;';;';;Y;;;;'12/07/2019 07:28:35
;;;Zoning;6807323;'20200219142313;W03-C-Antwerpen-West-FH07;6807323;'20200219142313;W03-C-Antwerpen-West-FH07;19084;FTTH-Cu;;';';;;;;;;624171;'20190604080308;1736882;'1630000;'968;Augustijnenstraat;'29;';2000;Antwerpen;;'152081,964;'211858,808;';N;ORN;3;9;Unknown;Unknown;;None;;;';;';;Y;;;;'15/01/2019 12:41:18;1;1736268;;LU;1;';';';';';Y;;HOUSE;WONING - MAISON;NA;;;';;';;Y;;;;'15/01/2019 12:41:18
;;;Zoning;6807323;'20200219142313;W03-C-Antwerpen-West-FH07;6807323;'20200219142313;W03-C-Antwerpen-West-FH07;19084;FTTH-Cu;;';';;;;;;;624172;'20190712080935;1736883;'1630000;'968;Augustijnenstraat;'31;';2000;Antwerpen;;'152088,04;'211855,195;';Y;NA;4;4;Unknown;Unknown;;None;;;';IFH_BATCH;'12/07/2019 07:42:43;;Y;;;;'12/07/2019 07:28:35;1;1748608;;LU;1;';';';';';Y;;HOUSE;WONING - MAISON;NA;;;';;';;Y;;;;'12/07/2019 07:28:35
;;;Zoning;6807323;'20200219142313;W03-C-Antwerpen-West-FH07;6807323;'20200219142313;W03-C-Antwerpen-West-FH07;19084;FTTH-Cu;;';';;;;;;;624172;'20190712080935;1736883;'1630000;'968;Augustijnenstraat;'31;';2000;Antwerpen;;'152088,04;'211855,195;';Y;NA;4;4;Unknown;Unknown;;None;;;';IFH_BATCH;'12/07/2019 07:42:43;;Y;;;;'12/07/2019 07:28:35;2;1748609;;LU;1;';';';';';Y;;HOUSE;WONING - MAISON;NA;;;';;';;Y;;;;'12/07/2019 07:28:35
;;;Zoning;6807323;'20200219142313;W03-C-Antwerpen-West-FH07;6807323;'20200219142313;W03-C-Antwerpen-West-FH07;19084;FTTH-Cu;;';';;;;;;;624172;'20190712080935;1736883;'1630000;'968;Augustijnenstraat;'31;';2000;Antwerpen;;'152088,04;'211855,195;';Y;NA;4;4;Unknown;Unknown;;None;;;';IFH_BATCH;'12/07/2019 07:42:43;;Y;;;;'12/07/2019 07:28:35;3;1748610;;LU;1;';';';';';Y;;HOUSE;WONING - MAISON;NA;;;';;';;Y;;;;'12/07/2019 07:28:35
;;;Zoning;6807323;'20200219142313;W03-C-Antwerpen-West-FH07;6807323;'20200219142313;W03-C-Antwerpen-West-FH07;19084;FTTH-Cu;;';';;;;;;;624172;'20190712080935;1736883;'1630000;'968;Augustijnenstraat;'31;';2000;Antwerpen;;'152088,04;'211855,195;';Y;NA;4;4;Unknown;Unknown;;None;;;';IFH_BATCH;'12/07/2019 07:42:43;;Y;;;;'12/07/2019 07:28:35;4;1748611;;LU;1;';';';';';Y;;HOUSE;WONING - MAISON;NA;;;';;';;Y;;;;'12/07/2019 07:28:35
;;;Zoning;6807323;'20200219142313;W03-C-Antwerpen-West-FH07;6807323;'20200219142313;W03-C-Antwerpen-West-FH07;19084;FTTH-Cu;;';';;;;;;;624172;'20190712080935;1736883;'1630000;'968;Augustijnenstraat;'31;';2000;Antwerpen;;'152088,04;'211855,195;';Y;NA;4;4;Unknown;Unknown;;None;;;';IFH_BATCH;'12/07/2019 07:42:43;;Y;;;;'12/07/2019 07:28:35;5;1748612;;LU;1;';';';';';Y;;HOUSE;WONING - MAISON;NA;;;';;';;Y;;;;'12/07/2019 07:28:35
;;;Zoning;6807323;'20200219142313;W03-C-Antwerpen-West-FH07;6807323;'20200219142313;W03-C-Antwerpen-West-FH07;19084;FTTH-Cu;;';';;;;;;;624172;'20190712080935;1736883;'1630000;'968;Augustijnenstraat;'31;';2000;Antwerpen;;'152088,04;'211855,195;';Y;NA;4;4;Unknown;Unknown;;None;;;';IFH_BATCH;'12/07/2019 07:42:43;;Y;;;;'12/07/2019 07:28:35;6;1748613;;LU;1;';';';';';Y;;HOUSE;WONING - MAISON;NA;;;';;';;Y;;;;'12/07/2019 07:28:35
;;;Zoning;6807323;'20200219142313;W03-C-Antwerpen-West-FH07;6807323;'20200219142313;W03-C-Antwerpen-West-FH07;19084;FTTH-Cu;;';';;;;;;;624172;'20190712080935;1736883;'1630000;'968;Augustijnenstraat;'31;';2000;Antwerpen;;'152088,04;'211855,195;';Y;NA;4;4;Unknown;Unknown;;None;;;';IFH_BATCH;'12/07/2019 07:42:43;;Y;;;;'12/07/2019 07:28:35;7;1748614;;LU;1;';';';';';Y;;HOUSE;WONING - MAISON;NA;;;';;';;Y;;;;'12/07/2019 07:28:35
;;;Zoning;6807323;'20200219142313;W03-C-Antwerpen-West-FH07;6807323;'20200219142313;W03-C-Antwerpen-West-FH07;19084;FTTH-Cu;;';';;;;;;;690698;'20190712080928;3918248;'1630000;'968;Augustijnenstraat;'33;';2000;Antwerpen;;'152095,045;'211852,299;';Y;NA;4;4;Unknown;Unknown;;None;;;';IFH_BATCH;'12/07/2019 07:42:46;;Y;;;;'12/07/2019 07:28:35;1;1754737;;LU;1;';';';';';Y;;HOUSE;WONING - MAISON;NA;;;';;';;Y;;;;'12/07/2019 07:28:35
;;;Zoning;6807323;'20200219142313;W03-C-Antwerpen-West-FH07;6807323;'20200219142313;W03-C-Antwerpen-West-FH07;19084;FTTH-Cu;;';';;;;;;;690698;'20190712080928;3918248;'1630000;'968;Augustijnenstraat;'33;';2000;Antwerpen;;'152095,045;'211852,299;';Y;NA;4;4;Unknown;Unknown;;None;;;';IFH_BATCH;'12/07/2019 07:42:46;;Y;;;;'12/07/2019 07:28:35;2;1754738;;LU;1;';';';';';Y;;HOUSE;WONING - MAISON;NA;;;';;';;Y;;;;'12/07/2019 07:28:35
;;;Zoning;6807323;'20200219142313;W03-C-Antwerpen-West-FH07;6807323;'20200219142313;W03-C-Antwerpen-West-FH07;19084;FTTH-Cu;;';';;;;;;;690698;'20190712080928;3918248;'1630000;'968;Augustijnenstraat;'33;';2000;Antwerpen;;'152095,045;'211852,299;';Y;NA;4;4;Unknown;Unknown;;None;;;';IFH_BATCH;'12/07/2019 07:42:46;;Y;;;;'12/07/2019 07:28:35;3;1754739;;LU;1;';';';';';Y;;HOUSE;WONING - MAISON;NA;;;';;';;Y;;;;'12/07/2019 07:28:35
;;;Zoning;6807323;'20200219142313;W03-C-Antwerpen-West-FH07;6807323;'20200219142313;W03-C-Antwerpen-West-FH07;19084;FTTH-Cu;;';';;;;;;;624173;'20190604080308;1736884;'1630000;'968;Augustijnenstraat;'35;';2000;Antwerpen;;'152099,722;'211850,846;';Y;NA;4;12;Unknown;Unknown;;None;;;';;';;Y;;;;'15/01/2019 12:41:18;1;1760864;;LU;1;';';';';';Y;;HOUSE;WONING - MAISON;NA;;;';;';;Y;;;;'15/01/2019 12:41:18
;;;Zoning;6807323;'20200219142313;W03-C-Antwerpen-West-FH07;6807323;'20200219142313;W03-C-Antwerpen-West-FH07;19084;FTTH-Cu;;';';;;;;;;624173;'20190604080308;1736884;'1630000;'968;Augustijnenstraat;'35;';2000;Antwerpen;;'152099,722;'211850,846;';Y;NA;4;12;Unknown;Unknown;;None;;;';;';;Y;;;;'15/01/2019 12:41:18;2;1760865;;LU;1;';';';';';Y;;HOUSE;WONING - MAISON;NA;;;';;';;Y;;;;'15/01/2019 12:41:18
;;;Zoning;6807323;'20200219142313;W03-C-Antwerpen-West-FH07;6807323;'20200219142313;W03-C-Antwerpen-West-FH07;19084;FTTH-Cu;;';';;;;;;;624173;'20190604080308;1736884;'1630000;'968;Augustijnenstraat;'35;';2000;Antwerpen;;'152099,722;'211850,846;';Y;NA;4;12;Unknown;Unknown;;None;;;';;';;Y;;;;'15/01/2019 12:41:18;3;1760866;;LU;1;';';';';';Y;;HOUSE;WONING - MAISON;NA;;;';;';;Y;;;;'15/01/2019 12:41:18
;;;Zoning;6807323;'20200219142313;W03-C-Antwerpen-West-FH07;6807323;'20200219142313;W03-C-Antwerpen-West-FH07;19084;FTTH-Cu;;';';;;;;;;624173;'20190604080308;1736884;'1630000;'968;Augustijnenstraat;'35;';2000;Antwerpen;;'152099,722;'211850,846;';Y;NA;4;12;Unknown;Unknown;;None;;;';;';;Y;;;;'15/01/2019 12:41:18;4;1760867;;BU;1;';';';';';Y;;HOUSE;WONING - MAISON;NA;;;';;';;Y;;;;'15/01/2019 12:41:18
;;;Zoning;6807323;'20200219142313;W03-C-Antwerpen-West-FH07;6807323;'20200219142313;W03-C-Antwerpen-West-FH07;19084;FTTH-Cu;;';';;;;;;;624174;'20200110135737;1736885;'1630000;'968;Augustijnenstraat;'37;';2000;Antwerpen;;'152107,052;'211847,876;';Y;NA;3;4;Unknown;Unknown;;None;;;';IFH_BATCH;'12/07/2019 07:42:48;;Y;;;;'12/07/2019 07:28:35;1;1766314;;LU;1;';';';';';Y;;HOUSE;WONING - MAISON;NA;;;';;';;Y;;;;'12/07/2019 07:28:35
;;;Zoning;6807323;'20200219142313;W03-C-Antwerpen-West-FH07;6807323;'20200219142313;W03-C-Antwerpen-West-FH07;19084;FTTH-Cu;;';';;;;;;;624174;'20200110135737;1736885;'1630000;'968;Augustijnenstraat;'37;';2000;Antwerpen;;'152107,052;'211847,876;';Y;NA;3;4;Unknown;Unknown;;None;;;';IFH_BATCH;'12/07/2019 07:42:48;;Y;;;;'12/07/2019 07:28:35;2;1766315;;LU;1;';';';';';Y;;HOUSE;WONING - MAISON;NA;;;';;';;Y;;;;'12/07/2019 07:28:35
;;;Zoning;6807323;'20200219142313;W03-C-Antwerpen-West-FH07;6807323;'20200219142313;W03-C-Antwerpen-West-FH07;19084;FTTH-Cu;;';';;;;;;;710470;'20190604080308;48899;'1630000;'968;Augustijnenstraat;'41;';2000;Antwerpen;;'152114,762;'211843,263;';Y;NA;5;15;Unknown;Unknown;;None;;;';;';;Y;;;;'15/01/2019 12:41:18;1;1781031;;LU;1;';';';';';Y;;HOUSE;WONING - MAISON;NA;;;';;';;Y;;;;'15/01/2019 12:41:18
;;;Zoning;6807323;'20200219142313;W03-C-Antwerpen-West-FH07;6807323;'20200219142313;W03-C-Antwerpen-West-FH07;19084;FTTH-Cu;;';';;;;;;;710470;'20190604080308;48899;'1630000;'968;Augustijnenstraat;'41;';2000;Antwerpen;;'152114,762;'211843,263;';Y;NA;5;15;Unknown;Unknown;;None;;;';;';;Y;;;;'15/01/2019 12:41:18;2;1781032;;LU;1;';';';';';Y;;HOUSE;WONING - MAISON;NA;;;';;';;Y;;;;'15/01/2019 12:41:18
;;;Zoning;6807323;'20200219142313;W03-C-Antwerpen-West-FH07;6807323;'20200219142313;W03-C-Antwerpen-West-FH07;19084;FTTH-Cu;;';';;;;;;;710470;'20190604080308;48899;'1630000;'968;Augustijnenstraat;'41;';2000;Antwerpen;;'152114,762;'211843,263;';Y;NA;5;15;Unknown;Unknown;;None;;;';;';;Y;;;;'15/01/2019 12:41:18;3;1781033;;LU;1;';';';';';Y;;HOUSE;WONING - MAISON;NA;;;';;';;Y;;;;'15/01/2019 12:41:18
;;;Zoning;6807323;'20200219142313;W03-C-Antwerpen-West-FH07;6807323;'20200219142313;W03-C-Antwerpen-West-FH07;19084;FTTH-Cu;;';';;;;;;;710470;'20190604080308;48899;'1630000;'968;Augustijnenstraat;'41;';2000;Antwerpen;;'152114,762;'211843,263;';Y;NA;5;15;Unknown;Unknown;;None;;;';;';;Y;;;;'15/01/2019 12:41:18;4;1781034;;LU;1;';';';';';Y;;HOUSE;WONING - MAISON;NA;;;';;';;Y;;;;'15/01/2019 12:41:18
;;;Zoning;6807323;'20200219142313;W03-C-Antwerpen-West-FH07;6807323;'20200219142313;W03-C-Antwerpen-West-FH07;19084;FTTH-Cu;;';';;;;;;;714450;'20191016102251;60739;'1630000;'1985;Bergstraat;'1;';2000;Antwerpen;;'152151,658;'212076,905;';Y;NA;3;4;Unknown;Unknown;;None;;;';IFH_BATCH;'12/07/2019 07:29:54;;Y;;;;'12/07/2019 07:28:35;1;1615169;;LU;1;';';';';';Y;;HOUSE;WONING - MAISON;NA;;;';;';;Y;;;;'12/07/2019 07:28:35
;;;Zoning;6807323;'20200219142313;W03-C-Antwerpen-West-FH07;6807323;'20200219142313;W03-C-Antwerpen-West-FH07;19084;FTTH-Cu;;';';;;;;;;714451;'20191016102432;60740;'1630000;'1985;Bergstraat;'2;';2000;Antwerpen;;'152149,035;'212065,984;';N;ORN;4;0;Unknown;Unknown;;None;;;';IFH_BATCH;'12/07/2019 07:32:09;;Y;;;;'12/07/2019 07:28:35;1;1693615;;LU;1;';';';';';Y;;HOUSE;WONING - MAISON;NA;;;';;';;Y;;;;'12/07/2019 07:28:35
;;;Zoning;6807323;'20200219142313;W03-C-Antwerpen-West-FH07;6807323;'20200219142313;W03-C-Antwerpen-West-FH07;19084;FTTH-Cu;11382478;'20190604080256;'Bergstraat 2 A - Leeuwenstraat 15;;;;;;;11378945;'20190712080951;6419320;'1630000;'1985;Bergstraat;'2;'A;2000;Antwerpen;;'152145,068;'212068,158;';N;MON;4;0;Unknown;Unknown;;None;;;';IFH_BATCH;'12/07/2019 07:43:04;;Y;;;;'12/07/2019 07:28:35;1;11086323;;LU;1;';';';';';;;;;;;;';;';;Y;;;;'12/07/2019 07:28:35
;;;Zoning;6807323;'20200219142313;W03-C-Antwerpen-West-FH07;6807323;'20200219142313;W03-C-Antwerpen-West-FH07;19084;FTTH-Cu;;';';;;;;;;626856;'20191016102431;1740478;'1630000;'1985;Bergstraat;'4;';2000;Antwerpen;;'152154,103;'212065,15;';N;ORN;3;9;Unknown;Unknown;;None;;;';;';;Y;;;;'15/01/2019 12:41:18;1;1775799;;LU;1;';';';';';Y;;HOUSE;WONING - MAISON;NA;;;';;';;Y;;;;'15/01/2019 12:41:18
;;;Zoning;6807323;'20200219142313;W03-C-Antwerpen-West-FH07;6807323;'20200219142313;W03-C-Antwerpen-West-FH07;19084;FTTH-Cu;;';';;;;;;;626857;'20191016102432;1740479;'1630000;'1985;Bergstraat;'6;';2000;Antwerpen;;'152157,501;'212064,554;';N;ORN;3;0;Unknown;Unknown;;None;;;';IFH_BATCH;'12/07/2019 07:32:11;;Y;;;;'12/07/2019 07:28:35;1;1824170;;LU;1;';';';';';Y;;HOUSE;WONING - MAISON;NA;;;';;';;Y;;;;'12/07/2019 07:28:35
;;;Zoning;6807323;'20200219142313;W03-C-Antwerpen-West-FH07;6807323;'20200219142313;W03-C-Antwerpen-West-FH07;19084;FTTH-Cu;;';';;;;;;;626857;'20191016102432;1740479;'1630000;'1985;Bergstraat;'6;';2000;Antwerpen;;'152157,501;'212064,554;';N;ORN;3;0;Unknown;Unknown;;None;;;';IFH_BATCH;'12/07/2019 07:32:11;;Y;;;;'12/07/2019 07:28:35;2;11086734;;LU;1;';';';';';;;;;;;;';;';;Y;;;;'12/07/2019 07:28:35
;;;Zoning;6807323;'20200219142313;W03-C-Antwerpen-West-FH07;6807323;'20200219142313;W03-C-Antwerpen-West-FH07;19084;FTTH-Cu;;';';;;;;;;626857;'20191016102432;1740479;'1630000;'1985;Bergstraat;'6;';2000;Antwerpen;;'152157,501;'212064,554;';N;ORN;3;0;Unknown;Unknown;;None;;;';IFH_BATCH;'12/07/2019 07:32:11;;Y;;;;'12/07/2019 07:28:35;3;11086735;;LU;1;';';';';';;;;;;;;';;';;Y;;;;'12/07/2019 07:28:35
;;;Zoning;6807323;'20200219142313;W03-C-Antwerpen-West-FH07;6807323;'20200219142313;W03-C-Antwerpen-West-FH07;19084;FTTH-Cu;;';';;;;;;;626857;'20191016102432;1740479;'1630000;'1985;Bergstraat;'6;';2000;Antwerpen;;'152157,501;'212064,554;';N;ORN;3;0;Unknown;Unknown;;None;;;';IFH_BATCH;'12/07/2019 07:32:11;;Y;;;;'12/07/2019 07:28:35;4;11086736;;LU;1;';';';';';;;;;;;;';;';;Y;;;;'12/07/2019 07:28:35
;;;Zoning;6807323;'20200219142313;W03-C-Antwerpen-West-FH07;6807323;'20200219142313;W03-C-Antwerpen-West-FH07;19084;FTTH-Cu;;';';;;;;;;626858;'20191016102432;1740480;'1630000;'1985;Bergstraat;'8;';2000;Antwerpen;;'152162,33;'212062,646;';N;ORN;4;0;Unknown;Unknown;;None;;;';IFH_BATCH;'12/07/2019 07:32:14;;Y;;;;'12/07/2019 07:28:35;1;1855783;;LU;1;';';';';';Y;;HOUSE;WONING - MAISON;NA;;;';;';;Y;;;;'12/07/2019 07:28:35
;;;Zoning;6807323;'20200219142313;W03-C-Antwerpen-West-FH07;6807323;'20200219142313;W03-C-Antwerpen-West-FH07;19084;FTTH-Cu;;';';;;;;;;706743;'20191016102432;4507873;'1630000;'1985;Bergstraat;'10;';2000;Antwerpen;;'152166,742;'212061,394;';N;ORN;4;0;Unknown;Unknown;;None;;;';IFH_BATCH;'12/07/2019 07:32:16;;Y;;;;'12/07/2019 07:28:35;1;1620837;;LU;1;';';';';';Y;;HOUSE;WONING - MAISON;NA;;;';;';;Y;;;;'12/07/2019 07:28:35
;;;Zoning;6807323;'20200219142313;W03-C-Antwerpen-West-FH07;6807323;'20200219142313;W03-C-Antwerpen-West-FH07;19084;FTTH-Cu;;';';;;;;;;626859;'20191016102432;1740481;'1630000;'1985;Bergstraat;'12;';2000;Antwerpen;;'152172,093;'212059,666;';N;ORN;3;0;Unknown;Unknown;;None;;;';IFH_BATCH;'12/07/2019 07:32:19;;Y;;;;'12/07/2019 07:28:35;1;1640062;;LU;1;';';';';';Y;;HOUSE;WONING - MAISON;NA;;;';;';;Y;;;;'12/07/2019 07:28:35
;;;Zoning;6807323;'20200219142313;W03-C-Antwerpen-West-FH07;6807323;'20200219142313;W03-C-Antwerpen-West-FH07;19084;FTTH-Cu;;';';;;;;;;11377977;'20200110143103;60741;'1630000;'1985;Bergstraat;'14;';2000;Antwerpen;;'152176,356;'212057,649;';N;ORN;4;12;Unknown;Unknown;;None;;;';;';;Y;;;;'15/01/2019 12:41:18;1;11086069;;LU;1;';';';';';;;;;;;;';;';;Y;;;;'15/01/2019 12:41:18
;;;Zoning;6807323;'20200219142313;W03-C-Antwerpen-West-FH07;6807323;'20200219142313;W03-C-Antwerpen-West-FH07;19084;FTTH-Cu;;';';;;;;;;11377970;'20200110143034;1740482;'1630000;'1985;Bergstraat;'16;';2000;Antwerpen;;'152179,902;'212058,145;';N;ORN;4;12;Unknown;Unknown;;None;;;';;';;Y;;;;'15/01/2019 12:41:18;1;11086066;;LU;1;';';';';';;;;;;;;';;';;Y;;;;'15/01/2019 12:41:18
;;;Zoning;6807323;'20200219142313;W03-C-Antwerpen-West-FH07;6807323;'20200219142313;W03-C-Antwerpen-West-FH07;19084;FTTH-Cu;;';';;;;;;;11377970;'20200110143034;1740482;'1630000;'1985;Bergstraat;'16;';2000;Antwerpen;;'152179,902;'212058,145;';N;ORN;4;12;Unknown;Unknown;;None;;;';;';;Y;;;;'15/01/2019 12:41:18;2;11086067;;LU;1;';';';';';;;;;;;;';;';;Y;;;;'15/01/2019 12:41:18
;;;Zoning;6807323;'20200219142313;W03-C-Antwerpen-West-FH07;6807323;'20200219142313;W03-C-Antwerpen-West-FH07;19084;FTTH-Cu;;';';;;;;;;11377970;'20200110143034;1740482;'1630000;'1985;Bergstraat;'16;';2000;Antwerpen;;'152179,902;'212058,145;';N;ORN;4;12;Unknown;Unknown;;None;;;';;';;Y;;;;'15/01/2019 12:41:18;3;11086068;;LU;1;';';';';';;;;;;;;';;';;Y;;;;'15/01/2019 12:41:18
;;;Zoning;6807323;'20200219142313;W03-C-Antwerpen-West-FH07;6807323;'20200219142313;W03-C-Antwerpen-West-FH07;19084;FTTH-Cu;11382517;'20190604080256;'Kammenstraat 12 en Bergstraat 18;;;;;;;11377961;'20200110142102;6526011;'1630000;'1985;Bergstraat;'18;';2000;Antwerpen;;'152186,443;'212055,937;';Y;NA;3;15;Unknown;Unknown;;None;;;';;';;Y;;;;'15/01/2019 12:41:18;1;11086063;;LU;1;';';';';';;;;;;;;';;';;Y;;;;'15/01/2019 12:41:18
;;;Zoning;6807323;'20200219142313;W03-C-Antwerpen-West-FH07;6807323;'20200219142313;W03-C-Antwerpen-West-FH07;19084;FTTH-Cu;11382517;'20190604080256;'Kammenstraat 12 en Bergstraat 18;;;;;;;11377961;'20200110142102;6526011;'1630000;'1985;Bergstraat;'18;';2000;Antwerpen;;'152186,443;'212055,937;';Y;NA;3;15;Unknown;Unknown;;None;;;';;';;Y;;;;'15/01/2019 12:41:18;2;11086064;;LU;1;';';';';';;;;;;;;';;';;Y;;;;'15/01/2019 12:41:18
;;;Zoning;6807323;'20200219142313;W03-C-Antwerpen-West-FH07;6807323;'20200219142313;W03-C-Antwerpen-West-FH07;19084;FTTH-Cu;11382517;'20190604080256;'Kammenstraat 12 en Bergstraat 18;;;;;;;11377961;'20200110142102;6526011;'1630000;'1985;Bergstraat;'18;';2000;Antwerpen;;'152186,443;'212055,937;';Y;NA;3;15;Unknown;Unknown;;None;;;';;';;Y;;;;'15/01/2019 12:41:18;3;11086065;;LU;1;';';';';';;;;;;;;';;';;Y;;;;'15/01/2019 12:41:18
;;;Zoning;6807323;'20200219142313;W03-C-Antwerpen-West-FH07;6807323;'20200219142313;W03-C-Antwerpen-West-FH07;19084;FTTH-Cu;;';';;;;;;;11378765;'20190712080949;48915;'1630000;'7711;Drukkerijstraat;'2;';2000;Antwerpen;;'152108,695;'212013,379;';N;ORN;4;0;Unknown;Unknown;;None;;;';IFH_BATCH;'12/07/2019 07:41:43;;Y;;;;'12/07/2019 07:28:35;1;11086228;;BU;1;';';';';';;;;;;;;';;';;Y;;;;'12/07/2019 07:28:35
;;;Zoning;6807323;'20200219142313;W03-C-Antwerpen-West-FH07;6807323;'20200219142313;W03-C-Antwerpen-West-FH07;19084;FTTH-Cu;;';';;;;;;;11378765;'20190712080949;48915;'1630000;'7711;Drukkerijstraat;'2;';2000;Antwerpen;;'152108,695;'212013,379;';N;ORN;4;0;Unknown;Unknown;;None;;;';IFH_BATCH;'12/07/2019 07:41:43;;Y;;;;'12/07/2019 07:28:35;2;11086229;;LU;1;';';';';';;;;;;;;';;';;Y;;;;'12/07/2019 07:28:35
;;;Zoning;6807323;'20200219142313;W03-C-Antwerpen-West-FH07;6807323;'20200219142313;W03-C-Antwerpen-West-FH07;19084;FTTH-Cu;;';';;;;;;;11378765;'20190712080949;48915;'1630000;'7711;Drukkerijstraat;'2;';2000;Antwerpen;;'152108,695;'212013,379;';N;ORN;4;0;Unknown;Unknown;;None;;;';IFH_BATCH;'12/07/2019 07:41:43;;Y;;;;'12/07/2019 07:28:35;3;11086230;;LU;1;';';';';';;;;;;;;';;';;Y;;;;'12/07/2019 07:28:35
;;;Zoning;6807323;'20200219142313;W03-C-Antwerpen-West-FH07;6807323;'20200219142313;W03-C-Antwerpen-West-FH07;19084;FTTH-Cu;;';';;;;;;;11378765;'20190712080949;48915;'1630000;'7711;Drukkerijstraat;'2;';2000;Antwerpen;;'152108,695;'212013,379;';N;ORN;4;0;Unknown;Unknown;;None;;;';IFH_BATCH;'12/07/2019 07:41:43;;Y;;;;'12/07/2019 07:28:35;4;11086231;;LU;1;';';';';';;;;;;;;';;';;Y;;;;'12/07/2019 07:28:35
;;;Zoning;6807323;'20200219142313;W03-C-Antwerpen-West-FH07;6807323;'20200219142313;W03-C-Antwerpen-West-FH07;19084;FTTH-Cu;;';';;;;;;;11378765;'20190712080949;48915;'1630000;'7711;Drukkerijstraat;'2;';2000;Antwerpen;;'152108,695;'212013,379;';N;ORN;4;0;Unknown;Unknown;;None;;;';IFH_BATCH;'12/07/2019 07:41:43;;Y;;;;'12/07/2019 07:28:35;5;11086232;;LU;1;';';';';';;;;;;;;';;';;Y;;;;'12/07/2019 07:28:35
;;;Zoning;6807323;'20200219142313;W03-C-Antwerpen-West-FH07;6807323;'20200219142313;W03-C-Antwerpen-West-FH07;19084;FTTH-Cu;;';';;;;;;;11378765;'20190712080949;48915;'1630000;'7711;Drukkerijstraat;'2;';2000;Antwerpen;;'152108,695;'212013,379;';N;ORN;4;0;Unknown;Unknown;;None;;;';IFH_BATCH;'12/07/2019 07:41:43;;Y;;;;'12/07/2019 07:28:35;6;11086233;;LU;1;';';';';';;;;;;;;';;';;Y;;;;'12/07/2019 07:28:35
;;;Zoning;6807323;'20200219142313;W03-C-Antwerpen-West-FH07;6807323;'20200219142313;W03-C-Antwerpen-West-FH07;19084;FTTH-Cu;;';';;;;;;;11378765;'20190712080949;48915;'1630000;'7711;Drukkerijstraat;'2;';2000;Antwerpen;;'152108,695;'212013,379;';N;ORN;4;0;Unknown;Unknown;;None;;;';IFH_BATCH;'12/07/2019 07:41:43;;Y;;;;'12/07/2019 07:28:35;7;11086234;;LU;1;';';';';';;;;;;;;';;';;Y;;;;'12/07/2019 07:28:35
;;;Zoning;6807323;'20200219142313;W03-C-Antwerpen-West-FH07;6807323;'20200219142313;W03-C-Antwerpen-West-FH07;19084;FTTH-Cu;;';';;;;;;;11378765;'20190712080949;48915;'1630000;'7711;Drukkerijstraat;'2;';2000;Antwerpen;;'152108,695;'212013,379;';N;ORN;4;0;Unknown;Unknown;;None;;;';IFH_BATCH;'12/07/2019 07:41:43;;Y;;;;'12/07/2019 07:28:35;8;11086235;;LU;1;';';';';';;;;;;;;';;';;Y;;;;'12/07/2019 07:28:35
;;;Zoning;6807323;'20200219142313;W03-C-Antwerpen-West-FH07;6807323;'20200219142313;W03-C-Antwerpen-West-FH07;19084;FTTH-Cu;;';';;;;;;;710482;'20191016142346;48918;'1630000;'7711;Drukkerijstraat;'6;';2000;Antwerpen;;'152116,13;'211971,513;';Y;NA;5;15;Unknown;Unknown;;None;;;';;';;Y;;;;'15/01/2019 12:41:18;1;1820935;;LU;1;';';';';';Y;#A1/;APPART;DEEL_APP_GEBOUW - PARTIE_IMMEUBLE_APP;APPART;;;';;';;Y;;;;'15/01/2019 12:41:18
;;;Zoning;6807323;'20200219142313;W03-C-Antwerpen-West-FH07;6807323;'20200219142313;W03-C-Antwerpen-West-FH07;19084;FTTH-Cu;;';';;;;;;;710482;'20191016142346;48918;'1630000;'7711;Drukkerijstraat;'6;';2000;Antwerpen;;'152116,13;'211971,513;';Y;NA;5;15;Unknown;Unknown;;None;;;';;';;Y;;;;'15/01/2019 12:41:18;2;1821296;;LU;1;';';';';';Y;#A2/;APPART;DEEL_APP_GEBOUW - PARTIE_IMMEUBLE_APP;APPART;;;';;';;Y;;;;'15/01/2019 12:41:18
;;;Zoning;6807323;'20200219142313;W03-C-Antwerpen-West-FH07;6807323;'20200219142313;W03-C-Antwerpen-West-FH07;19084;FTTH-Cu;;';';;;;;;;710482;'20191016142346;48918;'1630000;'7711;Drukkerijstraat;'6;';2000;Antwerpen;;'152116,13;'211971,513;';Y;NA;5;15;Unknown;Unknown;;None;;;';;';;Y;;;;'15/01/2019 12:41:18;3;1821606;;LU;1;';';';';';Y;#A3/;APPART;DEEL_APP_GEBOUW - PARTIE_IMMEUBLE_APP;APPART;;;';;';;Y;;;;'15/01/2019 12:41:18
;;;Zoning;6807323;'20200219142313;W03-C-Antwerpen-West-FH07;6807323;'20200219142313;W03-C-Antwerpen-West-FH07;19084;FTTH-Cu;;';';;;;;;;710482;'20191016142346;48918;'1630000;'7711;Drukkerijstraat;'6;';2000;Antwerpen;;'152116,13;'211971,513;';Y;NA;5;15;Unknown;Unknown;;None;;;';;';;Y;;;;'15/01/2019 12:41:18;4;1821804;;LU;1;';';';';';Y;#A4/;APPART;DEEL_APP_GEBOUW - PARTIE_IMMEUBLE_APP;APPART;;;';;';;Y;;;;'15/01/2019 12:41:18
;;;Zoning;6807323;'20200219142313;W03-C-Antwerpen-West-FH07;6807323;'20200219142313;W03-C-Antwerpen-West-FH07;19084;FTTH-Cu;;';';;;;;;;710482;'20191016142346;48918;'1630000;'7711;Drukkerijstraat;'6;';2000;Antwerpen;;'152116,13;'211971,513;';Y;NA;5;15;Unknown;Unknown;;None;;;';;';;Y;;;;'15/01/2019 12:41:18;5;1821948;;LU;1;';';';';';Y;#A5/;APPART;DEEL_APP_GEBOUW - PARTIE_IMMEUBLE_APP;APPART;;;';;';;Y;;;;'15/01/2019 12:41:18
;;;Zoning;6807323;'20200219142313;W03-C-Antwerpen-West-FH07;6807323;'20200219142313;W03-C-Antwerpen-West-FH07;19084;FTTH-Cu;;';';;;;;;;710482;'20191016142346;48918;'1630000;'7711;Drukkerijstraat;'6;';2000;Antwerpen;;'152116,13;'211971,513;';Y;NA;5;15;Unknown;Unknown;;None;;;';;';;Y;;;;'15/01/2019 12:41:18;6;1822409;;BU;1;';';';';';Y;#HA.GV/;APPART;DEEL_APP_GEBOUW - PARTIE_IMMEUBLE_APP;COMM;;;';;';;Y;;;;'15/01/2019 12:41:18
;;;Zoning;6807323;'20200219142313;W03-C-Antwerpen-West-FH07;6807323;'20200219142313;W03-C-Antwerpen-West-FH07;19084;FTTH-Cu;;';';;;;;;;615234;'20191016142346;12591;'1630000;'7711;Drukkerijstraat;'8;';2000;Antwerpen;;'152118,342;'211964,182;';N;IRREG;5;15;Unknown;Unknown;;None;;;';;';;Y;;;;'15/01/2019 12:41:18;1;1855786;;LU;1;';';';';';Y;;HOUSE;WONING - MAISON;NA;;;';;';;Y;;;;'15/01/2019 12:41:18
;;;Zoning;6807323;'20200219142313;W03-C-Antwerpen-West-FH07;6807323;'20200219142313;W03-C-Antwerpen-West-FH07;19084;FTTH-Cu;;';';;;;;;;615234;'20191016142346;12591;'1630000;'7711;Drukkerijstraat;'8;';2000;Antwerpen;;'152118,342;'211964,182;';N;IRREG;5;15;Unknown;Unknown;;None;;;';;';;Y;;;;'15/01/2019 12:41:18;2;11087072;;BU;1;';';';';';;;;;;;;';;';;Y;;;;'15/01/2019 12:41:18
;;;Zoning;6807323;'20200219142313;W03-C-Antwerpen-West-FH07;6807323;'20200219142313;W03-C-Antwerpen-West-FH07;19084;FTTH-Cu;;';';;;;;;;615234;'20191016142346;12591;'1630000;'7711;Drukkerijstraat;'8;';2000;Antwerpen;;'152118,342;'211964,182;';N;IRREG;5;15;Unknown;Unknown;;None;;;';;';;Y;;;;'15/01/2019 12:41:18;3;11087073;;LU;1;';';';';';;;;;;;;';;';;Y;;;;'15/01/2019 12:41:18
;;;Zoning;6807323;'20200219142313;W03-C-Antwerpen-West-FH07;6807323;'20200219142313;W03-C-Antwerpen-West-FH07;19084;FTTH-Cu;;';';;;;;;;615234;'20191016142346;12591;'1630000;'7711;Drukkerijstraat;'8;';2000;Antwerpen;;'152118,342;'211964,182;';N;IRREG;5;15;Unknown;Unknown;;None;;;';;';;Y;;;;'15/01/2019 12:41:18;4;11087074;;LU;1;';';';';';;;;;;;;';;';;Y;;;;'15/01/2019 12:41:18
;;;Zoning;6807323;'20200219142313;W03-C-Antwerpen-West-FH07;6807323;'20200219142313;W03-C-Antwerpen-West-FH07;19084;FTTH-Cu;;';';;;;;;;615234;'20191016142346;12591;'1630000;'7711;Drukkerijstraat;'8;';2000;Antwerpen;;'152118,342;'211964,182;';N;IRREG;5;15;Unknown;Unknown;;None;;;';;';;Y;;;;'15/01/2019 12:41:18;5;11087075;;LU;1;';';';';';;;;;;;;';;';;Y;;;;'15/01/2019 12:41:18
;;;Zoning;6807323;'20200219142313;W03-C-Antwerpen-West-FH07;6807323;'20200219142313;W03-C-Antwerpen-West-FH07;19084;FTTH-Cu;;';';;;;;;;710480;'20190712080942;48916;'1630000;'7711;Drukkerijstraat;'22;';2000;Antwerpen;;'152115,962;'211919,347;';N;ORN;3;0;Unknown;Unknown;;None;;;';IFH_BATCH;'12/07/2019 07:41:38;;Y;;;;'12/07/2019 07:28:35;1;1706365;;LU;1;';';';';';Y;#A1.2.3/A.1.6/;APPART;DEEL_APP_GEBOUW - PARTIE_IMMEUBLE_APP;APPART;;;';;';;Y;;;;'12/07/2019 07:28:35
;;;Zoning;6807323;'20200219142313;W03-C-Antwerpen-West-FH07;6807323;'20200219142313;W03-C-Antwerpen-West-FH07;19084;FTTH-Cu;;';';;;;;;;710480;'20190712080942;48916;'1630000;'7711;Drukkerijstraat;'22;';2000;Antwerpen;;'152115,962;'211919,347;';N;ORN;3;0;Unknown;Unknown;;None;;;';IFH_BATCH;'12/07/2019 07:41:38;;Y;;;;'12/07/2019 07:28:35;2;11087077;;BU;1;';';';';';;;;;;;;';;';;Y;;;;'12/07/2019 07:28:35
;;;Zoning;6807323;'20200219142313;W03-C-Antwerpen-West-FH07;6807323;'20200219142313;W03-C-Antwerpen-West-FH07;19084;FTTH-Cu;;';';;;;;;;710480;'20190712080942;48916;'1630000;'7711;Drukkerijstraat;'22;';2000;Antwerpen;;'152115,962;'211919,347;';N;ORN;3;0;Unknown;Unknown;;None;;;';IFH_BATCH;'12/07/2019 07:41:38;;Y;;;;'12/07/2019 07:28:35;3;11087078;;BU;1;';';';';';;;;;;;;';;';;Y;;;;'12/07/2019 07:28:35
;;;Zoning;6807323;'20200219142313;W03-C-Antwerpen-West-FH07;6807323;'20200219142313;W03-C-Antwerpen-West-FH07;19084;FTTH-Cu;;';';;;;;;;710480;'20190712080942;48916;'1630000;'7711;Drukkerijstraat;'22;';2000;Antwerpen;;'152115,962;'211919,347;';N;ORN;3;0;Unknown;Unknown;;None;;;';IFH_BATCH;'12/07/2019 07:41:38;;Y;;;;'12/07/2019 07:28:35;4;11087079;;BU;1;';';';';';;;;;;;;';;';;Y;;;;'12/07/2019 07:28:35
;;;Zoning;6807323;'20200219142313;W03-C-Antwerpen-West-FH07;6807323;'20200219142313;W03-C-Antwerpen-West-FH07;19084;FTTH-Cu;;';';;;;;;;710480;'20190712080942;48916;'1630000;'7711;Drukkerijstraat;'22;';2000;Antwerpen;;'152115,962;'211919,347;';N;ORN;3;0;Unknown;Unknown;;None;;;';IFH_BATCH;'12/07/2019 07:41:38;;Y;;;;'12/07/2019 07:28:35;5;11087080;;LU;1;';';';';';;;;;;;;';;';;Y;;;;'12/07/2019 07:28:35
;;;Zoning;6807323;'20200219142313;W03-C-Antwerpen-West-FH07;6807323;'20200219142313;W03-C-Antwerpen-West-FH07;19084;FTTH-Cu;;';';;;;;;;710480;'20190712080942;48916;'1630000;'7711;Drukkerijstraat;'22;';2000;Antwerpen;;'152115,962;'211919,347;';N;ORN;3;0;Unknown;Unknown;;None;;;';IFH_BATCH;'12/07/2019 07:41:38;;Y;;;;'12/07/2019 07:28:35;6;11087081;;LU;1;';';';';';;;;;;;;';;';;Y;;;;'12/07/2019 07:28:35
;;;Zoning;6807323;'20200219142313;W03-C-Antwerpen-West-FH07;6807323;'20200219142313;W03-C-Antwerpen-West-FH07;19084;FTTH-Cu;;';';;;;;;;710480;'20190712080942;48916;'1630000;'7711;Drukkerijstraat;'22;';2000;Antwerpen;;'152115,962;'211919,347;';N;ORN;3;0;Unknown;Unknown;;None;;;';IFH_BATCH;'12/07/2019 07:41:38;;Y;;;;'12/07/2019 07:28:35;7;11087082;;LU;1;';';';';';;;;;;;;';;';;Y;;;;'12/07/2019 07:28:35
;;;Zoning;6807323;'20200219142313;W03-C-Antwerpen-West-FH07;6807323;'20200219142313;W03-C-Antwerpen-West-FH07;19084;FTTH-Cu;;';';;;;;;;710480;'20190712080942;48916;'1630000;'7711;Drukkerijstraat;'22;';2000;Antwerpen;;'152115,962;'211919,347;';N;ORN;3;0;Unknown;Unknown;;None;;;';IFH_BATCH;'12/07/2019 07:41:38;;Y;;;;'12/07/2019 07:28:35;8;11087083;;LU;1;';';';';';;;;;;;;';;';;Y;;;;'12/07/2019 07:28:35
;;;Zoning;6807323;'20200219142313;W03-C-Antwerpen-West-FH07;6807323;'20200219142313;W03-C-Antwerpen-West-FH07;19084;FTTH-Cu;;';';;;;;;;710480;'20190712080942;48916;'1630000;'7711;Drukkerijstraat;'22;';2000;Antwerpen;;'152115,962;'211919,347;';N;ORN;3;0;Unknown;Unknown;;None;;;';IFH_BATCH;'12/07/2019 07:41:38;;Y;;;;'12/07/2019 07:28:35;9;11087084;;LU;1;';';';';';;;;;;;;';;';;Y;;;;'12/07/2019 07:28:35
;;;Zoning;6807323;'20200219142313;W03-C-Antwerpen-West-FH07;6807323;'20200219142313;W03-C-Antwerpen-West-FH07;19084;FTTH-Cu;;';';;;;;;;710480;'20190712080942;48916;'1630000;'7711;Drukkerijstraat;'22;';2000;Antwerpen;;'152115,962;'211919,347;';N;ORN;3;0;Unknown;Unknown;;None;;;';IFH_BATCH;'12/07/2019 07:41:38;;Y;;;;'12/07/2019 07:28:35;10;11087085;;LU;1;';';';';';;;;;;;;';;';;Y;;;;'12/07/2019 07:28:35
;;;Zoning;6807323;'20200219142313;W03-C-Antwerpen-West-FH07;6807323;'20200219142313;W03-C-Antwerpen-West-FH07;19084;FTTH-Cu;;';';;;;;;;614497;'20191016144143;1183755;'1630000;'7711;Drukkerijstraat;'26;';2000;Antwerpen;;'152117,231;'211899,725;';N;ORN;4;0;Unknown;Unknown;;None;;;';IFH_BATCH;'12/07/2019 07:41:40;;Y;;;;'12/07/2019 07:28:35;1;1723417;;LU;1;';';';';';Y;#A1/A.1.1/;APPART;DEEL_APP_GEBOUW - PARTIE_IMMEUBLE_APP;APPART;;;';;';;Y;;;;'12/07/2019 07:28:35
;;;Zoning;6807323;'20200219142313;W03-C-Antwerpen-West-FH07;6807323;'20200219142313;W03-C-Antwerpen-West-FH07;19084;FTTH-Cu;;';';;;;;;;614497;'20191016144143;1183755;'1630000;'7711;Drukkerijstraat;'26;';2000;Antwerpen;;'152117,231;'211899,725;';N;ORN;4;0;Unknown;Unknown;;None;;;';IFH_BATCH;'12/07/2019 07:41:40;;Y;;;;'12/07/2019 07:28:35;2;11087086;;BU;1;';';';';';;;;;;;;';;';;Y;;;;'12/07/2019 07:28:35
;;;Zoning;6807323;'20200219142313;W03-C-Antwerpen-West-FH07;6807323;'20200219142313;W03-C-Antwerpen-West-FH07;19084;FTTH-Cu;;';';;;;;;;614497;'20191016144143;1183755;'1630000;'7711;Drukkerijstraat;'26;';2000;Antwerpen;;'152117,231;'211899,725;';N;ORN;4;0;Unknown;Unknown;;None;;;';IFH_BATCH;'12/07/2019 07:41:40;;Y;;;;'12/07/2019 07:28:35;3;11087087;;LU;1;';';';';';;;;;;;;';;';;Y;;;;'12/07/2019 07:28:35
;;;Zoning;6807323;'20200219142313;W03-C-Antwerpen-West-FH07;6807323;'20200219142313;W03-C-Antwerpen-West-FH07;19084;FTTH-Cu;;';';;;;;;;614497;'20191016144143;1183755;'1630000;'7711;Drukkerijstraat;'26;';2000;Antwerpen;;'152117,231;'211899,725;';N;ORN;4;0;Unknown;Unknown;;None;;;';IFH_BATCH;'12/07/2019 07:41:40;;Y;;;;'12/07/2019 07:28:35;4;11087088;;LU;1;';';';';';;;;;;;;';;';;Y;;;;'12/07/2019 07:28:35
;;;Zoning;6807323;'20200219142313;W03-C-Antwerpen-West-FH07;6807323;'20200219142313;W03-C-Antwerpen-West-FH07;19084;FTTH-Cu;;';';;;;;;;614497;'20191016144143;1183755;'1630000;'7711;Drukkerijstraat;'26;';2000;Antwerpen;;'152117,231;'211899,725;';N;ORN;4;0;Unknown;Unknown;;None;;;';IFH_BATCH;'12/07/2019 07:41:40;;Y;;;;'12/07/2019 07:28:35;5;11087089;;LU;1;';';';';';;;;;;;;';;';;Y;;;;'12/07/2019 07:28:35
;;;Zoning;6807323;'20200219142313;W03-C-Antwerpen-West-FH07;6807323;'20200219142313;W03-C-Antwerpen-West-FH07;19084;FTTH-Cu;;';';;;;;;;614497;'20191016144143;1183755;'1630000;'7711;Drukkerijstraat;'26;';2000;Antwerpen;;'152117,231;'211899,725;';N;ORN;4;0;Unknown;Unknown;;None;;;';IFH_BATCH;'12/07/2019 07:41:40;;Y;;;;'12/07/2019 07:28:35;6;11087090;;LU;1;';';';';';;;;;;;;';;';;Y;;;;'12/07/2019 07:28:35
;;;Zoning;6807323;'20200219142313;W03-C-Antwerpen-West-FH07;6807323;'20200219142313;W03-C-Antwerpen-West-FH07;19084;FTTH-Cu;;';';;;;;;;710598;'20190712080942;49161;'1630000;'9204;Franckenstraat;'1;';2000;Antwerpen;;'152033,334;'211744,479;';Y;NA;3;4;Unknown;Unknown;;None;;;';IFH_BATCH;'12/07/2019 07:42:23;;Y;;;;'12/07/2019 07:28:35;1;1615189;;LU;1;';';';';';Y;;HOUSE;WONING - MAISON;NA;;;';;';;Y;;;;'12/07/2019 07:28:35
;;;Zoning;6807323;'20200219142313;W03-C-Antwerpen-West-FH07;6807323;'20200219142313;W03-C-Antwerpen-West-FH07;19084;FTTH-Cu;;';';;;;;;;710596;'20191021101509;49159;'1630000;'9204;Franckenstraat;'2;';2000;Antwerpen;;'152011,872;'211723,156;';Y;NA;4;12;Unknown;Unknown;;None;;;';;';;Y;;;;'15/01/2019 12:41:18;1;1688582;;LU;1;';';';';';Y;#A.1/II/B.B;APPART;DEEL_APP_GEBOUW - PARTIE_IMMEUBLE_APP;APPART;;;';;';;Y;;;;'15/01/2019 12:41:18
;;;Zoning;6807323;'20200219142313;W03-C-Antwerpen-West-FH07;6807323;'20200219142313;W03-C-Antwerpen-West-FH07;19084;FTTH-Cu;;';';;;;;;;710596;'20191021101509;49159;'1630000;'9204;Franckenstraat;'2;';2000;Antwerpen;;'152011,872;'211723,156;';Y;NA;4;12;Unknown;Unknown;;None;;;';;';;Y;;;;'15/01/2019 12:41:18;2;1688729;;LU;1;';';';';';Y;#A.GV/I/B.A;APPART;DEEL_APP_GEBOUW - PARTIE_IMMEUBLE_APP;APPART;;;';;';;Y;;;;'15/01/2019 12:41:18
;;;Zoning;6807323;'20200219142313;W03-C-Antwerpen-West-FH07;6807323;'20200219142313;W03-C-Antwerpen-West-FH07;19084;FTTH-Cu;11382574;'20190115201322;'Franckenstraat 5,3;;;;;;;642480;'20200110162601;1873217;'1630000;'9204;Franckenstraat;'3;';2000;Antwerpen;;'152034,924;'211740,115;';Y;NA;4;12;Unknown;Unknown;;None;;;';;';;Y;;;;'15/01/2019 12:41:18;1;1738261;;LU;1;';';';';';Y;#A1/L/K.1L;APPART;DEEL_APP_GEBOUW - PARTIE_IMMEUBLE_APP;APPART;;;';;';;Y;;;;'15/01/2019 12:41:18
;;;Zoning;6807323;'20200219142313;W03-C-Antwerpen-West-FH07;6807323;'20200219142313;W03-C-Antwerpen-West-FH07;19084;FTTH-Cu;11382574;'20190115201322;'Franckenstraat 5,3;;;;;;;642480;'20200110162601;1873217;'1630000;'9204;Franckenstraat;'3;';2000;Antwerpen;;'152034,924;'211740,115;';Y;NA;4;12;Unknown;Unknown;;None;;;';;';;Y;;;;'15/01/2019 12:41:18;2;1738306;;LU;1;';';';';';Y;#A1/R/K.1R;APPART;DEEL_APP_GEBOUW - PARTIE_IMMEUBLE_APP;APPART;;;';;';;Y;;;;'15/01/2019 12:41:18
;;;Zoning;6807323;'20200219142313;W03-C-Antwerpen-West-FH07;6807323;'20200219142313;W03-C-Antwerpen-West-FH07;19084;FTTH-Cu;11382574;'20190115201322;'Franckenstraat 5,3;;;;;;;642480;'20200110162601;1873217;'1630000;'9204;Franckenstraat;'3;';2000;Antwerpen;;'152034,924;'211740,115;';Y;NA;4;12;Unknown;Unknown;;None;;;';;';;Y;;;;'15/01/2019 12:41:18;3;1738778;;LU;1;';';';';';Y;#A2/L/K.2L;APPART;DEEL_APP_GEBOUW - PARTIE_IMMEUBLE_APP;APPART;;;';;';;Y;;;;'15/01/2019 12:41:18
;;;Zoning;6807323;'20200219142313;W03-C-Antwerpen-West-FH07;6807323;'20200219142313;W03-C-Antwerpen-West-FH07;19084;FTTH-Cu;11382574;'20190115201322;'Franckenstraat 5,3;;;;;;;642480;'20200110162601;1873217;'1630000;'9204;Franckenstraat;'3;';2000;Antwerpen;;'152034,924;'211740,115;';Y;NA;4;12;Unknown;Unknown;;None;;;';;';;Y;;;;'15/01/2019 12:41:18;4;1738827;;LU;1;';';';';';Y;#A2/R/K.2R;APPART;DEEL_APP_GEBOUW - PARTIE_IMMEUBLE_APP;APPART;;;';;';;Y;;;;'15/01/2019 12:41:18
;;;Zoning;6807323;'20200219142313;W03-C-Antwerpen-West-FH07;6807323;'20200219142313;W03-C-Antwerpen-West-FH07;19084;FTTH-Cu;11382574;'20190115201322;'Franckenstraat 5,3;;;;;;;642480;'20200110162601;1873217;'1630000;'9204;Franckenstraat;'3;';2000;Antwerpen;;'152034,924;'211740,115;';Y;NA;4;12;Unknown;Unknown;;None;;;';;';;Y;;;;'15/01/2019 12:41:18;5;1739068;;LU;1;';';';';';Y;#A3/L/K5;APPART;DEEL_APP_GEBOUW - PARTIE_IMMEUBLE_APP;APPART;;;';;';;Y;;;;'15/01/2019 12:41:18
;;;Zoning;6807323;'20200219142313;W03-C-Antwerpen-West-FH07;6807323;'20200219142313;W03-C-Antwerpen-West-FH07;19084;FTTH-Cu;11382574;'20190115201322;'Franckenstraat 5,3;;;;;;;642480;'20200110162601;1873217;'1630000;'9204;Franckenstraat;'3;';2000;Antwerpen;;'152034,924;'211740,115;';Y;NA;4;12;Unknown;Unknown;;None;;;';;';;Y;;;;'15/01/2019 12:41:18;6;1739097;;LU;1;';';';';';Y;#A3/R/K.3R;APPART;DEEL_APP_GEBOUW - PARTIE_IMMEUBLE_APP;APPART;;;';;';;Y;;;;'15/01/2019 12:41:18
;;;Zoning;6807323;'20200219142313;W03-C-Antwerpen-West-FH07;6807323;'20200219142313;W03-C-Antwerpen-West-FH07;19084;FTTH-Cu;;';';;;;;;;13471474;'20191021101500;1873221;'1630000;'9204;Franckenstraat;'4;';2000;Antwerpen;;'152012;'211727,434;';Y;NA;3;4;Unknown;Unknown;;None;;;';SSV_IMPORT;'12/07/2019 07:29:18;;Y;;;;'12/07/2019 07:28:35;1;11142715;;LU;1;';';';';';;;;;;;;';SSV_IMPORT;'12/07/2019 07:29:19;;Y;;;;'12/07/2019 07:28:35
;;;Zoning;6807323;'20200219142313;W03-C-Antwerpen-West-FH07;6807323;'20200219142313;W03-C-Antwerpen-West-FH07;19084;FTTH-Cu;;';';;;;;;;13471474;'20191021101500;1873221;'1630000;'9204;Franckenstraat;'4;';2000;Antwerpen;;'152012;'211727,434;';Y;NA;3;4;Unknown;Unknown;;None;;;';SSV_IMPORT;'12/07/2019 07:29:18;;Y;;;;'12/07/2019 07:28:35;2;11142716;;LU;1;';';';';';;;;;;;;';SSV_IMPORT;'12/07/2019 07:29:20;;Y;;;;'12/07/2019 07:28:35
;;;Zoning;6807323;'20200219142313;W03-C-Antwerpen-West-FH07;6807323;'20200219142313;W03-C-Antwerpen-West-FH07;19084;FTTH-Cu;;';';;;;;;;13471474;'20191021101500;1873221;'1630000;'9204;Franckenstraat;'4;';2000;Antwerpen;;'152012;'211727,434;';Y;NA;3;4;Unknown;Unknown;;None;;;';SSV_IMPORT;'12/07/2019 07:29:18;;Y;;;;'12/07/2019 07:28:35;3;11142717;;LU;1;';';';';';;;;;;;;';SSV_IMPORT;'12/07/2019 07:29:21;;Y;;;;'12/07/2019 07:28:35
;;;Zoning;6807323;'20200219142313;W03-C-Antwerpen-West-FH07;6807323;'20200219142313;W03-C-Antwerpen-West-FH07;19084;FTTH-Cu;;';';;;;;;;13471474;'20191021101500;1873221;'1630000;'9204;Franckenstraat;'4;';2000;Antwerpen;;'152012;'211727,434;';Y;NA;3;4;Unknown;Unknown;;None;;;';SSV_IMPORT;'12/07/2019 07:29:18;;Y;;;;'12/07/2019 07:28:35;4;11142718;;LU;1;';';';';';;;;;;;;';SSV_IMPORT;'12/07/2019 07:29:21;;Y;;;;'12/07/2019 07:28:35
;;;Zoning;6807323;'20200219142313;W03-C-Antwerpen-West-FH07;6807323;'20200219142313;W03-C-Antwerpen-West-FH07;19084;FTTH-Cu;11382574;'20190115201322;'Franckenstraat 5,3;;;;;;;11377794;'20191018161905;1873225;'1630000;'9204;Franckenstraat;'5;';2000;Antwerpen;;'152039,079;'211738,395;';Y;NA;1;3;Unknown;Unknown;;None;;;';;';;Y;;;;'15/01/2019 12:41:18;1;11086013;;BU;1;';';';';';;;;;;;;';;';;Y;;;;'15/01/2019 12:41:18
;;;Zoning;6807323;'20200219142313;W03-C-Antwerpen-West-FH07;6807323;'20200219142313;W03-C-Antwerpen-West-FH07;19084;FTTH-Cu;;';';;;;;;;642481;'20191021101527;1873228;'1630000;'9204;Franckenstraat;'6;';2000;Antwerpen;;'152018,81;'211725,37;';N;ORN;3;9;Unknown;Unknown;;None;;;';;';;Y;;;;'15/01/2019 12:41:18;1;1824207;;LU;1;';';';';';Y;;HOUSE;WONING - MAISON;NA;;;';;';;Y;;;;'15/01/2019 12:41:18
;;;Zoning;6807323;'20200219142313;W03-C-Antwerpen-West-FH07;6807323;'20200219142313;W03-C-Antwerpen-West-FH07;19084;FTTH-Cu;;';';;;;;;;642482;'20191018161847;1873230;'1630000;'9204;Franckenstraat;'7;';2000;Antwerpen;;'152043,724;'211735,971;';Y;NA;3;9;Unknown;Unknown;;None;;;';;';;Y;;;;'15/01/2019 12:41:18;1;1841814;;LU;1;';';';';';Y;;APTBLD;APPARTEMENTSGEBOUW - IMMEUBLE A APPARTEMENTS;NA;;;';;';;Y;;;;'15/01/2019 12:41:18
;;;Zoning;6807323;'20200219142313;W03-C-Antwerpen-West-FH07;6807323;'20200219142313;W03-C-Antwerpen-West-FH07;19084;FTTH-Cu;;';';;;;;;;642482;'20191018161847;1873230;'1630000;'9204;Franckenstraat;'7;';2000;Antwerpen;;'152043,724;'211735,971;';Y;NA;3;9;Unknown;Unknown;;None;;;';;';;Y;;;;'15/01/2019 12:41:18;2;1841815;;LU;1;';';';';';Y;;APTBLD;APPARTEMENTSGEBOUW - IMMEUBLE A APPARTEMENTS;NA;;;';;';;Y;;;;'15/01/2019 12:41:18
;;;Zoning;6807323;'20200219142313;W03-C-Antwerpen-West-FH07;6807323;'20200219142313;W03-C-Antwerpen-West-FH07;19084;FTTH-Cu;;';';;;;;;;642482;'20191018161847;1873230;'1630000;'9204;Franckenstraat;'7;';2000;Antwerpen;;'152043,724;'211735,971;';Y;NA;3;9;Unknown;Unknown;;None;;;';;';;Y;;;;'15/01/2019 12:41:18;3;1841816;;LU;1;';';';';';Y;;APTBLD;APPARTEMENTSGEBOUW - IMMEUBLE A APPARTEMENTS;NA;;;';;';;Y;;;;'15/01/2019 12:41:18
;;;Zoning;6807323;'20200219142313;W03-C-Antwerpen-West-FH07;6807323;'20200219142313;W03-C-Antwerpen-West-FH07;19084;FTTH-Cu;;';';;;;;;;642482;'20191018161847;1873230;'1630000;'9204;Franckenstraat;'7;';2000;Antwerpen;;'152043,724;'211735,971;';Y;NA;3;9;Unknown;Unknown;;None;;;';;';;Y;;;;'15/01/2019 12:41:18;4;1841817;;LU;1;';';';';';Y;;APTBLD;APPARTEMENTSGEBOUW - IMMEUBLE A APPARTEMENTS;NA;;;';;';;Y;;;;'15/01/2019 12:41:18
;;;Zoning;6807323;'20200219142313;W03-C-Antwerpen-West-FH07;6807323;'20200219142313;W03-C-Antwerpen-West-FH07;19084;FTTH-Cu;;';';;;;;;;642482;'20191018161847;1873230;'1630000;'9204;Franckenstraat;'7;';2000;Antwerpen;;'152043,724;'211735,971;';Y;NA;3;9;Unknown;Unknown;;None;;;';;';;Y;;;;'15/01/2019 12:41:18;5;1841818;;LU;1;';';';';';Y;;APTBLD;APPARTEMENTSGEBOUW - IMMEUBLE A APPARTEMENTS;NA;;;';;';;Y;;;;'15/01/2019 12:41:18
;;;Zoning;6807323;'20200219142313;W03-C-Antwerpen-West-FH07;6807323;'20200219142313;W03-C-Antwerpen-West-FH07;19084;FTTH-Cu;;';';;;;;;;642482;'20191018161847;1873230;'1630000;'9204;Franckenstraat;'7;';2000;Antwerpen;;'152043,724;'211735,971;';Y;NA;3;9;Unknown;Unknown;;None;;;';;';;Y;;;;'15/01/2019 12:41:18;6;11087107;;LU;1;';';';';';;;;;;;;';;';;Y;;;;'15/01/2019 12:41:18
;;;Zoning;6807323;'20200219142313;W03-C-Antwerpen-West-FH07;6807323;'20200219142313;W03-C-Antwerpen-West-FH07;19084;FTTH-Cu;;';';;;;;;;642483;'20191021101527;1873237;'1630000;'9204;Franckenstraat;'8;';2000;Antwerpen;;'152024,108;'211721,542;';Y;NA;4;12;Unknown;Unknown;;None;;;';;';;Y;;;;'15/01/2019 12:41:18;1;1855851;;LU;1;';';';';';Y;;COMM;HANDELSZAAK - COMMERCE;NA;;;';;';;Y;;;;'15/01/2019 12:41:18
;;;Zoning;6807323;'20200219142313;W03-C-Antwerpen-West-FH07;6807323;'20200219142313;W03-C-Antwerpen-West-FH07;19084;FTTH-Cu;;';';;;;;;;642483;'20191021101527;1873237;'1630000;'9204;Franckenstraat;'8;';2000;Antwerpen;;'152024,108;'211721,542;';Y;NA;4;12;Unknown;Unknown;;None;;;';;';;Y;;;;'15/01/2019 12:41:18;2;1855852;;LU;1;';';';';';Y;;COMM;HANDELSZAAK - COMMERCE;NA;;;';;';;Y;;;;'15/01/2019 12:41:18
;;;Zoning;6807323;'20200219142313;W03-C-Antwerpen-West-FH07;6807323;'20200219142313;W03-C-Antwerpen-West-FH07;19084;FTTH-Cu;;';';;;;;;;642483;'20191021101527;1873237;'1630000;'9204;Franckenstraat;'8;';2000;Antwerpen;;'152024,108;'211721,542;';Y;NA;4;12;Unknown;Unknown;;None;;;';;';;Y;;;;'15/01/2019 12:41:18;3;1855853;;LU;1;';';';';';Y;;COMM;HANDELSZAAK - COMMERCE;NA;;;';;';;Y;;;;'15/01/2019 12:41:18
;;;Zoning;6807323;'20200219142313;W03-C-Antwerpen-West-FH07;6807323;'20200219142313;W03-C-Antwerpen-West-FH07;19084;FTTH-Cu;;';';;;;;;;642483;'20191021101527;1873237;'1630000;'9204;Franckenstraat;'8;';2000;Antwerpen;;'152024,108;'211721,542;';Y;NA;4;12;Unknown;Unknown;;None;;;';;';;Y;;;;'15/01/2019 12:41:18;4;11087106;;LU;1;';';';';';;;;;;;;';;';;Y;;;;'15/01/2019 12:41:18
;;;Zoning;6807323;'20200219142313;W03-C-Antwerpen-West-FH07;6807323;'20200219142313;W03-C-Antwerpen-West-FH07;19084;FTTH-Cu;;';';;;;;;;11377790;'20191018161826;4509957;'1630000;'9204;Franckenstraat;'11;';2000;Antwerpen;;'152052,855;'211730,697;';Y;NA;3;9;Unknown;Unknown;;None;;;';;';;Y;;;;'15/01/2019 12:41:18;1;11086012;;BU;1;';';';';';;;;;;;;';;';;Y;;;;'15/01/2019 12:41:18
;;;Zoning;6807323;'20200219142313;W03-C-Antwerpen-West-FH07;6807323;'20200219142313;W03-C-Antwerpen-West-FH07;19084;FTTH-Cu;;';';;;;;;;642485;'20191018161645;1873244;'1630000;'9204;Franckenstraat;'13;';2000;Antwerpen;;'152056,914;'211727,581;';Y;NA;9;4;Unknown;Unknown;;None;;;';IFH_BATCH;'12/07/2019 07:42:26;;Y;;;;'12/07/2019 07:28:35;1;1647946;;LU;1;';';';';';Y;;HOUSE;WONING - MAISON;NA;;;';;';;Y;;;;'12/07/2019 07:28:35
;;;Zoning;6807323;'20200219142313;W03-C-Antwerpen-West-FH07;6807323;'20200219142313;W03-C-Antwerpen-West-FH07;19084;FTTH-Cu;;';';;;;;;;642485;'20191018161645;1873244;'1630000;'9204;Franckenstraat;'13;';2000;Antwerpen;;'152056,914;'211727,581;';Y;NA;9;4;Unknown;Unknown;;None;;;';IFH_BATCH;'12/07/2019 07:42:26;;Y;;;;'12/07/2019 07:28:35;2;1647947;;LU;1;';';';';';Y;;HOUSE;WONING - MAISON;NA;;;';;';;Y;;;;'12/07/2019 07:28:35
;;;Zoning;6807323;'20200219142313;W03-C-Antwerpen-West-FH07;6807323;'20200219142313;W03-C-Antwerpen-West-FH07;19084;FTTH-Cu;;';';;;;;;;642485;'20191018161645;1873244;'1630000;'9204;Franckenstraat;'13;';2000;Antwerpen;;'152056,914;'211727,581;';Y;NA;9;4;Unknown;Unknown;;None;;;';IFH_BATCH;'12/07/2019 07:42:26;;Y;;;;'12/07/2019 07:28:35;3;11087108;;BU;1;';';';';';;;;;;;;';;';;Y;;;;'12/07/2019 07:28:35
;;;Zoning;6807323;'20200219142313;W03-C-Antwerpen-West-FH07;6807323;'20200219142313;W03-C-Antwerpen-West-FH07;19084;FTTH-Cu;;';';;;;;;;11377784;'20191021102118;4024487;'1630000;'9204;Franckenstraat;'14;';2000;Antwerpen;;'152034,776;'211715,829;';Y;NA;5;15;Unknown;Unknown;;None;;;';;';;Y;;;;'15/01/2019 12:41:18;1;11086003;;LU;1;';';';';';;;;;;;;';;';;Y;;;;'15/01/2019 12:41:18
;;;Zoning;6807323;'20200219142313;W03-C-Antwerpen-West-FH07;6807323;'20200219142313;W03-C-Antwerpen-West-FH07;19084;FTTH-Cu;;';';;;;;;;11377784;'20191021102118;4024487;'1630000;'9204;Franckenstraat;'14;';2000;Antwerpen;;'152034,776;'211715,829;';Y;NA;5;15;Unknown;Unknown;;None;;;';;';;Y;;;;'15/01/2019 12:41:18;2;11086004;;LU;1;';';';';';;;;;;;;';;';;Y;;;;'15/01/2019 12:41:18
;;;Zoning;6807323;'20200219142313;W03-C-Antwerpen-West-FH07;6807323;'20200219142313;W03-C-Antwerpen-West-FH07;19084;FTTH-Cu;;';';;;;;;;11377784;'20191021102118;4024487;'1630000;'9204;Franckenstraat;'14;';2000;Antwerpen;;'152034,776;'211715,829;';Y;NA;5;15;Unknown;Unknown;;None;;;';;';;Y;;;;'15/01/2019 12:41:18;3;11086005;;LU;1;';';';';';;;;;;;;';;';;Y;;;;'15/01/2019 12:41:18
;;;Zoning;6807323;'20200219142313;W03-C-Antwerpen-West-FH07;6807323;'20200219142313;W03-C-Antwerpen-West-FH07;19084;FTTH-Cu;;';';;;;;;;11377784;'20191021102118;4024487;'1630000;'9204;Franckenstraat;'14;';2000;Antwerpen;;'152034,776;'211715,829;';Y;NA;5;15;Unknown;Unknown;;None;;;';;';;Y;;;;'15/01/2019 12:41:18;4;11086006;;LU;1;';';';';';;;;;;;;';;';;Y;;;;'15/01/2019 12:41:18
;;;Zoning;6807323;'20200219142313;W03-C-Antwerpen-West-FH07;6807323;'20200219142313;W03-C-Antwerpen-West-FH07;19084;FTTH-Cu;;';';;;;;;;11377784;'20191021102118;4024487;'1630000;'9204;Franckenstraat;'14;';2000;Antwerpen;;'152034,776;'211715,829;';Y;NA;5;15;Unknown;Unknown;;None;;;';;';;Y;;;;'15/01/2019 12:41:18;5;11086007;;LU;1;';';';';';;;;;;;;';;';;Y;;;;'15/01/2019 12:41:18
;;;Zoning;6807323;'20200219142313;W03-C-Antwerpen-West-FH07;6807323;'20200219142313;W03-C-Antwerpen-West-FH07;19084;FTTH-Cu;;';';;;;;;;11377784;'20191021102118;4024487;'1630000;'9204;Franckenstraat;'14;';2000;Antwerpen;;'152034,776;'211715,829;';Y;NA;5;15;Unknown;Unknown;;None;;;';;';;Y;;;;'15/01/2019 12:41:18;6;11086008;;LU;1;';';';';';;;;;;;;';;';;Y;;;;'15/01/2019 12:41:18
;;;Zoning;6807323;'20200219142313;W03-C-Antwerpen-West-FH07;6807323;'20200219142313;W03-C-Antwerpen-West-FH07;19084;FTTH-Cu;;';';;;;;;;11377784;'20191021102118;4024487;'1630000;'9204;Franckenstraat;'14;';2000;Antwerpen;;'152034,776;'211715,829;';Y;NA;5;15;Unknown;Unknown;;None;;;';;';;Y;;;;'15/01/2019 12:41:18;7;11086009;;LU;1;';';';';';;;;;;;;';;';;Y;;;;'15/01/2019 12:41:18
;;;Zoning;6807323;'20200219142313;W03-C-Antwerpen-West-FH07;6807323;'20200219142313;W03-C-Antwerpen-West-FH07;19084;FTTH-Cu;;';';;;;;;;11377784;'20191021102118;4024487;'1630000;'9204;Franckenstraat;'14;';2000;Antwerpen;;'152034,776;'211715,829;';Y;NA;5;15;Unknown;Unknown;;None;;;';;';;Y;;;;'15/01/2019 12:41:18;8;11086010;;LU;1;';';';';';;;;;;;;';;';;Y;;;;'15/01/2019 12:41:18
;;;Zoning;6807323;'20200219142313;W03-C-Antwerpen-West-FH07;6807323;'20200219142313;W03-C-Antwerpen-West-FH07;19084;FTTH-Cu;;';';;;;;;;707006;'20191018161646;4509958;'1630000;'9204;Franckenstraat;'15;';2000;Antwerpen;;'152062,149;'211726,353;';Y;NA;3;9;Unknown;Unknown;;None;;;';;';;Y;;;;'15/01/2019 12:41:18;1;1661982;;BU;1;';';';';';Y;;HOUSE;WONING - MAISON;NA;;;';;';;Y;;;;'15/01/2019 12:41:18
;;;Zoning;6807323;'20200219142313;W03-C-Antwerpen-West-FH07;6807323;'20200219142313;W03-C-Antwerpen-West-FH07;19084;FTTH-Cu;;';';;;;;;;642486;'20191021102108;1873249;'1630000;'9204;Franckenstraat;'16;';2000;Antwerpen;;'152043,587;'211712,816;';Y;NA;3;9;Unknown;Unknown;;None;;;';;';;Y;;;;'15/01/2019 12:41:18;1;1668500;;LU;1;';';';';';Y;;HOUSE;WONING - MAISON;NA;;;';;';;Y;;;;'15/01/2019 12:41:18
;;;Zoning;6807323;'20200219142313;W03-C-Antwerpen-West-FH07;6807323;'20200219142313;W03-C-Antwerpen-West-FH07;19084;FTTH-Cu;;';';;;;;;;642486;'20191021102108;1873249;'1630000;'9204;Franckenstraat;'16;';2000;Antwerpen;;'152043,587;'211712,816;';Y;NA;3;9;Unknown;Unknown;;None;;;';;';;Y;;;;'15/01/2019 12:41:18;2;1668501;;LU;1;';';';';';Y;;HOUSE;WONING - MAISON;NA;;;';;';;Y;;;;'15/01/2019 12:41:18
;;;Zoning;6807323;'20200219142313;W03-C-Antwerpen-West-FH07;6807323;'20200219142313;W03-C-Antwerpen-West-FH07;19084;FTTH-Cu;;';';;;;;;;642486;'20191021102108;1873249;'1630000;'9204;Franckenstraat;'16;';2000;Antwerpen;;'152043,587;'211712,816;';Y;NA;3;9;Unknown;Unknown;;None;;;';;';;Y;;;;'15/01/2019 12:41:18;3;1668502;;LU;1;';';';';';Y;;HOUSE;WONING - MAISON;NA;;;';;';;Y;;;;'15/01/2019 12:41:18
;;;Zoning;6807323;'20200219142313;W03-C-Antwerpen-West-FH07;6807323;'20200219142313;W03-C-Antwerpen-West-FH07;19084;FTTH-Cu;;';';;;;;;;642486;'20191021102108;1873249;'1630000;'9204;Franckenstraat;'16;';2000;Antwerpen;;'152043,587;'211712,816;';Y;NA;3;9;Unknown;Unknown;;None;;;';;';;Y;;;;'15/01/2019 12:41:18;4;1668503;;LU;1;';';';';';Y;;HOUSE;WONING - MAISON;NA;;;';;';;Y;;;;'15/01/2019 12:41:18
;;;Zoning;6807323;'20200219142313;W03-C-Antwerpen-West-FH07;6807323;'20200219142313;W03-C-Antwerpen-West-FH07;19084;FTTH-Cu;;';';;;;;;;642487;'20191018161646;1873255;'1630000;'9204;Franckenstraat;'17;';2000;Antwerpen;;'152067,952;'211724,041;';Y;NA;5;15;Unknown;Unknown;;None;;;';;';;Y;;;;'15/01/2019 12:41:18;1;1674533;;BU;1;';';';';';Y;;APTBLD;APPARTEMENTSGEBOUW - IMMEUBLE A APPARTEMENTS;NA;;;';;';;Y;;;;'15/01/2019 12:41:18
;;;Zoning;6807323;'20200219142313;W03-C-Antwerpen-West-FH07;6807323;'20200219142313;W03-C-Antwerpen-West-FH07;19084;FTTH-Cu;;';';;;;;;;710597;'20191021102109;49160;'1630000;'9204;Franckenstraat;'18;';2000;Antwerpen;;'152048,793;'211709,964;';Y;NA;9;4;Unknown;Unknown;;None;;;';IFH_BATCH;'12/07/2019 07:42:21;;Y;;;;'12/07/2019 07:28:35;1;1680076;;LU;1;';';';';';Y;;HOUSE;WONING - MAISON;NA;;;';;';;Y;;;;'12/07/2019 07:28:35
;;;Zoning;6807323;'20200219142313;W03-C-Antwerpen-West-FH07;6807323;'20200219142313;W03-C-Antwerpen-West-FH07;19084;FTTH-Cu;;';';;;;;;;710597;'20191021102109;49160;'1630000;'9204;Franckenstraat;'18;';2000;Antwerpen;;'152048,793;'211709,964;';Y;NA;9;4;Unknown;Unknown;;None;;;';IFH_BATCH;'12/07/2019 07:42:21;;Y;;;;'12/07/2019 07:28:35;2;1680077;;LU;1;';';';';';Y;;HOUSE;WONING - MAISON;NA;;;';;';;Y;;;;'12/07/2019 07:28:35
;;;Zoning;6807323;'20200219142313;W03-C-Antwerpen-West-FH07;6807323;'20200219142313;W03-C-Antwerpen-West-FH07;19084;FTTH-Cu;;';';;;;;;;710597;'20191021102109;49160;'1630000;'9204;Franckenstraat;'18;';2000;Antwerpen;;'152048,793;'211709,964;';Y;NA;9;4;Unknown;Unknown;;None;;;';IFH_BATCH;'12/07/2019 07:42:21;;Y;;;;'12/07/2019 07:28:35;3;1680078;;LU;1;';';';';';Y;;HOUSE;WONING - MAISON;NA;;;';;';;Y;;;;'12/07/2019 07:28:35
;;;Zoning;6807323;'20200219142313;W03-C-Antwerpen-West-FH07;6807323;'20200219142313;W03-C-Antwerpen-West-FH07;19084;FTTH-Cu;;';';;;;;;;710597;'20191021102109;49160;'1630000;'9204;Franckenstraat;'18;';2000;Antwerpen;;'152048,793;'211709,964;';Y;NA;9;4;Unknown;Unknown;;None;;;';IFH_BATCH;'12/07/2019 07:42:21;;Y;;;;'12/07/2019 07:28:35;4;1680079;;LU;1;';';';';';Y;;HOUSE;WONING - MAISON;NA;;;';;';;Y;;;;'12/07/2019 07:28:35
;;;Zoning;6807323;'20200219142313;W03-C-Antwerpen-West-FH07;6807323;'20200219142313;W03-C-Antwerpen-West-FH07;19084;FTTH-Cu;;';';;;;;;;642488;'20191018161646;1873258;'1630000;'9204;Franckenstraat;'19;';2000;Antwerpen;;'152072,579;'211719,416;';Y;NA;3;9;Unknown;Unknown;;None;;;';;';;Y;;;;'15/01/2019 12:41:18;1;1685739;;LU;1;';';';';';Y;;HOUSE;WONING - MAISON;NA;;;';;';;Y;;;;'15/01/2019 12:41:18
;;;Zoning;6807323;'20200219142313;W03-C-Antwerpen-West-FH07;6807323;'20200219142313;W03-C-Antwerpen-West-FH07;19084;FTTH-Cu;;';';;;;;;;642488;'20191018161646;1873258;'1630000;'9204;Franckenstraat;'19;';2000;Antwerpen;;'152072,579;'211719,416;';Y;NA;3;9;Unknown;Unknown;;None;;;';;';;Y;;;;'15/01/2019 12:41:18;2;1685740;;LU;1;';';';';';Y;;HOUSE;WONING - MAISON;NA;;;';;';;Y;;;;'15/01/2019 12:41:18
;;;Zoning;6807323;'20200219142313;W03-C-Antwerpen-West-FH07;6807323;'20200219142313;W03-C-Antwerpen-West-FH07;19084;FTTH-Cu;;';';;;;;;;642488;'20191018161646;1873258;'1630000;'9204;Franckenstraat;'19;';2000;Antwerpen;;'152072,579;'211719,416;';Y;NA;3;9;Unknown;Unknown;;None;;;';;';;Y;;;;'15/01/2019 12:41:18;3;1685741;;LU;1;';';';';';Y;;HOUSE;WONING - MAISON;NA;;;';;';;Y;;;;'15/01/2019 12:41:18
;;;Zoning;6807323;'20200219142313;W03-C-Antwerpen-West-FH07;6807323;'20200219142313;W03-C-Antwerpen-West-FH07;19084;FTTH-Cu;;';';;;;;;;642488;'20191018161646;1873258;'1630000;'9204;Franckenstraat;'19;';2000;Antwerpen;;'152072,579;'211719,416;';Y;NA;3;9;Unknown;Unknown;;None;;;';;';;Y;;;;'15/01/2019 12:41:18;4;11087109;;LU;1;';';';';';;;;;;;;';;';;Y;;;;'15/01/2019 12:41:18
;;;Zoning;6807323;'20200219142313;W03-C-Antwerpen-West-FH07;6807323;'20200219142313;W03-C-Antwerpen-West-FH07;19084;FTTH-Cu;11382509;'20191021114553;'Franckenstraat 20 - 22;;;;;;;714861;'20191021114521;60999;'1630000;'9204;Franckenstraat;'20;';2000;Antwerpen;;'152073,481;'211699,05;';Y;NA;4;12;Unknown;Unknown;;None;;;';;';;Y;;;;'15/01/2019 12:41:18;1;1696140;;LU;1;';';';';';Y;#A1;APPART;DEEL_APP_GEBOUW - PARTIE_IMMEUBLE_APP;APPART;;;';;';;Y;;;;'15/01/2019 12:41:18
;;;Zoning;6807323;'20200219142313;W03-C-Antwerpen-West-FH07;6807323;'20200219142313;W03-C-Antwerpen-West-FH07;19084;FTTH-Cu;11382509;'20191021114553;'Franckenstraat 20 - 22;;;;;;;714861;'20191021114521;60999;'1630000;'9204;Franckenstraat;'20;';2000;Antwerpen;;'152073,481;'211699,05;';Y;NA;4;12;Unknown;Unknown;;None;;;';;';;Y;;;;'15/01/2019 12:41:18;4;1696929;;BU;1;';';';';';Y;#HA.GV/L/;APPART;DEEL_APP_GEBOUW - PARTIE_IMMEUBLE_APP;COMM;;;';;';;Y;;;;'15/01/2019 12:41:18
;;;Zoning;6807323;'20200219142313;W03-C-Antwerpen-West-FH07;6807323;'20200219142313;W03-C-Antwerpen-West-FH07;19084;FTTH-Cu;;';';;;;;;;710599;'20191018161646;49162;'1630000;'9204;Franckenstraat;'21;';2000;Antwerpen;;'152077,662;'211716,793;';Y;NA;3;9;Unknown;Unknown;;None;;;';;';;Y;;;;'15/01/2019 12:41:18;1;1703863;;LU;1;';';';';';Y;;HOUSE;WONING - MAISON;NA;;;';;';;Y;;;;'15/01/2019 12:41:18
;;;Zoning;6807323;'20200219142313;W03-C-Antwerpen-West-FH07;6807323;'20200219142313;W03-C-Antwerpen-West-FH07;19084;FTTH-Cu;;';';;;;;;;710599;'20191018161646;49162;'1630000;'9204;Franckenstraat;'21;';2000;Antwerpen;;'152077,662;'211716,793;';Y;NA;3;9;Unknown;Unknown;;None;;;';;';;Y;;;;'15/01/2019 12:41:18;2;1703864;;LU;1;';';';';';Y;;HOUSE;WONING - MAISON;NA;;;';;';;Y;;;;'15/01/2019 12:41:18
;;;Zoning;6807323;'20200219142313;W03-C-Antwerpen-West-FH07;6807323;'20200219142313;W03-C-Antwerpen-West-FH07;19084;FTTH-Cu;11382509;'20191021114553;'Franckenstraat 20 - 22;;;;;;;11377786;'20191021114521;61000;'1630000;'9204;Franckenstraat;'22;';2000;Antwerpen;;'152072,006;'211696,088;';Y;NA;1;3;Unknown;Unknown;;None;;;';;';;Y;;;;'15/01/2019 12:41:18;1;11086011;;BU;1;';';';';';;;;;;;;';;';;Y;;;;'15/01/2019 12:41:18
;;;Zoning;6807323;'20200219142313;W03-C-Antwerpen-West-FH07;6807323;'20200219142313;W03-C-Antwerpen-West-FH07;19084;FTTH-Cu;11382486;'20191018161707;'Nationalestraat 76 + 78 - Franckenstraat 23;;;;;;;11378578;'20191018161657;1873270;'1630000;'9204;Franckenstraat;'23;';2000;Antwerpen;;'152081,882;'211715,105;';Y;NA;5;4;Unknown;Unknown;;None;;;';IFH_BATCH;'12/07/2019 07:43:19;;Y;;;;'12/07/2019 07:28:35;1;11086160;;LU;1;';';';';';;;;;;;;';;';;Y;;;;'12/07/2019 07:28:35
;;;Zoning;6807323;'20200219142313;W03-C-Antwerpen-West-FH07;6807323;'20200219142313;W03-C-Antwerpen-West-FH07;19084;FTTH-Cu;11382486;'20191018161707;'Nationalestraat 76 + 78 - Franckenstraat 23;;;;;;;11378578;'20191018161657;1873270;'1630000;'9204;Franckenstraat;'23;';2000;Antwerpen;;'152081,882;'211715,105;';Y;NA;5;4;Unknown;Unknown;;None;;;';IFH_BATCH;'12/07/2019 07:43:19;;Y;;;;'12/07/2019 07:28:35;2;11086161;;LU;1;';';';';';;;;;;;;';;';;Y;;;;'12/07/2019 07:28:35
;;;Zoning;6807323;'20200219142313;W03-C-Antwerpen-West-FH07;6807323;'20200219142313;W03-C-Antwerpen-West-FH07;19084;FTTH-Cu;11382486;'20191018161707;'Nationalestraat 76 + 78 - Franckenstraat 23;;;;;;;11378578;'20191018161657;1873270;'1630000;'9204;Franckenstraat;'23;';2000;Antwerpen;;'152081,882;'211715,105;';Y;NA;5;4;Unknown;Unknown;;None;;;';IFH_BATCH;'12/07/2019 07:43:19;;Y;;;;'12/07/2019 07:28:35;3;11086162;;LU;1;';';';';';;;;;;;;';;';;Y;;;;'12/07/2019 07:28:35
;;;Zoning;6807323;'20200219142313;W03-C-Antwerpen-West-FH07;6807323;'20200219142313;W03-C-Antwerpen-West-FH07;19084;FTTH-Cu;11382486;'20191018161707;'Nationalestraat 76 + 78 - Franckenstraat 23;;;;;;;11378578;'20191018161657;1873270;'1630000;'9204;Franckenstraat;'23;';2000;Antwerpen;;'152081,882;'211715,105;';Y;NA;5;4;Unknown;Unknown;;None;;;';IFH_BATCH;'12/07/2019 07:43:19;;Y;;;;'12/07/2019 07:28:35;4;11086163;;LU;1;';';';';';;;;;;;;';;';;Y;;;;'12/07/2019 07:28:35
;;;Zoning;6807323;'20200219142313;W03-C-Antwerpen-West-FH07;6807323;'20200219142313;W03-C-Antwerpen-West-FH07;19084;FTTH-Cu;11382486;'20191018161707;'Nationalestraat 76 + 78 - Franckenstraat 23;;;;;;;11378578;'20191018161657;1873270;'1630000;'9204;Franckenstraat;'23;';2000;Antwerpen;;'152081,882;'211715,105;';Y;NA;5;4;Unknown;Unknown;;None;;;';IFH_BATCH;'12/07/2019 07:43:19;;Y;;;;'12/07/2019 07:28:35;5;11086164;;LU;1;';';';';';;;;;;;;';;';;Y;;;;'12/07/2019 07:28:35
;;;Zoning;6807323;'20200219142313;W03-C-Antwerpen-West-FH07;6807323;'20200219142313;W03-C-Antwerpen-West-FH07;19084;FTTH-Cu;11382486;'20191018161707;'Nationalestraat 76 + 78 - Franckenstraat 23;;;;;;;11378578;'20191018161657;1873270;'1630000;'9204;Franckenstraat;'23;';2000;Antwerpen;;'152081,882;'211715,105;';Y;NA;5;4;Unknown;Unknown;;None;;;';IFH_BATCH;'12/07/2019 07:43:19;;Y;;;;'12/07/2019 07:28:35;6;11086165;;LU;1;';';';';';;;;;;;;';;';;Y;;;;'12/07/2019 07:28:35
;;;Zoning;6807323;'20200219142313;W03-C-Antwerpen-West-FH07;6807323;'20200219142313;W03-C-Antwerpen-West-FH07;19084;FTTH-Cu;11382486;'20191018161707;'Nationalestraat 76 + 78 - Franckenstraat 23;;;;;;;11378578;'20191018161657;1873270;'1630000;'9204;Franckenstraat;'23;';2000;Antwerpen;;'152081,882;'211715,105;';Y;NA;5;4;Unknown;Unknown;;None;;;';IFH_BATCH;'12/07/2019 07:43:19;;Y;;;;'12/07/2019 07:28:35;7;11086166;;LU;1;';';';';';;;;;;;;';;';;Y;;;;'12/07/2019 07:28:35
;;;Zoning;6807323;'20200219142313;W03-C-Antwerpen-West-FH07;6807323;'20200219142313;W03-C-Antwerpen-West-FH07;19084;FTTH-Cu;11382486;'20191018161707;'Nationalestraat 76 + 78 - Franckenstraat 23;;;;;;;11378578;'20191018161657;1873270;'1630000;'9204;Franckenstraat;'23;';2000;Antwerpen;;'152081,882;'211715,105;';Y;NA;5;4;Unknown;Unknown;;None;;;';IFH_BATCH;'12/07/2019 07:43:19;;Y;;;;'12/07/2019 07:28:35;8;11086167;;LU;1;';';';';';;;;;;;;';;';;Y;;;;'12/07/2019 07:28:35
;;;Zoning;6807323;'20200219142313;W03-C-Antwerpen-West-FH07;6807323;'20200219142313;W03-C-Antwerpen-West-FH07;19084;FTTH-Cu;;';';;;;;;;714437;'20191016102518;60721;'1630000;'10045;Gierstraat;'1;';2000;Antwerpen;;'152143,415;'212051,905;';Y;NA;4;12;Unknown;Unknown;;None;;;';;';;Y;;;;'15/01/2019 12:41:18;1;1615171;;LU;1;';';';';';Y;;HOUSE;WONING - MAISON;NA;;;';;';;Y;;;;'15/01/2019 12:41:18
;;;Zoning;6807323;'20200219142313;W03-C-Antwerpen-West-FH07;6807323;'20200219142313;W03-C-Antwerpen-West-FH07;19084;FTTH-Cu;;';';;;;;;;714437;'20191016102518;60721;'1630000;'10045;Gierstraat;'1;';2000;Antwerpen;;'152143,415;'212051,905;';Y;NA;4;12;Unknown;Unknown;;None;;;';;';;Y;;;;'15/01/2019 12:41:18;2;1615172;;LU;1;';';';';';Y;;HOUSE;WONING - MAISON;NA;;;';;';;Y;;;;'15/01/2019 12:41:18
;;;Zoning;6807323;'20200219142313;W03-C-Antwerpen-West-FH07;6807323;'20200219142313;W03-C-Antwerpen-West-FH07;19084;FTTH-Cu;;';';;;;;;;714437;'20191016102518;60721;'1630000;'10045;Gierstraat;'1;';2000;Antwerpen;;'152143,415;'212051,905;';Y;NA;4;12;Unknown;Unknown;;None;;;';;';;Y;;;;'15/01/2019 12:41:18;3;1615173;;LU;1;';';';';';Y;;HOUSE;WONING - MAISON;NA;;;';;';;Y;;;;'15/01/2019 12:41:18
;;;Zoning;6807323;'20200219142313;W03-C-Antwerpen-West-FH07;6807323;'20200219142313;W03-C-Antwerpen-West-FH07;19084;FTTH-Cu;;';';;;;;;;714437;'20191016102518;60721;'1630000;'10045;Gierstraat;'1;';2000;Antwerpen;;'152143,415;'212051,905;';Y;NA;4;12;Unknown;Unknown;;None;;;';;';;Y;;;;'15/01/2019 12:41:18;4;1615174;;BU;1;';';';';';Y;;HOUSE;WONING - MAISON;NA;;;';;';;Y;;;;'15/01/2019 12:41:18
;;;Zoning;6807323;'20200219142313;W03-C-Antwerpen-West-FH07;6807323;'20200219142313;W03-C-Antwerpen-West-FH07;19084;FTTH-Cu;;';';;;;;;;715060;'20200113140743;61101;'1630000;'10045;Gierstraat;'2;';2000;Antwerpen;;'152138,965;'212040,426;';Y;NA;4;12;Unknown;Unknown;;None;;;';;';;Y;;;;'15/01/2019 12:41:18;1;1693616;;BU;1;';';';';';Y;;COMM;HANDELSZAAK - COMMERCE;NA;;;';;';;Y;;;;'15/01/2019 12:41:18
;;;Zoning;6807323;'20200219142313;W03-C-Antwerpen-West-FH07;6807323;'20200219142313;W03-C-Antwerpen-West-FH07;19084;FTTH-Cu;;';';;;;;;;715060;'20200113140743;61101;'1630000;'10045;Gierstraat;'2;';2000;Antwerpen;;'152138,965;'212040,426;';Y;NA;4;12;Unknown;Unknown;;None;;;';;';;Y;;;;'15/01/2019 12:41:18;2;1693617;;LU;1;';';';';';Y;;COMM;HANDELSZAAK - COMMERCE;NA;;;';;';;Y;;;;'15/01/2019 12:41:18
;;;Zoning;6807323;'20200219142313;W03-C-Antwerpen-West-FH07;6807323;'20200219142313;W03-C-Antwerpen-West-FH07;19084;FTTH-Cu;;';';;;;;;;715060;'20200113140743;61101;'1630000;'10045;Gierstraat;'2;';2000;Antwerpen;;'152138,965;'212040,426;';Y;NA;4;12;Unknown;Unknown;;None;;;';;';;Y;;;;'15/01/2019 12:41:18;3;1693618;;LU;1;';';';';';Y;;COMM;HANDELSZAAK - COMMERCE;NA;;;';;';;Y;;;;'15/01/2019 12:41:18
;;;Zoning;6807323;'20200219142313;W03-C-Antwerpen-West-FH07;6807323;'20200219142313;W03-C-Antwerpen-West-FH07;19084;FTTH-Cu;;';';;;;;;;715060;'20200113140743;61101;'1630000;'10045;Gierstraat;'2;';2000;Antwerpen;;'152138,965;'212040,426;';Y;NA;4;12;Unknown;Unknown;;None;;;';;';;Y;;;;'15/01/2019 12:41:18;4;11087110;;LU;1;';';';';';;;;;;;;';;';;Y;;;;'15/01/2019 12:41:18
;;;Zoning;6807323;'20200219142313;W03-C-Antwerpen-West-FH07;6807323;'20200219142313;W03-C-Antwerpen-West-FH07;19084;FTTH-Cu;;';';;;;;;;644300;'20191016102518;1897679;'1630000;'10045;Gierstraat;'3;';2000;Antwerpen;;'152149,198;'212051,249;';Y;NA;3;9;Unknown;Unknown;;None;;;';;';;Y;;;;'15/01/2019 12:41:18;1;1741707;;BU;1;';';';';';Y;;COMM;HANDELSZAAK - COMMERCE;NA;;;';;';;Y;;;;'15/01/2019 12:41:18
;;;Zoning;6807323;'20200219142313;W03-C-Antwerpen-West-FH07;6807323;'20200219142313;W03-C-Antwerpen-West-FH07;19084;FTTH-Cu;;';';;;;;;;644300;'20191016102518;1897679;'1630000;'10045;Gierstraat;'3;';2000;Antwerpen;;'152149,198;'212051,249;';Y;NA;3;9;Unknown;Unknown;;None;;;';;';;Y;;;;'15/01/2019 12:41:18;2;1741708;;LU;1;';';';';';Y;;COMM;HANDELSZAAK - COMMERCE;NA;;;';;';;Y;;;;'15/01/2019 12:41:18
;;;Zoning;6807323;'20200219142313;W03-C-Antwerpen-West-FH07;6807323;'20200219142313;W03-C-Antwerpen-West-FH07;19084;FTTH-Cu;;';';;;;;;;644300;'20191016102518;1897679;'1630000;'10045;Gierstraat;'3;';2000;Antwerpen;;'152149,198;'212051,249;';Y;NA;3;9;Unknown;Unknown;;None;;;';;';;Y;;;;'15/01/2019 12:41:18;3;11086627;;LU;1;';';';';';;;;;;;;';;';;Y;;;;'15/01/2019 12:41:18
;;;Zoning;6807323;'20200219142313;W03-C-Antwerpen-West-FH07;6807323;'20200219142313;W03-C-Antwerpen-West-FH07;19084;FTTH-Cu;;';';;;;;;;644301;'20190712080927;1897706;'1630000;'10045;Gierstraat;'4;';2000;Antwerpen;;'152146,869;'212036,051;';Y;NA;3;4;Unknown;Unknown;;None;;;';IFH_BATCH;'12/07/2019 07:30:20;;Y;;;;'12/07/2019 07:28:35;1;1775800;;LU;1;';';';';';Y;;HOUSE;WONING - MAISON;NA;;;';;';;Y;;;;'12/07/2019 07:28:35
;;;Zoning;6807323;'20200219142313;W03-C-Antwerpen-West-FH07;6807323;'20200219142313;W03-C-Antwerpen-West-FH07;19084;FTTH-Cu;;';';;;;;;;644302;'20191016102518;1897717;'1630000;'10045;Gierstraat;'5;';2000;Antwerpen;;'152155,756;'212048,924;';Y;NA;3;9;Unknown;Unknown;;None;;;';;';;Y;;;;'15/01/2019 12:41:18;1;1802918;;LU;1;';';';';';Y;;COMM;HANDELSZAAK - COMMERCE;NA;;;';;';;Y;;;;'15/01/2019 12:41:18
;;;Zoning;6807323;'20200219142313;W03-C-Antwerpen-West-FH07;6807323;'20200219142313;W03-C-Antwerpen-West-FH07;19084;FTTH-Cu;;';';;;;;;;644303;'20190604080301;1897732;'1630000;'10045;Gierstraat;'6;';2000;Antwerpen;;'152153,31;'212036,887;';N;ORN;3;9;Unknown;Unknown;;None;;;';;';;Y;;;;'15/01/2019 12:41:18;1;1824171;;LU;1;';';';';';Y;;HOUSE;WONING - MAISON;NA;;;';;';;Y;;;;'15/01/2019 12:41:18
;;;Zoning;6807323;'20200219142313;W03-C-Antwerpen-West-FH07;6807323;'20200219142313;W03-C-Antwerpen-West-FH07;19084;FTTH-Cu;;';';;;;;;;690928;'20200110121313;3926832;'1630000;'10045;Gierstraat;'7;';2000;Antwerpen;;'152161,191;'212049,684;';Y;NA;4;12;Unknown;Unknown;;None;;;';;';;Y;;;;'15/01/2019 12:41:18;1;1841804;;LU;1;';';';';';Y;;HOUSE;WONING - MAISON;NA;;;';;';;Y;;;;'15/01/2019 12:41:18
;;;Zoning;6807323;'20200219142313;W03-C-Antwerpen-West-FH07;6807323;'20200219142313;W03-C-Antwerpen-West-FH07;19084;FTTH-Cu;;';';;;;;;;690928;'20200110121313;3926832;'1630000;'10045;Gierstraat;'7;';2000;Antwerpen;;'152161,191;'212049,684;';Y;NA;4;12;Unknown;Unknown;;None;;;';;';;Y;;;;'15/01/2019 12:41:18;2;11086628;;BU;1;';';';';';;;;;;;;';;';;Y;;;;'15/01/2019 12:41:18
;;;Zoning;6807323;'20200219142313;W03-C-Antwerpen-West-FH07;6807323;'20200219142313;W03-C-Antwerpen-West-FH07;19084;FTTH-Cu;;';';;;;;;;690928;'20200110121313;3926832;'1630000;'10045;Gierstraat;'7;';2000;Antwerpen;;'152161,191;'212049,684;';Y;NA;4;12;Unknown;Unknown;;None;;;';;';;Y;;;;'15/01/2019 12:41:18;3;11086629;;LU;1;';';';';';;;;;;;;';;';;Y;;;;'15/01/2019 12:41:18
;;;Zoning;6807323;'20200219142313;W03-C-Antwerpen-West-FH07;6807323;'20200219142313;W03-C-Antwerpen-West-FH07;19084;FTTH-Cu;;';';;;;;;;690928;'20200110121313;3926832;'1630000;'10045;Gierstraat;'7;';2000;Antwerpen;;'152161,191;'212049,684;';Y;NA;4;12;Unknown;Unknown;;None;;;';;';;Y;;;;'15/01/2019 12:41:18;4;11086630;;LU;1;';';';';';;;;;;;;';;';;Y;;;;'15/01/2019 12:41:18
;;;Zoning;6807323;'20200219142313;W03-C-Antwerpen-West-FH07;6807323;'20200219142313;W03-C-Antwerpen-West-FH07;19084;FTTH-Cu;;';';;;;;;;690928;'20200110121313;3926832;'1630000;'10045;Gierstraat;'7;';2000;Antwerpen;;'152161,191;'212049,684;';Y;NA;4;12;Unknown;Unknown;;None;;;';;';;Y;;;;'15/01/2019 12:41:18;5;11086631;;LU;1;';';';';';;;;;;;;';;';;Y;;;;'15/01/2019 12:41:18
;;;Zoning;6807323;'20200219142313;W03-C-Antwerpen-West-FH07;6807323;'20200219142313;W03-C-Antwerpen-West-FH07;19084;FTTH-Cu;;';';;;;;;;696501;'20190604080301;4254222;'1630000;'10045;Gierstraat;'8;';2000;Antwerpen;;'152158,934;'212035,876;';Y;NA;3;9;Unknown;Unknown;;None;;;';;';;Y;;;;'15/01/2019 12:41:18;1;1855784;;LU;1;';';';';';Y;;HOUSE;WONING - MAISON;NA;;;';;';;Y;;;;'15/01/2019 12:41:18
;;;Zoning;6807323;'20200219142313;W03-C-Antwerpen-West-FH07;6807323;'20200219142313;W03-C-Antwerpen-West-FH07;19084;FTTH-Cu;;';';;;;;;;696501;'20190604080301;4254222;'1630000;'10045;Gierstraat;'8;';2000;Antwerpen;;'152158,934;'212035,876;';Y;NA;3;9;Unknown;Unknown;;None;;;';;';;Y;;;;'15/01/2019 12:41:18;2;11086632;;LU;1;';';';';';;;;;;;;';;';;Y;;;;'15/01/2019 12:41:18
;;;Zoning;6807323;'20200219142313;W03-C-Antwerpen-West-FH07;6807323;'20200219142313;W03-C-Antwerpen-West-FH07;19084;FTTH-Cu;;';';;;;;;;696501;'20190604080301;4254222;'1630000;'10045;Gierstraat;'8;';2000;Antwerpen;;'152158,934;'212035,876;';Y;NA;3;9;Unknown;Unknown;;None;;;';;';;Y;;;;'15/01/2019 12:41:18;3;11086633;;LU;1;';';';';';;;;;;;;';;';;Y;;;;'15/01/2019 12:41:18
;;;Zoning;6807323;'20200219142313;W03-C-Antwerpen-West-FH07;6807323;'20200219142313;W03-C-Antwerpen-West-FH07;19084;FTTH-Cu;;';';;;;;;;644304;'20190712080927;1897734;'1630000;'10045;Gierstraat;'9;';2000;Antwerpen;;'152166,59;'212049,319;';Y;NA;4;4;Unknown;Unknown;;None;;;';IFH_BATCH;'12/07/2019 07:30:18;;Y;;;;'12/07/2019 07:28:35;1;1867600;;LU;1;';';';';';Y;;HOUSE;WONING - MAISON;NA;;;';;';;Y;;;;'12/07/2019 07:28:35
;;;Zoning;6807323;'20200219142313;W03-C-Antwerpen-West-FH07;6807323;'20200219142313;W03-C-Antwerpen-West-FH07;19084;FTTH-Cu;;';';;;;;;;644304;'20190712080927;1897734;'1630000;'10045;Gierstraat;'9;';2000;Antwerpen;;'152166,59;'212049,319;';Y;NA;4;4;Unknown;Unknown;;None;;;';IFH_BATCH;'12/07/2019 07:30:18;;Y;;;;'12/07/2019 07:28:35;2;1867601;;LU;1;';';';';';Y;;HOUSE;WONING - MAISON;NA;;;';;';;Y;;;;'12/07/2019 07:28:35
;;;Zoning;6807323;'20200219142313;W03-C-Antwerpen-West-FH07;6807323;'20200219142313;W03-C-Antwerpen-West-FH07;19084;FTTH-Cu;;';';;;;;;;644304;'20190712080927;1897734;'1630000;'10045;Gierstraat;'9;';2000;Antwerpen;;'152166,59;'212049,319;';Y;NA;4;4;Unknown;Unknown;;None;;;';IFH_BATCH;'12/07/2019 07:30:18;;Y;;;;'12/07/2019 07:28:35;3;1867602;;LU;1;';';';';';Y;;HOUSE;WONING - MAISON;NA;;;';;';;Y;;;;'12/07/2019 07:28:35
;;;Zoning;6807323;'20200219142313;W03-C-Antwerpen-West-FH07;6807323;'20200219142313;W03-C-Antwerpen-West-FH07;19084;FTTH-Cu;;';';;;;;;;715056;'20190604080301;61100;'1630000;'10045;Gierstraat;'10;';2000;Antwerpen;;'152164,874;'212034,675;';Y;NA;2;9;Unknown;Unknown;;None;;;';;';;Y;;;;'15/01/2019 12:41:18;1;1620838;;LU;1;';';';';';Y;;HOUSE;WONING - MAISON;NA;;;';;';;Y;;;;'15/01/2019 12:41:18
;;;Zoning;6807323;'20200219142313;W03-C-Antwerpen-West-FH07;6807323;'20200219142313;W03-C-Antwerpen-West-FH07;19084;FTTH-Cu;;';';;;;;;;726198;'20190131100644;976246;'1630000;'8209;Graaf van Egmontstraat;'1;';2000;Antwerpen;;'151784,363;'211362,171;';N;ORN;4;12;Unknown;Unknown;;None;;;';;';;Y;;;;'15/01/2019 12:41:18;1;1610907;;LU;1;';';';';';Y;#A1/R/K4.5;APPART;DEEL_APP_GEBOUW - PARTIE_IMMEUBLE_APP;APPART;;;';;';;Y;;;;'15/01/2019 12:41:18
;;;Zoning;6807323;'20200219142313;W03-C-Antwerpen-West-FH07;6807323;'20200219142313;W03-C-Antwerpen-West-FH07;19084;FTTH-Cu;;';';;;;;;;726198;'20190131100644;976246;'1630000;'8209;Graaf van Egmontstraat;'1;';2000;Antwerpen;;'151784,363;'211362,171;';N;ORN;4;12;Unknown;Unknown;;None;;;';;';;Y;;;;'15/01/2019 12:41:18;2;1611515;;LU;1;';';';';';Y;#A2/R/K3;APPART;DEEL_APP_GEBOUW - PARTIE_IMMEUBLE_APP;APPART;;;';;';;Y;;;;'15/01/2019 12:41:18
;;;Zoning;6807323;'20200219142313;W03-C-Antwerpen-West-FH07;6807323;'20200219142313;W03-C-Antwerpen-West-FH07;19084;FTTH-Cu;;';';;;;;;;726198;'20190131100644;976246;'1630000;'8209;Graaf van Egmontstraat;'1;';2000;Antwerpen;;'151784,363;'211362,171;';N;ORN;4;12;Unknown;Unknown;;None;;;';;';;Y;;;;'15/01/2019 12:41:18;3;1611877;;LU;1;';';';';';Y;#A3/R/K1;APPART;DEEL_APP_GEBOUW - PARTIE_IMMEUBLE_APP;APPART;;;';;';;Y;;;;'15/01/2019 12:41:18
;;;Zoning;6807323;'20200219142313;W03-C-Antwerpen-West-FH07;6807323;'20200219142313;W03-C-Antwerpen-West-FH07;19084;FTTH-Cu;;';';;;;;;;726198;'20190131100644;976246;'1630000;'8209;Graaf van Egmontstraat;'1;';2000;Antwerpen;;'151784,363;'211362,171;';N;ORN;4;12;Unknown;Unknown;;None;;;';;';;Y;;;;'15/01/2019 12:41:18;4;11087091;;BU;1;';';';';';;;;;;;;';;';;Y;;;;'15/01/2019 12:41:18
;;;Zoning;6807323;'20200219142313;W03-C-Antwerpen-West-FH07;6807323;'20200219142313;W03-C-Antwerpen-West-FH07;19084;FTTH-Cu;;';';;;;;;;726199;'20191021152148;976247;'1630000;'8209;Graaf van Egmontstraat;'5;';2000;Antwerpen;;'151783,066;'211347,986;';Y;NA;4;12;Unknown;Unknown;;None;;;';;';;Y;;;;'15/01/2019 12:41:18;1;1799363;;LU;1;';';';';';Y;#A1/1A/;APPART;DEEL_APP_GEBOUW - PARTIE_IMMEUBLE_APP;APPART;;;';;';;Y;;;;'15/01/2019 12:41:18
;;;Zoning;6807323;'20200219142313;W03-C-Antwerpen-West-FH07;6807323;'20200219142313;W03-C-Antwerpen-West-FH07;19084;FTTH-Cu;;';';;;;;;;726199;'20191021152148;976247;'1630000;'8209;Graaf van Egmontstraat;'5;';2000;Antwerpen;;'151783,066;'211347,986;';Y;NA;4;12;Unknown;Unknown;;None;;;';;';;Y;;;;'15/01/2019 12:41:18;2;1799373;;LU;1;';';';';';Y;#A1/1V/;APPART;DEEL_APP_GEBOUW - PARTIE_IMMEUBLE_APP;APPART;;;';;';;Y;;;;'15/01/2019 12:41:18
;;;Zoning;6807323;'20200219142313;W03-C-Antwerpen-West-FH07;6807323;'20200219142313;W03-C-Antwerpen-West-FH07;19084;FTTH-Cu;;';';;;;;;;726199;'20191021152148;976247;'1630000;'8209;Graaf van Egmontstraat;'5;';2000;Antwerpen;;'151783,066;'211347,986;';Y;NA;4;12;Unknown;Unknown;;None;;;';;';;Y;;;;'15/01/2019 12:41:18;3;1799844;;LU;1;';';';';';Y;#A2/2A/;APPART;DEEL_APP_GEBOUW - PARTIE_IMMEUBLE_APP;APPART;;;';;';;Y;;;;'15/01/2019 12:41:18
;;;Zoning;6807323;'20200219142313;W03-C-Antwerpen-West-FH07;6807323;'20200219142313;W03-C-Antwerpen-West-FH07;19084;FTTH-Cu;;';';;;;;;;726199;'20191021152148;976247;'1630000;'8209;Graaf van Egmontstraat;'5;';2000;Antwerpen;;'151783,066;'211347,986;';Y;NA;4;12;Unknown;Unknown;;None;;;';;';;Y;;;;'15/01/2019 12:41:18;4;1799854;;LU;1;';';';';';Y;#A2/2V/;APPART;DEEL_APP_GEBOUW - PARTIE_IMMEUBLE_APP;APPART;;;';;';;Y;;;;'15/01/2019 12:41:18
;;;Zoning;6807323;'20200219142313;W03-C-Antwerpen-West-FH07;6807323;'20200219142313;W03-C-Antwerpen-West-FH07;19084;FTTH-Cu;;';';;;;;;;726199;'20191021152148;976247;'1630000;'8209;Graaf van Egmontstraat;'5;';2000;Antwerpen;;'151783,066;'211347,986;';Y;NA;4;12;Unknown;Unknown;;None;;;';;';;Y;;;;'15/01/2019 12:41:18;5;1800124;;LU;1;';';';';';Y;#A3.4;APPART;DEEL_APP_GEBOUW - PARTIE_IMMEUBLE_APP;APPART;;;';;';;Y;;;;'15/01/2019 12:41:18
;;;Zoning;6807323;'20200219142313;W03-C-Antwerpen-West-FH07;6807323;'20200219142313;W03-C-Antwerpen-West-FH07;19084;FTTH-Cu;;';';;;;;;;726199;'20191021152148;976247;'1630000;'8209;Graaf van Egmontstraat;'5;';2000;Antwerpen;;'151783,066;'211347,986;';Y;NA;4;12;Unknown;Unknown;;None;;;';;';;Y;;;;'15/01/2019 12:41:18;6;1801159;;BU;1;';';';';';Y;#HA.GV/G/KELDER;APPART;DEEL_APP_GEBOUW - PARTIE_IMMEUBLE_APP;COMM;;;';;';;Y;;;;'15/01/2019 12:41:18
;;;Zoning;6807323;'20200219142313;W03-C-Antwerpen-West-FH07;6807323;'20200219142313;W03-C-Antwerpen-West-FH07;19084;FTTH-Cu;;';';;;;;;;726199;'20191021152148;976247;'1630000;'8209;Graaf van Egmontstraat;'5;';2000;Antwerpen;;'151783,066;'211347,986;';Y;NA;4;12;Unknown;Unknown;;None;;;';;';;Y;;;;'15/01/2019 12:41:18;7;11087092;;LU;1;';';';';';;;;;;;;';;';;Y;;;;'15/01/2019 12:41:18
;;;Zoning;6807323;'20200219142313;W03-C-Antwerpen-West-FH07;6807323;'20200219142313;W03-C-Antwerpen-West-FH07;19084;FTTH-Cu;;';';;;;;;;11378692;'20191021152946;1101815;'1630000;'8209;Graaf van Egmontstraat;'11;';2000;Antwerpen;;'151782,505;'211311,764;';Y;NA;5;4;Unknown;Unknown;;None;;;';IFH_BATCH;'12/07/2019 07:42:13;;Y;;;;'12/07/2019 07:28:35;1;11086215;;BU;1;';';';';';;;;;;;;';;';;Y;;;;'12/07/2019 07:28:35
;;;Zoning;6807323;'20200219142313;W03-C-Antwerpen-West-FH07;6807323;'20200219142313;W03-C-Antwerpen-West-FH07;19084;FTTH-Cu;;';';;;;;;;11378692;'20191021152946;1101815;'1630000;'8209;Graaf van Egmontstraat;'11;';2000;Antwerpen;;'151782,505;'211311,764;';Y;NA;5;4;Unknown;Unknown;;None;;;';IFH_BATCH;'12/07/2019 07:42:13;;Y;;;;'12/07/2019 07:28:35;2;11086216;;LU;1;';';';';';;;;;;;;';;';;Y;;;;'12/07/2019 07:28:35
;;;Zoning;6807323;'20200219142313;W03-C-Antwerpen-West-FH07;6807323;'20200219142313;W03-C-Antwerpen-West-FH07;19084;FTTH-Cu;;';';;;;;;;11378692;'20191021152946;1101815;'1630000;'8209;Graaf van Egmontstraat;'11;';2000;Antwerpen;;'151782,505;'211311,764;';Y;NA;5;4;Unknown;Unknown;;None;;;';IFH_BATCH;'12/07/2019 07:42:13;;Y;;;;'12/07/2019 07:28:35;3;11086217;;LU;1;';';';';';;;;;;;;';;';;Y;;;;'12/07/2019 07:28:35
;;;Zoning;6807323;'20200219142313;W03-C-Antwerpen-West-FH07;6807323;'20200219142313;W03-C-Antwerpen-West-FH07;19084;FTTH-Cu;;';';;;;;;;11378692;'20191021152946;1101815;'1630000;'8209;Graaf van Egmontstraat;'11;';2000;Antwerpen;;'151782,505;'211311,764;';Y;NA;5;4;Unknown;Unknown;;None;;;';IFH_BATCH;'12/07/2019 07:42:13;;Y;;;;'12/07/2019 07:28:35;4;11086218;;LU;1;';';';';';;;;;;;;';;';;Y;;;;'12/07/2019 07:28:35
;;;Zoning;6807323;'20200219142313;W03-C-Antwerpen-West-FH07;6807323;'20200219142313;W03-C-Antwerpen-West-FH07;19084;FTTH-Cu;;';';;;;;;;11378692;'20191021152946;1101815;'1630000;'8209;Graaf van Egmontstraat;'11;';2000;Antwerpen;;'151782,505;'211311,764;';Y;NA;5;4;Unknown;Unknown;;None;;;';IFH_BATCH;'12/07/2019 07:42:13;;Y;;;;'12/07/2019 07:28:35;5;11086219;;LU;1;';';';';';;;;;;;;';;';;Y;;;;'12/07/2019 07:28:35
;;;Zoning;6807323;'20200219142313;W03-C-Antwerpen-West-FH07;6807323;'20200219142313;W03-C-Antwerpen-West-FH07;19084;FTTH-Cu;;';';;;;;;;11378692;'20191021152946;1101815;'1630000;'8209;Graaf van Egmontstraat;'11;';2000;Antwerpen;;'151782,505;'211311,764;';Y;NA;5;4;Unknown;Unknown;;None;;;';IFH_BATCH;'12/07/2019 07:42:13;;Y;;;;'12/07/2019 07:28:35;6;11086220;;LU;1;';';';';';;;;;;;;';;';;Y;;;;'12/07/2019 07:28:35
;;;Zoning;6807323;'20200219142313;W03-C-Antwerpen-West-FH07;6807323;'20200219142313;W03-C-Antwerpen-West-FH07;19084;FTTH-Cu;;';';;;;;;;11378692;'20191021152946;1101815;'1630000;'8209;Graaf van Egmontstraat;'11;';2000;Antwerpen;;'151782,505;'211311,764;';Y;NA;5;4;Unknown;Unknown;;None;;;';IFH_BATCH;'12/07/2019 07:42:13;;Y;;;;'12/07/2019 07:28:35;7;11086221;;LU;1;';';';';';;;;;;;;';;';;Y;;;;'12/07/2019 07:28:35
;;;Zoning;6807323;'20200219142313;W03-C-Antwerpen-West-FH07;6807323;'20200219142313;W03-C-Antwerpen-West-FH07;19084;FTTH-Cu;;';';;;;;;;11378692;'20191021152946;1101815;'1630000;'8209;Graaf van Egmontstraat;'11;';2000;Antwerpen;;'151782,505;'211311,764;';Y;NA;5;4;Unknown;Unknown;;None;;;';IFH_BATCH;'12/07/2019 07:42:13;;Y;;;;'12/07/2019 07:28:35;8;11086222;;LU;1;';';';';';;;;;;;;';;';;Y;;;;'12/07/2019 07:28:35
;;;Zoning;6807323;'20200219142313;W03-C-Antwerpen-West-FH07;6807323;'20200219142313;W03-C-Antwerpen-West-FH07;19084;FTTH-Cu;;';';;;;;;;726197;'20191021153012;976245;'1630000;'8209;Graaf van Egmontstraat;'13;';2000;Antwerpen;;'151782,964;'211305,566;';Y;NA;5;15;Unknown;Unknown;;None;;;';;';;Y;;;;'15/01/2019 12:41:18;1;1648751;;LU;1;';';';';';Y;;APTBLD;APPARTEMENTSGEBOUW - IMMEUBLE A APPARTEMENTS;NA;;;';;';;Y;;;;'15/01/2019 12:41:18
;;;Zoning;6807323;'20200219142313;W03-C-Antwerpen-West-FH07;6807323;'20200219142313;W03-C-Antwerpen-West-FH07;19084;FTTH-Cu;;';';;;;;;;726197;'20191021153012;976245;'1630000;'8209;Graaf van Egmontstraat;'13;';2000;Antwerpen;;'151782,964;'211305,566;';Y;NA;5;15;Unknown;Unknown;;None;;;';;';;Y;;;;'15/01/2019 12:41:18;2;1648752;;LU;1;';';';';';Y;;APTBLD;APPARTEMENTSGEBOUW - IMMEUBLE A APPARTEMENTS;NA;;;';;';;Y;;;;'15/01/2019 12:41:18
;;;Zoning;6807323;'20200219142313;W03-C-Antwerpen-West-FH07;6807323;'20200219142313;W03-C-Antwerpen-West-FH07;19084;FTTH-Cu;;';';;;;;;;726197;'20191021153012;976245;'1630000;'8209;Graaf van Egmontstraat;'13;';2000;Antwerpen;;'151782,964;'211305,566;';Y;NA;5;15;Unknown;Unknown;;None;;;';;';;Y;;;;'15/01/2019 12:41:18;3;1648753;;LU;1;';';';';';Y;;APTBLD;APPARTEMENTSGEBOUW - IMMEUBLE A APPARTEMENTS;NA;;;';;';;Y;;;;'15/01/2019 12:41:18
;;;Zoning;6807323;'20200219142313;W03-C-Antwerpen-West-FH07;6807323;'20200219142313;W03-C-Antwerpen-West-FH07;19084;FTTH-Cu;;';';;;;;;;726197;'20191021153012;976245;'1630000;'8209;Graaf van Egmontstraat;'13;';2000;Antwerpen;;'151782,964;'211305,566;';Y;NA;5;15;Unknown;Unknown;;None;;;';;';;Y;;;;'15/01/2019 12:41:18;4;1648754;;LU;1;';';';';';Y;;APTBLD;APPARTEMENTSGEBOUW - IMMEUBLE A APPARTEMENTS;NA;;;';;';;Y;;;;'15/01/2019 12:41:18
;;;Zoning;6807323;'20200219142313;W03-C-Antwerpen-West-FH07;6807323;'20200219142313;W03-C-Antwerpen-West-FH07;19084;FTTH-Cu;;';';;;;;;;726197;'20191021153012;976245;'1630000;'8209;Graaf van Egmontstraat;'13;';2000;Antwerpen;;'151782,964;'211305,566;';Y;NA;5;15;Unknown;Unknown;;None;;;';;';;Y;;;;'15/01/2019 12:41:18;5;1648755;;LU;1;';';';';';Y;;APTBLD;APPARTEMENTSGEBOUW - IMMEUBLE A APPARTEMENTS;NA;;;';;';;Y;;;;'15/01/2019 12:41:18
;;;Zoning;6807323;'20200219142313;W03-C-Antwerpen-West-FH07;6807323;'20200219142313;W03-C-Antwerpen-West-FH07;19084;FTTH-Cu;;';';;;;;;;640601;'20191021153012;1856837;'1630000;'8209;Graaf van Egmontstraat;'15;';2000;Antwerpen;;'151783,706;'211300,04;';Y;NA;4;12;Unknown;Unknown;;None;;;';;';;Y;;;;'15/01/2019 12:41:18;1;1662717;;LU;1;';';';';';Y;;HOUSE;WONING - MAISON;NA;;;';;';;Y;;;;'15/01/2019 12:41:18
;;;Zoning;6807323;'20200219142313;W03-C-Antwerpen-West-FH07;6807323;'20200219142313;W03-C-Antwerpen-West-FH07;19084;FTTH-Cu;;';';;;;;;;640601;'20191021153012;1856837;'1630000;'8209;Graaf van Egmontstraat;'15;';2000;Antwerpen;;'151783,706;'211300,04;';Y;NA;4;12;Unknown;Unknown;;None;;;';;';;Y;;;;'15/01/2019 12:41:18;2;1662718;;LU;1;';';';';';Y;;HOUSE;WONING - MAISON;NA;;;';;';;Y;;;;'15/01/2019 12:41:18
;;;Zoning;6807323;'20200219142313;W03-C-Antwerpen-West-FH07;6807323;'20200219142313;W03-C-Antwerpen-West-FH07;19084;FTTH-Cu;;';';;;;;;;640601;'20191021153012;1856837;'1630000;'8209;Graaf van Egmontstraat;'15;';2000;Antwerpen;;'151783,706;'211300,04;';Y;NA;4;12;Unknown;Unknown;;None;;;';;';;Y;;;;'15/01/2019 12:41:18;3;11087093;;LU;1;';';';';';;;;;;;;';;';;Y;;;;'15/01/2019 12:41:18
;;;Zoning;6807323;'20200219142313;W03-C-Antwerpen-West-FH07;6807323;'20200219142313;W03-C-Antwerpen-West-FH07;19084;FTTH-Cu;;';';;;;;;;640603;'20191021153012;1856863;'1630000;'8209;Graaf van Egmontstraat;'17;';2000;Antwerpen;;'151784,79;'211294,646;';Y;NA;5;15;Unknown;Unknown;;None;;;';;';;Y;;;;'15/01/2019 12:41:18;1;1675314;;LU;1;';';';';';Y;;HOUSE;WONING - MAISON;NA;;;';;';;Y;;;;'15/01/2019 12:41:18
;;;Zoning;6807323;'20200219142313;W03-C-Antwerpen-West-FH07;6807323;'20200219142313;W03-C-Antwerpen-West-FH07;19084;FTTH-Cu;;';';;;;;;;640603;'20191021153012;1856863;'1630000;'8209;Graaf van Egmontstraat;'17;';2000;Antwerpen;;'151784,79;'211294,646;';Y;NA;5;15;Unknown;Unknown;;None;;;';;';;Y;;;;'15/01/2019 12:41:18;2;1675315;;LU;1;';';';';';Y;;HOUSE;WONING - MAISON;NA;;;';;';;Y;;;;'15/01/2019 12:41:18
;;;Zoning;6807323;'20200219142313;W03-C-Antwerpen-West-FH07;6807323;'20200219142313;W03-C-Antwerpen-West-FH07;19084;FTTH-Cu;;';';;;;;;;640603;'20191021153012;1856863;'1630000;'8209;Graaf van Egmontstraat;'17;';2000;Antwerpen;;'151784,79;'211294,646;';Y;NA;5;15;Unknown;Unknown;;None;;;';;';;Y;;;;'15/01/2019 12:41:18;3;1675316;;LU;1;';';';';';Y;;HOUSE;WONING - MAISON;NA;;;';;';;Y;;;;'15/01/2019 12:41:18
;;;Zoning;6807323;'20200219142313;W03-C-Antwerpen-West-FH07;6807323;'20200219142313;W03-C-Antwerpen-West-FH07;19084;FTTH-Cu;;';';;;;;;;640603;'20191021153012;1856863;'1630000;'8209;Graaf van Egmontstraat;'17;';2000;Antwerpen;;'151784,79;'211294,646;';Y;NA;5;15;Unknown;Unknown;;None;;;';;';;Y;;;;'15/01/2019 12:41:18;4;1675317;;LU;1;';';';';';Y;;HOUSE;WONING - MAISON;NA;;;';;';;Y;;;;'15/01/2019 12:41:18
;;;Zoning;6807323;'20200219142313;W03-C-Antwerpen-West-FH07;6807323;'20200219142313;W03-C-Antwerpen-West-FH07;19084;FTTH-Cu;;';';;;;;;;640604;'20191021153012;1856903;'1630000;'8209;Graaf van Egmontstraat;'19;';2000;Antwerpen;;'151785,148;'211289,129;';Y;NA;3;9;Unknown;Unknown;;None;;;';;';;Y;;;;'15/01/2019 12:41:18;1;1686411;;BU;1;';';';';';Y;;COMM;HANDELSZAAK - COMMERCE;NA;;;';;';;Y;;;;'15/01/2019 12:41:18
;;;Zoning;6807323;'20200219142313;W03-C-Antwerpen-West-FH07;6807323;'20200219142313;W03-C-Antwerpen-West-FH07;19084;FTTH-Cu;;';';;;;;;;640604;'20191021153012;1856903;'1630000;'8209;Graaf van Egmontstraat;'19;';2000;Antwerpen;;'151785,148;'211289,129;';Y;NA;3;9;Unknown;Unknown;;None;;;';;';;Y;;;;'15/01/2019 12:41:18;2;1686412;;LU;1;';';';';';Y;;COMM;HANDELSZAAK - COMMERCE;NA;;;';;';;Y;;;;'15/01/2019 12:41:18
;;;Zoning;6807323;'20200219142313;W03-C-Antwerpen-West-FH07;6807323;'20200219142313;W03-C-Antwerpen-West-FH07;19084;FTTH-Cu;;';';;;;;;;640604;'20191021153012;1856903;'1630000;'8209;Graaf van Egmontstraat;'19;';2000;Antwerpen;;'151785,148;'211289,129;';Y;NA;3;9;Unknown;Unknown;;None;;;';;';;Y;;;;'15/01/2019 12:41:18;3;1686413;;LU;1;';';';';';Y;;COMM;HANDELSZAAK - COMMERCE;NA;;;';;';;Y;;;;'15/01/2019 12:41:18
;;;Zoning;6807323;'20200219142313;W03-C-Antwerpen-West-FH07;6807323;'20200219142313;W03-C-Antwerpen-West-FH07;19084;FTTH-Cu;;';';;;;;;;640604;'20191021153012;1856903;'1630000;'8209;Graaf van Egmontstraat;'19;';2000;Antwerpen;;'151785,148;'211289,129;';Y;NA;3;9;Unknown;Unknown;;None;;;';;';;Y;;;;'15/01/2019 12:41:18;4;11087094;;LU;1;';';';';';;;;;;;;';;';;Y;;;;'15/01/2019 12:41:18
;;;Zoning;6807323;'20200219142313;W03-C-Antwerpen-West-FH07;6807323;'20200219142313;W03-C-Antwerpen-West-FH07;19084;FTTH-Cu;;';';;;;;;;640605;'20191021153012;1856922;'1630000;'8209;Graaf van Egmontstraat;'21;';2000;Antwerpen;;'151785,878;'211282,459;';Y;NA;4;12;Unknown;Unknown;;None;;;';;';;Y;;;;'15/01/2019 12:41:18;1;1704595;;LU;1;';';';';';Y;;HOUSE;WONING - MAISON;NA;;;';;';;Y;;;;'15/01/2019 12:41:18
;;;Zoning;6807323;'20200219142313;W03-C-Antwerpen-West-FH07;6807323;'20200219142313;W03-C-Antwerpen-West-FH07;19084;FTTH-Cu;;';';;;;;;;640605;'20191021153012;1856922;'1630000;'8209;Graaf van Egmontstraat;'21;';2000;Antwerpen;;'151785,878;'211282,459;';Y;NA;4;12;Unknown;Unknown;;None;;;';;';;Y;;;;'15/01/2019 12:41:18;2;1704596;;LU;1;';';';';';Y;;HOUSE;WONING - MAISON;NA;;;';;';;Y;;;;'15/01/2019 12:41:18
;;;Zoning;6807323;'20200219142313;W03-C-Antwerpen-West-FH07;6807323;'20200219142313;W03-C-Antwerpen-West-FH07;19084;FTTH-Cu;;';';;;;;;;640605;'20191021153012;1856922;'1630000;'8209;Graaf van Egmontstraat;'21;';2000;Antwerpen;;'151785,878;'211282,459;';Y;NA;4;12;Unknown;Unknown;;None;;;';;';;Y;;;;'15/01/2019 12:41:18;3;1704597;;LU;1;';';';';';Y;;HOUSE;WONING - MAISON;NA;;;';;';;Y;;;;'15/01/2019 12:41:18
;;;Zoning;6807323;'20200219142313;W03-C-Antwerpen-West-FH07;6807323;'20200219142313;W03-C-Antwerpen-West-FH07;19084;FTTH-Cu;;';';;;;;;;640605;'20191021153012;1856922;'1630000;'8209;Graaf van Egmontstraat;'21;';2000;Antwerpen;;'151785,878;'211282,459;';Y;NA;4;12;Unknown;Unknown;;None;;;';;';;Y;;;;'15/01/2019 12:41:18;4;11087095;;BU;1;';';';';';;;;;;;;';;';;Y;;;;'15/01/2019 12:41:18
;;;Zoning;6807323;'20200219142313;W03-C-Antwerpen-West-FH07;6807323;'20200219142313;W03-C-Antwerpen-West-FH07;19084;FTTH-Cu;;';';;;;;;;708369;'20191021153040;4516985;'1630000;'8209;Graaf van Egmontstraat;'23;';2000;Antwerpen;;'151786,511;'211274,735;';Y;NA;3;9;Unknown;Unknown;;None;;;';;';;Y;;;;'15/01/2019 12:41:18;1;1713668;;BU;1;';';';';';Y;;HOUSE;WONING - MAISON;NA;;;';;';;Y;;;;'15/01/2019 12:41:18
;;;Zoning;6807323;'20200219142313;W03-C-Antwerpen-West-FH07;6807323;'20200219142313;W03-C-Antwerpen-West-FH07;19084;FTTH-Cu;;';';;;;;;;640607;'20191021153039;1856970;'1630000;'8209;Graaf van Egmontstraat;'25;';2000;Antwerpen;;'151786,6;'211269,312;';Y;NA;3;9;Unknown;Unknown;;None;;;';;';;Y;;;;'15/01/2019 12:41:18;1;1722016;;LU;1;';';';';';Y;;APTBLD;APPARTEMENTSGEBOUW - IMMEUBLE A APPARTEMENTS;NA;;;';;';;Y;;;;'15/01/2019 12:41:18
;;;Zoning;6807323;'20200219142313;W03-C-Antwerpen-West-FH07;6807323;'20200219142313;W03-C-Antwerpen-West-FH07;19084;FTTH-Cu;;';';;;;;;;640607;'20191021153039;1856970;'1630000;'8209;Graaf van Egmontstraat;'25;';2000;Antwerpen;;'151786,6;'211269,312;';Y;NA;3;9;Unknown;Unknown;;None;;;';;';;Y;;;;'15/01/2019 12:41:18;2;1722017;;LU;1;';';';';';Y;;APTBLD;APPARTEMENTSGEBOUW - IMMEUBLE A APPARTEMENTS;NA;;;';;';;Y;;;;'15/01/2019 12:41:18
;;;Zoning;6807323;'20200219142313;W03-C-Antwerpen-West-FH07;6807323;'20200219142313;W03-C-Antwerpen-West-FH07;19084;FTTH-Cu;;';';;;;;;;640607;'20191021153039;1856970;'1630000;'8209;Graaf van Egmontstraat;'25;';2000;Antwerpen;;'151786,6;'211269,312;';Y;NA;3;9;Unknown;Unknown;;None;;;';;';;Y;;;;'15/01/2019 12:41:18;3;1722018;;LU;1;';';';';';Y;;APTBLD;APPARTEMENTSGEBOUW - IMMEUBLE A APPARTEMENTS;NA;;;';;';;Y;;;;'15/01/2019 12:41:18
;;;Zoning;6807323;'20200219142313;W03-C-Antwerpen-West-FH07;6807323;'20200219142313;W03-C-Antwerpen-West-FH07;19084;FTTH-Cu;11382569;'20191021153324;'Graaf van Egmontstraat 25 A - 31;;;;;;;11378561;'20191021153050;1856979;'1630000;'8209;Graaf van Egmontstraat;'25;'A;2000;Antwerpen;;'151799,96;'211268,25;';Y;NA;1;4;Unknown;Unknown;;None;;;';IFH_BATCH;'12/07/2019 07:42:16;;Y;;;;'12/07/2019 07:28:35;1;11086130;;LU;1;';';';';';;;;;;;;';;';;Y;;;;'12/07/2019 07:28:35
;;;Zoning;6807323;'20200219142313;W03-C-Antwerpen-West-FH07;6807323;'20200219142313;W03-C-Antwerpen-West-FH07;19084;FTTH-Cu;11382569;'20191021153324;'Graaf van Egmontstraat 25 A - 31;;;;;;;11378561;'20191021153050;1856979;'1630000;'8209;Graaf van Egmontstraat;'25;'A;2000;Antwerpen;;'151799,96;'211268,25;';Y;NA;1;4;Unknown;Unknown;;None;;;';IFH_BATCH;'12/07/2019 07:42:16;;Y;;;;'12/07/2019 07:28:35;2;11086131;;LU;1;';';';';';;;;;;;;';;';;Y;;;;'12/07/2019 07:28:35
;;;Zoning;6807323;'20200219142313;W03-C-Antwerpen-West-FH07;6807323;'20200219142313;W03-C-Antwerpen-West-FH07;19084;FTTH-Cu;11382569;'20191021153324;'Graaf van Egmontstraat 25 A - 31;;;;;;;11378561;'20191021153050;1856979;'1630000;'8209;Graaf van Egmontstraat;'25;'A;2000;Antwerpen;;'151799,96;'211268,25;';Y;NA;1;4;Unknown;Unknown;;None;;;';IFH_BATCH;'12/07/2019 07:42:16;;Y;;;;'12/07/2019 07:28:35;3;11086132;;LU;1;';';';';';;;;;;;;';;';;Y;;;;'12/07/2019 07:28:35
;;;Zoning;6807323;'20200219142313;W03-C-Antwerpen-West-FH07;6807323;'20200219142313;W03-C-Antwerpen-West-FH07;19084;FTTH-Cu;11382569;'20191021153324;'Graaf van Egmontstraat 25 A - 31;;;;;;;11378561;'20191021153050;1856979;'1630000;'8209;Graaf van Egmontstraat;'25;'A;2000;Antwerpen;;'151799,96;'211268,25;';Y;NA;1;4;Unknown;Unknown;;None;;;';IFH_BATCH;'12/07/2019 07:42:16;;Y;;;;'12/07/2019 07:28:35;4;11086133;;LU;1;';';';';';;;;;;;;';;';;Y;;;;'12/07/2019 07:28:35
;;;Zoning;6807323;'20200219142313;W03-C-Antwerpen-West-FH07;6807323;'20200219142313;W03-C-Antwerpen-West-FH07;19084;FTTH-Cu;11382569;'20191021153324;'Graaf van Egmontstraat 25 A - 31;;;;;;;11378561;'20191021153050;1856979;'1630000;'8209;Graaf van Egmontstraat;'25;'A;2000;Antwerpen;;'151799,96;'211268,25;';Y;NA;1;4;Unknown;Unknown;;None;;;';IFH_BATCH;'12/07/2019 07:42:16;;Y;;;;'12/07/2019 07:28:35;5;11086134;;LU;1;';';';';';;;;;;;;';;';;Y;;;;'12/07/2019 07:28:35
;;;Zoning;6807323;'20200219142313;W03-C-Antwerpen-West-FH07;6807323;'20200219142313;W03-C-Antwerpen-West-FH07;19084;FTTH-Cu;11382569;'20191021153324;'Graaf van Egmontstraat 25 A - 31;;;;;;;11378561;'20191021153050;1856979;'1630000;'8209;Graaf van Egmontstraat;'25;'A;2000;Antwerpen;;'151799,96;'211268,25;';Y;NA;1;4;Unknown;Unknown;;None;;;';IFH_BATCH;'12/07/2019 07:42:16;;Y;;;;'12/07/2019 07:28:35;6;11086135;;LU;1;';';';';';;;;;;;;';;';;Y;;;;'12/07/2019 07:28:35
;;;Zoning;6807323;'20200219142313;W03-C-Antwerpen-West-FH07;6807323;'20200219142313;W03-C-Antwerpen-West-FH07;19084;FTTH-Cu;11382569;'20191021153324;'Graaf van Egmontstraat 25 A - 31;;;;;;;11378561;'20191021153050;1856979;'1630000;'8209;Graaf van Egmontstraat;'25;'A;2000;Antwerpen;;'151799,96;'211268,25;';Y;NA;1;4;Unknown;Unknown;;None;;;';IFH_BATCH;'12/07/2019 07:42:16;;Y;;;;'12/07/2019 07:28:35;7;11086136;;LU;1;';';';';';;;;;;;;';;';;Y;;;;'12/07/2019 07:28:35
;;;Zoning;6807323;'20200219142313;W03-C-Antwerpen-West-FH07;6807323;'20200219142313;W03-C-Antwerpen-West-FH07;19084;FTTH-Cu;11382569;'20191021153324;'Graaf van Egmontstraat 25 A - 31;;;;;;;11378561;'20191021153050;1856979;'1630000;'8209;Graaf van Egmontstraat;'25;'A;2000;Antwerpen;;'151799,96;'211268,25;';Y;NA;1;4;Unknown;Unknown;;None;;;';IFH_BATCH;'12/07/2019 07:42:16;;Y;;;;'12/07/2019 07:28:35;8;11086137;;LU;1;';';';';';;;;;;;;';;';;Y;;;;'12/07/2019 07:28:35
;;;Zoning;6807323;'20200219142313;W03-C-Antwerpen-West-FH07;6807323;'20200219142313;W03-C-Antwerpen-West-FH07;19084;FTTH-Cu;11382569;'20191021153324;'Graaf van Egmontstraat 25 A - 31;;;;;;;11378561;'20191021153050;1856979;'1630000;'8209;Graaf van Egmontstraat;'25;'A;2000;Antwerpen;;'151799,96;'211268,25;';Y;NA;1;4;Unknown;Unknown;;None;;;';IFH_BATCH;'12/07/2019 07:42:16;;Y;;;;'12/07/2019 07:28:35;9;11086138;;LU;1;';';';';';;;;;;;;';;';;Y;;;;'12/07/2019 07:28:35
;;;Zoning;6807323;'20200219142313;W03-C-Antwerpen-West-FH07;6807323;'20200219142313;W03-C-Antwerpen-West-FH07;19084;FTTH-Cu;11382569;'20191021153324;'Graaf van Egmontstraat 25 A - 31;;;;;;;11378561;'20191021153050;1856979;'1630000;'8209;Graaf van Egmontstraat;'25;'A;2000;Antwerpen;;'151799,96;'211268,25;';Y;NA;1;4;Unknown;Unknown;;None;;;';IFH_BATCH;'12/07/2019 07:42:16;;Y;;;;'12/07/2019 07:28:35;10;11086139;;LU;1;';';';';';;;;;;;;';;';;Y;;;;'12/07/2019 07:28:35
;;;Zoning;6807323;'20200219142313;W03-C-Antwerpen-West-FH07;6807323;'20200219142313;W03-C-Antwerpen-West-FH07;19084;FTTH-Cu;11382569;'20191021153324;'Graaf van Egmontstraat 25 A - 31;;;;;;;11378561;'20191021153050;1856979;'1630000;'8209;Graaf van Egmontstraat;'25;'A;2000;Antwerpen;;'151799,96;'211268,25;';Y;NA;1;4;Unknown;Unknown;;None;;;';IFH_BATCH;'12/07/2019 07:42:16;;Y;;;;'12/07/2019 07:28:35;11;11086140;;LU;1;';';';';';;;;;;;;';;';;Y;;;;'12/07/2019 07:28:35
;;;Zoning;6807323;'20200219142313;W03-C-Antwerpen-West-FH07;6807323;'20200219142313;W03-C-Antwerpen-West-FH07;19084;FTTH-Cu;11382569;'20191021153324;'Graaf van Egmontstraat 25 A - 31;;;;;;;11378561;'20191021153050;1856979;'1630000;'8209;Graaf van Egmontstraat;'25;'A;2000;Antwerpen;;'151799,96;'211268,25;';Y;NA;1;4;Unknown;Unknown;;None;;;';IFH_BATCH;'12/07/2019 07:42:16;;Y;;;;'12/07/2019 07:28:35;12;11086141;;LU;1;';';';';';;;;;;;;';;';;Y;;;;'12/07/2019 07:28:35
;;;Zoning;6807323;'20200219142313;W03-C-Antwerpen-West-FH07;6807323;'20200219142313;W03-C-Antwerpen-West-FH07;19084;FTTH-Cu;11382569;'20191021153324;'Graaf van Egmontstraat 25 A - 31;;;;;;;11378561;'20191021153050;1856979;'1630000;'8209;Graaf van Egmontstraat;'25;'A;2000;Antwerpen;;'151799,96;'211268,25;';Y;NA;1;4;Unknown;Unknown;;None;;;';IFH_BATCH;'12/07/2019 07:42:16;;Y;;;;'12/07/2019 07:28:35;13;11086142;;LU;1;';';';';';;;;;;;;';;';;Y;;;;'12/07/2019 07:28:35
;;;Zoning;6807323;'20200219142313;W03-C-Antwerpen-West-FH07;6807323;'20200219142313;W03-C-Antwerpen-West-FH07;19084;FTTH-Cu;11382569;'20191021153324;'Graaf van Egmontstraat 25 A - 31;;;;;;;11378561;'20191021153050;1856979;'1630000;'8209;Graaf van Egmontstraat;'25;'A;2000;Antwerpen;;'151799,96;'211268,25;';Y;NA;1;4;Unknown;Unknown;;None;;;';IFH_BATCH;'12/07/2019 07:42:16;;Y;;;;'12/07/2019 07:28:35;14;11086143;;LU;1;';';';';';;;;;;;;';;';;Y;;;;'12/07/2019 07:28:35
;;;Zoning;6807323;'20200219142313;W03-C-Antwerpen-West-FH07;6807323;'20200219142313;W03-C-Antwerpen-West-FH07;19084;FTTH-Cu;11382569;'20191021153324;'Graaf van Egmontstraat 25 A - 31;;;;;;;11378561;'20191021153050;1856979;'1630000;'8209;Graaf van Egmontstraat;'25;'A;2000;Antwerpen;;'151799,96;'211268,25;';Y;NA;1;4;Unknown;Unknown;;None;;;';IFH_BATCH;'12/07/2019 07:42:16;;Y;;;;'12/07/2019 07:28:35;15;11086144;;LU;1;';';';';';;;;;;;;';;';;Y;;;;'12/07/2019 07:28:35
;;;Zoning;6807323;'20200219142313;W03-C-Antwerpen-West-FH07;6807323;'20200219142313;W03-C-Antwerpen-West-FH07;19084;FTTH-Cu;11382569;'20191021153324;'Graaf van Egmontstraat 25 A - 31;;;;;;;11378561;'20191021153050;1856979;'1630000;'8209;Graaf van Egmontstraat;'25;'A;2000;Antwerpen;;'151799,96;'211268,25;';Y;NA;1;4;Unknown;Unknown;;None;;;';IFH_BATCH;'12/07/2019 07:42:16;;Y;;;;'12/07/2019 07:28:35;16;11086145;;LU;1;';';';';';;;;;;;;';;';;Y;;;;'12/07/2019 07:28:35
;;;Zoning;6807323;'20200219142313;W03-C-Antwerpen-West-FH07;6807323;'20200219142313;W03-C-Antwerpen-West-FH07;19084;FTTH-Cu;;';';;;;;;;640609;'20191021153141;1857015;'1630000;'8209;Graaf van Egmontstraat;'27;';2000;Antwerpen;;'151786,156;'211262,187;';Y;NA;4;4;Unknown;Unknown;;None;;;';IFH_BATCH;'12/07/2019 07:41:46;;Y;;;;'12/07/2019 07:28:35;1;1729646;;LU;1;';';';';';Y;;HOUSE;WONING - MAISON;NA;;;';;';;Y;;;;'12/07/2019 07:28:35
;;;Zoning;6807323;'20200219142313;W03-C-Antwerpen-West-FH07;6807323;'20200219142313;W03-C-Antwerpen-West-FH07;19084;FTTH-Cu;;';';;;;;;;640609;'20191021153141;1857015;'1630000;'8209;Graaf van Egmontstraat;'27;';2000;Antwerpen;;'151786,156;'211262,187;';Y;NA;4;4;Unknown;Unknown;;None;;;';IFH_BATCH;'12/07/2019 07:41:46;;Y;;;;'12/07/2019 07:28:35;2;1729647;;LU;1;';';';';';Y;;HOUSE;WONING - MAISON;NA;;;';;';;Y;;;;'12/07/2019 07:28:35
;;;Zoning;6807323;'20200219142313;W03-C-Antwerpen-West-FH07;6807323;'20200219142313;W03-C-Antwerpen-West-FH07;19084;FTTH-Cu;;';';;;;;;;640609;'20191021153141;1857015;'1630000;'8209;Graaf van Egmontstraat;'27;';2000;Antwerpen;;'151786,156;'211262,187;';Y;NA;4;4;Unknown;Unknown;;None;;;';IFH_BATCH;'12/07/2019 07:41:46;;Y;;;;'12/07/2019 07:28:35;3;1729648;;LU;1;';';';';';Y;;HOUSE;WONING - MAISON;NA;;;';;';;Y;;;;'12/07/2019 07:28:35
;;;Zoning;6807323;'20200219142313;W03-C-Antwerpen-West-FH07;6807323;'20200219142313;W03-C-Antwerpen-West-FH07;19084;FTTH-Cu;;';';;;;;;;640609;'20191021153141;1857015;'1630000;'8209;Graaf van Egmontstraat;'27;';2000;Antwerpen;;'151786,156;'211262,187;';Y;NA;4;4;Unknown;Unknown;;None;;;';IFH_BATCH;'12/07/2019 07:41:46;;Y;;;;'12/07/2019 07:28:35;4;1729649;;LU;1;';';';';';Y;;HOUSE;WONING - MAISON;NA;;;';;';;Y;;;;'12/07/2019 07:28:35
;;;Zoning;6807323;'20200219142313;W03-C-Antwerpen-West-FH07;6807323;'20200219142313;W03-C-Antwerpen-West-FH07;19084;FTTH-Cu;;';';;;;;;;640611;'20191021153142;1857030;'1630000;'8209;Graaf van Egmontstraat;'29;';2000;Antwerpen;;'151785,978;'211256,121;';Y;NA;4;4;Unknown;Unknown;;None;;;';IFH_BATCH;'12/07/2019 07:41:49;;Y;;;;'12/07/2019 07:28:35;1;1736843;;LU;1;';';';';';Y;;HOUSE;WONING - MAISON;NA;;;';;';;Y;;;;'12/07/2019 07:28:35
;;;Zoning;6807323;'20200219142313;W03-C-Antwerpen-West-FH07;6807323;'20200219142313;W03-C-Antwerpen-West-FH07;19084;FTTH-Cu;;';';;;;;;;640611;'20191021153142;1857030;'1630000;'8209;Graaf van Egmontstraat;'29;';2000;Antwerpen;;'151785,978;'211256,121;';Y;NA;4;4;Unknown;Unknown;;None;;;';IFH_BATCH;'12/07/2019 07:41:49;;Y;;;;'12/07/2019 07:28:35;2;1736844;;LU;1;';';';';';Y;;HOUSE;WONING - MAISON;NA;;;';;';;Y;;;;'12/07/2019 07:28:35
;;;Zoning;6807323;'20200219142313;W03-C-Antwerpen-West-FH07;6807323;'20200219142313;W03-C-Antwerpen-West-FH07;19084;FTTH-Cu;11382569;'20191021153324;'Graaf van Egmontstraat 25 A - 31;;;;;;;640613;'20190712080921;1857049;'1630000;'8209;Graaf van Egmontstraat;'31;';2000;Antwerpen;;'151802,519;'211256,799;';Y;NA;1;4;Unknown;Unknown;;None;;;';IFH_BATCH;'12/07/2019 07:41:51;;Y;;;;'12/07/2019 07:28:35;1;1749228;;LU;1;';';';';';Y;;HOUSE;WONING - MAISON;NA;;;';;';;Y;;;;'12/07/2019 07:28:35
;;;Zoning;6807323;'20200219142313;W03-C-Antwerpen-West-FH07;6807323;'20200219142313;W03-C-Antwerpen-West-FH07;19084;FTTH-Cu;;';';;;;;;;11378563;'20191021153342;1857055;'1630000;'8209;Graaf van Egmontstraat;'31;'A;2000;Antwerpen;;'151786,734;'211247,994;';Y;NA;3;4;Unknown;Unknown;;None;;;';IFH_BATCH;'12/07/2019 07:42:18;;Y;;;;'12/07/2019 07:28:35;1;11086146;;LU;1;';';';';';;;;;;;;';;';;Y;;;;'12/07/2019 07:28:35
;;;Zoning;6807323;'20200219142313;W03-C-Antwerpen-West-FH07;6807323;'20200219142313;W03-C-Antwerpen-West-FH07;19084;FTTH-Cu;;';';;;;;;;11378563;'20191021153342;1857055;'1630000;'8209;Graaf van Egmontstraat;'31;'A;2000;Antwerpen;;'151786,734;'211247,994;';Y;NA;3;4;Unknown;Unknown;;None;;;';IFH_BATCH;'12/07/2019 07:42:18;;Y;;;;'12/07/2019 07:28:35;2;11086147;;SU;1;';';';';';;;;;;;;';;';;Y;;;;'12/07/2019 07:28:35
;;;Zoning;6807323;'20200219142313;W03-C-Antwerpen-West-FH07;6807323;'20200219142313;W03-C-Antwerpen-West-FH07;19084;FTTH-Cu;;';';;;;;;;11378563;'20191021153342;1857055;'1630000;'8209;Graaf van Egmontstraat;'31;'A;2000;Antwerpen;;'151786,734;'211247,994;';Y;NA;3;4;Unknown;Unknown;;None;;;';IFH_BATCH;'12/07/2019 07:42:18;;Y;;;;'12/07/2019 07:28:35;3;11086148;;LU;1;';';';';';;;;;;;;';;';;Y;;;;'12/07/2019 07:28:35
;;;Zoning;6807323;'20200219142313;W03-C-Antwerpen-West-FH07;6807323;'20200219142313;W03-C-Antwerpen-West-FH07;19084;FTTH-Cu;;';';;;;;;;11378563;'20191021153342;1857055;'1630000;'8209;Graaf van Egmontstraat;'31;'A;2000;Antwerpen;;'151786,734;'211247,994;';Y;NA;3;4;Unknown;Unknown;;None;;;';IFH_BATCH;'12/07/2019 07:42:18;;Y;;;;'12/07/2019 07:28:35;4;11086149;;SU;1;';';';';';;;;;;;;';;';;Y;;;;'12/07/2019 07:28:35
;;;Zoning;6807323;'20200219142313;W03-C-Antwerpen-West-FH07;6807323;'20200219142313;W03-C-Antwerpen-West-FH07;19084;FTTH-Cu;;';';;;;;;;640614;'20191021153356;1857065;'1630000;'8209;Graaf van Egmontstraat;'33;';2000;Antwerpen;;'151786,938;'211240,721;';N;ORN;4;0;Unknown;Unknown;;None;;;';IFH_BATCH;'12/07/2019 07:41:54;;Y;;;;'12/07/2019 07:28:35;1;1755243;;BU;1;';';';';';Y;;HOUSE;WONING - MAISON;NA;;;';;';;Y;;;;'12/07/2019 07:28:35
;;;Zoning;6807323;'20200219142313;W03-C-Antwerpen-West-FH07;6807323;'20200219142313;W03-C-Antwerpen-West-FH07;19084;FTTH-Cu;;';';;;;;;;726196;'20191021153404;976244;'1630000;'8209;Graaf van Egmontstraat;'35;';2000;Antwerpen;;'151787,933;'211231,118;';Y;NA;5;15;Unknown;Unknown;;None;;;';;';;Y;;;;'15/01/2019 12:41:18;1;1761300;;LU;1;';';';';';Y;;APTBLD;APPARTEMENTSGEBOUW - IMMEUBLE A APPARTEMENTS;NA;;;';;';;Y;;;;'15/01/2019 12:41:18
;;;Zoning;6807323;'20200219142313;W03-C-Antwerpen-West-FH07;6807323;'20200219142313;W03-C-Antwerpen-West-FH07;19084;FTTH-Cu;;';';;;;;;;726196;'20191021153404;976244;'1630000;'8209;Graaf van Egmontstraat;'35;';2000;Antwerpen;;'151787,933;'211231,118;';Y;NA;5;15;Unknown;Unknown;;None;;;';;';;Y;;;;'15/01/2019 12:41:18;2;1761301;;LU;1;';';';';';Y;;APTBLD;APPARTEMENTSGEBOUW - IMMEUBLE A APPARTEMENTS;NA;;;';;';;Y;;;;'15/01/2019 12:41:18
;;;Zoning;6807323;'20200219142313;W03-C-Antwerpen-West-FH07;6807323;'20200219142313;W03-C-Antwerpen-West-FH07;19084;FTTH-Cu;;';';;;;;;;726196;'20191021153404;976244;'1630000;'8209;Graaf van Egmontstraat;'35;';2000;Antwerpen;;'151787,933;'211231,118;';Y;NA;5;15;Unknown;Unknown;;None;;;';;';;Y;;;;'15/01/2019 12:41:18;3;1761302;;LU;1;';';';';';Y;;APTBLD;APPARTEMENTSGEBOUW - IMMEUBLE A APPARTEMENTS;NA;;;';;';;Y;;;;'15/01/2019 12:41:18
;;;Zoning;6807323;'20200219142313;W03-C-Antwerpen-West-FH07;6807323;'20200219142313;W03-C-Antwerpen-West-FH07;19084;FTTH-Cu;;';';;;;;;;726196;'20191021153404;976244;'1630000;'8209;Graaf van Egmontstraat;'35;';2000;Antwerpen;;'151787,933;'211231,118;';Y;NA;5;15;Unknown;Unknown;;None;;;';;';;Y;;;;'15/01/2019 12:41:18;4;1761303;;LU;1;';';';';';Y;;APTBLD;APPARTEMENTSGEBOUW - IMMEUBLE A APPARTEMENTS;NA;;;';;';;Y;;;;'15/01/2019 12:41:18
;;;Zoning;6807323;'20200219142313;W03-C-Antwerpen-West-FH07;6807323;'20200219142313;W03-C-Antwerpen-West-FH07;19084;FTTH-Cu;;';';;;;;;;726196;'20191021153404;976244;'1630000;'8209;Graaf van Egmontstraat;'35;';2000;Antwerpen;;'151787,933;'211231,118;';Y;NA;5;15;Unknown;Unknown;;None;;;';;';;Y;;;;'15/01/2019 12:41:18;5;11087096;;LU;1;';';';';';;;;;;;;';;';;Y;;;;'15/01/2019 12:41:18
;;;Zoning;6807323;'20200219142313;W03-C-Antwerpen-West-FH07;6807323;'20200219142313;W03-C-Antwerpen-West-FH07;19084;FTTH-Cu;;';';;;;;;;691827;'20191021153422;3997468;'1630000;'8209;Graaf van Egmontstraat;'35;'A;2000;Antwerpen;;'151787,373;'211216,435;';Y;NA;5;15;Unknown;Unknown;;None;;;';;';;Y;;;;'15/01/2019 12:41:18;1;1759469;;LU;1;';';';';';Y;#A1/BU;APPART;DEEL_APP_GEBOUW - PARTIE_IMMEUBLE_APP;APPART;;;';;';;Y;;;;'15/01/2019 12:41:18
;;;Zoning;6807323;'20200219142313;W03-C-Antwerpen-West-FH07;6807323;'20200219142313;W03-C-Antwerpen-West-FH07;19084;FTTH-Cu;;';';;;;;;;691827;'20191021153422;3997468;'1630000;'8209;Graaf van Egmontstraat;'35;'A;2000;Antwerpen;;'151787,373;'211216,435;';Y;NA;5;15;Unknown;Unknown;;None;;;';;';;Y;;;;'15/01/2019 12:41:18;2;1759605;;BU;1;';';';';';Y;#A2/DAK.;APPART;DEEL_APP_GEBOUW - PARTIE_IMMEUBLE_APP;APPART;;;';;';;Y;;;;'15/01/2019 12:41:18
;;;Zoning;6807323;'20200219142313;W03-C-Antwerpen-West-FH07;6807323;'20200219142313;W03-C-Antwerpen-West-FH07;19084;FTTH-Cu;;';';;;;;;;691827;'20191021153422;3997468;'1630000;'8209;Graaf van Egmontstraat;'35;'A;2000;Antwerpen;;'151787,373;'211216,435;';Y;NA;5;15;Unknown;Unknown;;None;;;';;';;Y;;;;'15/01/2019 12:41:18;3;1759856;;BU;1;';';';';';Y;#GV/MAG/S.L/S.R;APPART;DEEL_APP_GEBOUW - PARTIE_IMMEUBLE_APP;;;;';;';;Y;;;;'15/01/2019 12:41:18
;;;Zoning;6807323;'20200219142313;W03-C-Antwerpen-West-FH07;6807323;'20200219142313;W03-C-Antwerpen-West-FH07;19084;FTTH-Cu;;';';;;;;;;618267;'20191021153422;1447842;'1630000;'8209;Graaf van Egmontstraat;'37;';2000;Antwerpen;;'151788,278;'211203,888;';Y;NA;4;4;Unknown;Unknown;;None;;;';IFH_BATCH;'12/07/2019 07:41:57;;Y;;;;'12/07/2019 07:28:35;1;1764798;;LU;1;';';';';';Y;#A1/APP1/;APPART;DEEL_APP_GEBOUW - PARTIE_IMMEUBLE_APP;APPART;;;';;';;Y;;;;'12/07/2019 07:28:35
;;;Zoning;6807323;'20200219142313;W03-C-Antwerpen-West-FH07;6807323;'20200219142313;W03-C-Antwerpen-West-FH07;19084;FTTH-Cu;;';';;;;;;;618267;'20191021153422;1447842;'1630000;'8209;Graaf van Egmontstraat;'37;';2000;Antwerpen;;'151788,278;'211203,888;';Y;NA;4;4;Unknown;Unknown;;None;;;';IFH_BATCH;'12/07/2019 07:41:57;;Y;;;;'12/07/2019 07:28:35;2;1764914;;LU;1;';';';';';Y;#A2.3/APP3/;APPART;DEEL_APP_GEBOUW - PARTIE_IMMEUBLE_APP;APPART;;;';;';;Y;;;;'12/07/2019 07:28:35
;;;Zoning;6807323;'20200219142313;W03-C-Antwerpen-West-FH07;6807323;'20200219142313;W03-C-Antwerpen-West-FH07;19084;FTTH-Cu;;';';;;;;;;618267;'20191021153422;1447842;'1630000;'8209;Graaf van Egmontstraat;'37;';2000;Antwerpen;;'151788,278;'211203,888;';Y;NA;4;4;Unknown;Unknown;;None;;;';IFH_BATCH;'12/07/2019 07:41:57;;Y;;;;'12/07/2019 07:28:35;3;1764943;;LU;1;';';';';';Y;#A2/APP2/;APPART;DEEL_APP_GEBOUW - PARTIE_IMMEUBLE_APP;APPART;;;';;';;Y;;;;'12/07/2019 07:28:35
;;;Zoning;6807323;'20200219142313;W03-C-Antwerpen-West-FH07;6807323;'20200219142313;W03-C-Antwerpen-West-FH07;19084;FTTH-Cu;;';';;;;;;;618267;'20191021153422;1447842;'1630000;'8209;Graaf van Egmontstraat;'37;';2000;Antwerpen;;'151788,278;'211203,888;';Y;NA;4;4;Unknown;Unknown;;None;;;';IFH_BATCH;'12/07/2019 07:41:57;;Y;;;;'12/07/2019 07:28:35;4;1765321;;BU;1;';';';';';Y;#HA.GV/K1@5-G.GV;APPART;DEEL_APP_GEBOUW - PARTIE_IMMEUBLE_APP;COMM;;;';;';;Y;;;;'12/07/2019 07:28:35
;;;Zoning;6807323;'20200219142313;W03-C-Antwerpen-West-FH07;6807323;'20200219142313;W03-C-Antwerpen-West-FH07;19084;FTTH-Cu;;';';;;;;;;618267;'20191021153422;1447842;'1630000;'8209;Graaf van Egmontstraat;'37;';2000;Antwerpen;;'151788,278;'211203,888;';Y;NA;4;4;Unknown;Unknown;;None;;;';IFH_BATCH;'12/07/2019 07:41:57;;Y;;;;'12/07/2019 07:28:35;5;11087097;;SU;1;';';';';';;;;;;;;';;';;Y;;;;'12/07/2019 07:28:35
;;;Zoning;6807323;'20200219142313;W03-C-Antwerpen-West-FH07;6807323;'20200219142313;W03-C-Antwerpen-West-FH07;19084;FTTH-Cu;11382508;'20191021153527;'Graaf van Egmontstraat 39 - 39 A - 41;;;;;;;11378830;'20190117011206;4085699;'1630000;'8209;Graaf van Egmontstraat;'39;'A;2000;Antwerpen;;'151789;'211194;';Y;NA;2;6;Unknown;Unknown;;None;;;';;';;Y;;;;'15/01/2019 12:41:18;1;11086284;;BU;1;';';';';';;;;;;;;';;';;Y;;;;'15/01/2019 12:41:18
;;;Zoning;6807323;'20200219142313;W03-C-Antwerpen-West-FH07;6807323;'20200219142313;W03-C-Antwerpen-West-FH07;19084;FTTH-Cu;11382508;'20191021153527;'Graaf van Egmontstraat 39 - 39 A - 41;;;;;;;11378829;'20190712080946;1290590;'1630000;'8209;Graaf van Egmontstraat;'41;';2000;Antwerpen;;'151789;'211183;';Y;NA;2;4;Unknown;Unknown;;None;;;';IFH_BATCH;'12/07/2019 07:44:41;;Y;;;;'12/07/2019 07:28:35;1;11086283;;BU;1;';';';';';;;;;;;;';;';;Y;;;;'12/07/2019 07:28:35
;;;Zoning;6807323;'20200219142313;W03-C-Antwerpen-West-FH07;6807323;'20200219142313;W03-C-Antwerpen-West-FH07;19084;FTTH-Cu;;';';;;;;;;640618;'20191021153443;1857196;'1630000;'8209;Graaf van Egmontstraat;'43;';2000;Antwerpen;;'151788,507;'211175,314;';Y;NA;3;9;Unknown;Unknown;;None;;;';;';;Y;;;;'15/01/2019 12:41:18;1;1785991;;LU;1;';';';';';Y;;HOUSE;WONING - MAISON;NA;;;';;';;Y;;;;'15/01/2019 12:41:18
;;;Zoning;6807323;'20200219142313;W03-C-Antwerpen-West-FH07;6807323;'20200219142313;W03-C-Antwerpen-West-FH07;19084;FTTH-Cu;;';';;;;;;;640618;'20191021153443;1857196;'1630000;'8209;Graaf van Egmontstraat;'43;';2000;Antwerpen;;'151788,507;'211175,314;';Y;NA;3;9;Unknown;Unknown;;None;;;';;';;Y;;;;'15/01/2019 12:41:18;2;11087100;;LU;1;';';';';';;;;;;;;';;';;Y;;;;'15/01/2019 12:41:18
;;;Zoning;6807323;'20200219142313;W03-C-Antwerpen-West-FH07;6807323;'20200219142313;W03-C-Antwerpen-West-FH07;19084;FTTH-Cu;;';';;;;;;;640618;'20191021153443;1857196;'1630000;'8209;Graaf van Egmontstraat;'43;';2000;Antwerpen;;'151788,507;'211175,314;';Y;NA;3;9;Unknown;Unknown;;None;;;';;';;Y;;;;'15/01/2019 12:41:18;3;11087101;;LU;1;';';';';';;;;;;;;';;';;Y;;;;'15/01/2019 12:41:18
;;;Zoning;6807323;'20200219142313;W03-C-Antwerpen-West-FH07;6807323;'20200219142313;W03-C-Antwerpen-West-FH07;19084;FTTH-Cu;;';';;;;;;;640618;'20191021153443;1857196;'1630000;'8209;Graaf van Egmontstraat;'43;';2000;Antwerpen;;'151788,507;'211175,314;';Y;NA;3;9;Unknown;Unknown;;None;;;';;';;Y;;;;'15/01/2019 12:41:18;4;11087102;;LU;1;';';';';';;;;;;;;';;';;Y;;;;'15/01/2019 12:41:18
;;;Zoning;6807323;'20200219142313;W03-C-Antwerpen-West-FH07;6807323;'20200219142313;W03-C-Antwerpen-West-FH07;19084;FTTH-Cu;;';';;;;;;;640618;'20191021153443;1857196;'1630000;'8209;Graaf van Egmontstraat;'43;';2000;Antwerpen;;'151788,507;'211175,314;';Y;NA;3;9;Unknown;Unknown;;None;;;';;';;Y;;;;'15/01/2019 12:41:18;5;11087103;;LU;1;';';';';';;;;;;;;';;';;Y;;;;'15/01/2019 12:41:18
;;;Zoning;6807323;'20200219142313;W03-C-Antwerpen-West-FH07;6807323;'20200219142313;W03-C-Antwerpen-West-FH07;19084;FTTH-Cu;;';';;;;;;;640619;'20191021153444;1857207;'1630000;'8209;Graaf van Egmontstraat;'45;';2000;Antwerpen;;'151788,62;'211169,921;';Y;NA;4;12;Unknown;Unknown;;None;;;';;';;Y;;;;'15/01/2019 12:41:18;1;1790481;;LU;1;';';';';';Y;;HOUSE;WONING - MAISON;NA;;;';;';;Y;;;;'15/01/2019 12:41:18
;;;Zoning;6807323;'20200219142313;W03-C-Antwerpen-West-FH07;6807323;'20200219142313;W03-C-Antwerpen-West-FH07;19084;FTTH-Cu;;';';;;;;;;640621;'20191021153444;1857228;'1630000;'8209;Graaf van Egmontstraat;'47;';2000;Antwerpen;;'151788,155;'211164,154;';Y;NA;4;4;Unknown;Unknown;;None;;;';IFH_BATCH;'12/07/2019 07:42:03;;Y;;;;'12/07/2019 07:28:35;1;1794916;;BU;1;';';';';';Y;;COMM;HANDELSZAAK - COMMERCE;NA;;;';;';;Y;;;;'12/07/2019 07:28:35
;;;Zoning;6807323;'20200219142313;W03-C-Antwerpen-West-FH07;6807323;'20200219142313;W03-C-Antwerpen-West-FH07;19084;FTTH-Cu;;';';;;;;;;640621;'20191021153444;1857228;'1630000;'8209;Graaf van Egmontstraat;'47;';2000;Antwerpen;;'151788,155;'211164,154;';Y;NA;4;4;Unknown;Unknown;;None;;;';IFH_BATCH;'12/07/2019 07:42:03;;Y;;;;'12/07/2019 07:28:35;2;1794917;;LU;1;';';';';';Y;;COMM;HANDELSZAAK - COMMERCE;NA;;;';;';;Y;;;;'12/07/2019 07:28:35
;;;Zoning;6807323;'20200219142313;W03-C-Antwerpen-West-FH07;6807323;'20200219142313;W03-C-Antwerpen-West-FH07;19084;FTTH-Cu;;';';;;;;;;640621;'20191021153444;1857228;'1630000;'8209;Graaf van Egmontstraat;'47;';2000;Antwerpen;;'151788,155;'211164,154;';Y;NA;4;4;Unknown;Unknown;;None;;;';IFH_BATCH;'12/07/2019 07:42:03;;Y;;;;'12/07/2019 07:28:35;3;1794918;;LU;1;';';';';';Y;;COMM;HANDELSZAAK - COMMERCE;NA;;;';;';;Y;;;;'12/07/2019 07:28:35
;;;Zoning;6807323;'20200219142313;W03-C-Antwerpen-West-FH07;6807323;'20200219142313;W03-C-Antwerpen-West-FH07;19084;FTTH-Cu;;';';;;;;;;640621;'20191021153444;1857228;'1630000;'8209;Graaf van Egmontstraat;'47;';2000;Antwerpen;;'151788,155;'211164,154;';Y;NA;4;4;Unknown;Unknown;;None;;;';IFH_BATCH;'12/07/2019 07:42:03;;Y;;;;'12/07/2019 07:28:35;4;11087104;;LU;1;';';';';';;;;;;;;';;';;Y;;;;'12/07/2019 07:28:35
;;;Zoning;6807323;'20200219142313;W03-C-Antwerpen-West-FH07;6807323;'20200219142313;W03-C-Antwerpen-West-FH07;19084;FTTH-Cu;;';';;;;;;;640623;'20191021153444;1857240;'1630000;'8209;Graaf van Egmontstraat;'49;';2000;Antwerpen;;'151788,143;'211158,398;';Y;NA;3;4;Unknown;Unknown;;None;;;';IFH_BATCH;'12/07/2019 07:42:06;;Y;;;;'12/07/2019 07:28:35;1;1798719;;LU;1;';';';';';Y;;HOUSE;WONING - MAISON;NA;;;';;';;Y;;;;'12/07/2019 07:28:35
;;;Zoning;6807323;'20200219142313;W03-C-Antwerpen-West-FH07;6807323;'20200219142313;W03-C-Antwerpen-West-FH07;19084;FTTH-Cu;;';';;;;;;;640623;'20191021153444;1857240;'1630000;'8209;Graaf van Egmontstraat;'49;';2000;Antwerpen;;'151788,143;'211158,398;';Y;NA;3;4;Unknown;Unknown;;None;;;';IFH_BATCH;'12/07/2019 07:42:06;;Y;;;;'12/07/2019 07:28:35;2;1798720;;LU;1;';';';';';Y;;HOUSE;WONING - MAISON;NA;;;';;';;Y;;;;'12/07/2019 07:28:35
;;;Zoning;6807323;'20200219142313;W03-C-Antwerpen-West-FH07;6807323;'20200219142313;W03-C-Antwerpen-West-FH07;19084;FTTH-Cu;;';';;;;;;;640623;'20191021153444;1857240;'1630000;'8209;Graaf van Egmontstraat;'49;';2000;Antwerpen;;'151788,143;'211158,398;';Y;NA;3;4;Unknown;Unknown;;None;;;';IFH_BATCH;'12/07/2019 07:42:06;;Y;;;;'12/07/2019 07:28:35;3;1798721;;LU;1;';';';';';Y;;HOUSE;WONING - MAISON;NA;;;';;';;Y;;;;'12/07/2019 07:28:35
;;;Zoning;6807323;'20200219142313;W03-C-Antwerpen-West-FH07;6807323;'20200219142313;W03-C-Antwerpen-West-FH07;19084;FTTH-Cu;;';';;;;;;;640625;'20191021153444;1857260;'1630000;'8209;Graaf van Egmontstraat;'51;';2000;Antwerpen;;'151787,981;'211153,262;';Y;NA;4;4;Unknown;Unknown;;None;;;';IFH_BATCH;'12/07/2019 07:42:08;;Y;;;;'12/07/2019 07:28:35;1;1807785;;LU;1;';';';';';Y;;HOUSE;WONING - MAISON;NA;;;';;';;Y;;;;'12/07/2019 07:28:35
;;;Zoning;6807323;'20200219142313;W03-C-Antwerpen-West-FH07;6807323;'20200219142313;W03-C-Antwerpen-West-FH07;19084;FTTH-Cu;;';';;;;;;;640626;'20191021153627;1857263;'1630000;'8209;Graaf van Egmontstraat;'53;';2000;Antwerpen;;'151788,716;'211147,79;';Y;NA;3;4;Unknown;Unknown;;None;;;';IFH_BATCH;'12/07/2019 07:42:11;;Y;;;;'12/07/2019 07:28:35;1;1811335;;LU;1;';';';';';Y;;HOUSE;WONING - MAISON;NA;;;';;';;Y;;;;'12/07/2019 07:28:35
;;;Zoning;6807323;'20200219142313;W03-C-Antwerpen-West-FH07;6807323;'20200219142313;W03-C-Antwerpen-West-FH07;19084;FTTH-Cu;;';';;;;;;;640626;'20191021153627;1857263;'1630000;'8209;Graaf van Egmontstraat;'53;';2000;Antwerpen;;'151788,716;'211147,79;';Y;NA;3;4;Unknown;Unknown;;None;;;';IFH_BATCH;'12/07/2019 07:42:11;;Y;;;;'12/07/2019 07:28:35;2;1811336;;LU;1;';';';';';Y;;HOUSE;WONING - MAISON;NA;;;';;';;Y;;;;'12/07/2019 07:28:35
;;;Zoning;6807323;'20200219142313;W03-C-Antwerpen-West-FH07;6807323;'20200219142313;W03-C-Antwerpen-West-FH07;19084;FTTH-Cu;;';';;;;;;;640626;'20191021153627;1857263;'1630000;'8209;Graaf van Egmontstraat;'53;';2000;Antwerpen;;'151788,716;'211147,79;';Y;NA;3;4;Unknown;Unknown;;None;;;';IFH_BATCH;'12/07/2019 07:42:11;;Y;;;;'12/07/2019 07:28:35;3;1811337;;LU;1;';';';';';Y;;HOUSE;WONING - MAISON;NA;;;';;';;Y;;;;'12/07/2019 07:28:35
;;;Zoning;6807323;'20200219142313;W03-C-Antwerpen-West-FH07;6807323;'20200219142313;W03-C-Antwerpen-West-FH07;19084;FTTH-Cu;;';';;;;;;;640626;'20191021153627;1857263;'1630000;'8209;Graaf van Egmontstraat;'53;';2000;Antwerpen;;'151788,716;'211147,79;';Y;NA;3;4;Unknown;Unknown;;None;;;';IFH_BATCH;'12/07/2019 07:42:11;;Y;;;;'12/07/2019 07:28:35;4;1811338;;LU;1;';';';';';Y;;HOUSE;WONING - MAISON;NA;;;';;';;Y;;;;'12/07/2019 07:28:35
;;;Zoning;6807323;'20200219142313;W03-C-Antwerpen-West-FH07;6807323;'20200219142313;W03-C-Antwerpen-West-FH07;19084;FTTH-Cu;;';';;;;;;;640626;'20191021153627;1857263;'1630000;'8209;Graaf van Egmontstraat;'53;';2000;Antwerpen;;'151788,716;'211147,79;';Y;NA;3;4;Unknown;Unknown;;None;;;';IFH_BATCH;'12/07/2019 07:42:11;;Y;;;;'12/07/2019 07:28:35;5;1811339;;LU;1;';';';';';Y;;HOUSE;WONING - MAISON;NA;;;';;';;Y;;;;'12/07/2019 07:28:35
;;;Zoning;6807323;'20200219142313;W03-C-Antwerpen-West-FH07;6807323;'20200219142313;W03-C-Antwerpen-West-FH07;19084;FTTH-Cu;;';';;;;;;;640626;'20191021153627;1857263;'1630000;'8209;Graaf van Egmontstraat;'53;';2000;Antwerpen;;'151788,716;'211147,79;';Y;NA;3;4;Unknown;Unknown;;None;;;';IFH_BATCH;'12/07/2019 07:42:11;;Y;;;;'12/07/2019 07:28:35;6;1811340;;LU;1;';';';';';Y;;HOUSE;WONING - MAISON;NA;;;';;';;Y;;;;'12/07/2019 07:28:35
;;;Zoning;6807323;'20200219142313;W03-C-Antwerpen-West-FH07;6807323;'20200219142313;W03-C-Antwerpen-West-FH07;19084;FTTH-Cu;;';';;;;;;;640626;'20191021153627;1857263;'1630000;'8209;Graaf van Egmontstraat;'53;';2000;Antwerpen;;'151788,716;'211147,79;';Y;NA;3;4;Unknown;Unknown;;None;;;';IFH_BATCH;'12/07/2019 07:42:11;;Y;;;;'12/07/2019 07:28:35;7;1811341;;LU;1;';';';';';Y;;HOUSE;WONING - MAISON;NA;;;';;';;Y;;;;'12/07/2019 07:28:35
;;;Zoning;6807323;'20200219142313;W03-C-Antwerpen-West-FH07;6807323;'20200219142313;W03-C-Antwerpen-West-FH07;19084;FTTH-Cu;;';';;;;;;;640626;'20191021153627;1857263;'1630000;'8209;Graaf van Egmontstraat;'53;';2000;Antwerpen;;'151788,716;'211147,79;';Y;NA;3;4;Unknown;Unknown;;None;;;';IFH_BATCH;'12/07/2019 07:42:11;;Y;;;;'12/07/2019 07:28:35;8;1811342;;LU;1;';';';';';Y;;HOUSE;WONING - MAISON;NA;;;';;';;Y;;;;'12/07/2019 07:28:35
;;;Zoning;6807323;'20200219142313;W03-C-Antwerpen-West-FH07;6807323;'20200219142313;W03-C-Antwerpen-West-FH07;19084;FTTH-Cu;;';';;;;;;;618740;'20191021153655;1470408;'1630000;'8209;Graaf van Egmontstraat;'55;';2000;Antwerpen;;'151789,934;'211142,134;';Y;NA;5;15;Unknown;Unknown;;None;;;';;';;Y;;;;'15/01/2019 12:41:18;1;1814761;;BU;1;';';';';';Y;;HOUSE;WONING - MAISON;NA;;;';;';;Y;;;;'15/01/2019 12:41:18
;;;Zoning;6807323;'20200219142313;W03-C-Antwerpen-West-FH07;6807323;'20200219142313;W03-C-Antwerpen-West-FH07;19084;FTTH-Cu;;';';;;;;;;640629;'20191021153656;1857295;'1630000;'8209;Graaf van Egmontstraat;'57;';2000;Antwerpen;;'151789,067;'211136,282;';Y;NA;4;12;Unknown;Unknown;;None;;;';;';;Y;;;;'15/01/2019 12:41:18;1;1817603;;BU;1;';';';';';Y;;COMM;HANDELSZAAK - COMMERCE;NA;;;';;';;Y;;;;'15/01/2019 12:41:18
;;;Zoning;6807323;'20200219142313;W03-C-Antwerpen-West-FH07;6807323;'20200219142313;W03-C-Antwerpen-West-FH07;19084;FTTH-Cu;;';';;;;;;;640629;'20191021153656;1857295;'1630000;'8209;Graaf van Egmontstraat;'57;';2000;Antwerpen;;'151789,067;'211136,282;';Y;NA;4;12;Unknown;Unknown;;None;;;';;';;Y;;;;'15/01/2019 12:41:18;2;1817604;;LU;1;';';';';';Y;;COMM;HANDELSZAAK - COMMERCE;NA;;;';;';;Y;;;;'15/01/2019 12:41:18
;;;Zoning;6807323;'20200219142313;W03-C-Antwerpen-West-FH07;6807323;'20200219142313;W03-C-Antwerpen-West-FH07;19084;FTTH-Cu;;';';;;;;;;640629;'20191021153656;1857295;'1630000;'8209;Graaf van Egmontstraat;'57;';2000;Antwerpen;;'151789,067;'211136,282;';Y;NA;4;12;Unknown;Unknown;;None;;;';;';;Y;;;;'15/01/2019 12:41:18;3;1817605;;LU;1;';';';';';Y;;COMM;HANDELSZAAK - COMMERCE;NA;;;';;';;Y;;;;'15/01/2019 12:41:18
;;;Zoning;6807323;'20200219142313;W03-C-Antwerpen-West-FH07;6807323;'20200219142313;W03-C-Antwerpen-West-FH07;19084;FTTH-Cu;;';';;;;;;;640629;'20191021153656;1857295;'1630000;'8209;Graaf van Egmontstraat;'57;';2000;Antwerpen;;'151789,067;'211136,282;';Y;NA;4;12;Unknown;Unknown;;None;;;';;';;Y;;;;'15/01/2019 12:41:18;4;11087105;;LU;1;';';';';';;;;;;;;';;';;Y;;;;'15/01/2019 12:41:18
;;;Zoning;6807323;'20200219142313;W03-C-Antwerpen-West-FH07;6807323;'20200219142313;W03-C-Antwerpen-West-FH07;19084;FTTH-Cu;;';';;;;;;;726195;'20191021153656;976243;'1630000;'8209;Graaf van Egmontstraat;'59;';2000;Antwerpen;;'151789,346;'211128,824;';Y;NA;5;15;Unknown;Unknown;;None;;;';;';;Y;;;;'15/01/2019 12:41:18;1;1820570;;BU;1;';';';';';Y;;COMM;HANDELSZAAK - COMMERCE;NA;;;';;';;Y;;;;'15/01/2019 12:41:18
;;;Zoning;6807323;'20200219142313;W03-C-Antwerpen-West-FH07;6807323;'20200219142313;W03-C-Antwerpen-West-FH07;19084;FTTH-Cu;;';';;;;;;;726195;'20191021153656;976243;'1630000;'8209;Graaf van Egmontstraat;'59;';2000;Antwerpen;;'151789,346;'211128,824;';Y;NA;5;15;Unknown;Unknown;;None;;;';;';;Y;;;;'15/01/2019 12:41:18;2;1820571;;LU;1;';';';';';Y;;COMM;HANDELSZAAK - COMMERCE;NA;;;';;';;Y;;;;'15/01/2019 12:41:18
;;;Zoning;6807323;'20200219142313;W03-C-Antwerpen-West-FH07;6807323;'20200219142313;W03-C-Antwerpen-West-FH07;19084;FTTH-Cu;;';';;;;;;;726195;'20191021153656;976243;'1630000;'8209;Graaf van Egmontstraat;'59;';2000;Antwerpen;;'151789,346;'211128,824;';Y;NA;5;15;Unknown;Unknown;;None;;;';;';;Y;;;;'15/01/2019 12:41:18;3;1820572;;LU;1;';';';';';Y;;COMM;HANDELSZAAK - COMMERCE;NA;;;';;';;Y;;;;'15/01/2019 12:41:18
;;;Zoning;6807323;'20200219142313;W03-C-Antwerpen-West-FH07;6807323;'20200219142313;W03-C-Antwerpen-West-FH07;19084;FTTH-Cu;;';';;;;;;;11377838;'20190604080252;1292729;'1630000;'11891;Heilige Geeststraat;'1;';2000;Antwerpen;;'152026,134;'212111,473;';Y;NA;5;15;Unknown;Unknown;;None;;;';;';;Y;;;;'15/01/2019 12:41:18;1;11086044;;LU;1;';';';';';;;;;;;;';;';;Y;;;;'15/01/2019 12:41:18
;;;Zoning;6807323;'20200219142313;W03-C-Antwerpen-West-FH07;6807323;'20200219142313;W03-C-Antwerpen-West-FH07;19084;FTTH-Cu;;';';;;;;;;11377838;'20190604080252;1292729;'1630000;'11891;Heilige Geeststraat;'1;';2000;Antwerpen;;'152026,134;'212111,473;';Y;NA;5;15;Unknown;Unknown;;None;;;';;';;Y;;;;'15/01/2019 12:41:18;2;11086045;;LU;1;';';';';';;;;;;;;';;';;Y;;;;'15/01/2019 12:41:18
;;;Zoning;6807323;'20200219142313;W03-C-Antwerpen-West-FH07;6807323;'20200219142313;W03-C-Antwerpen-West-FH07;19084;FTTH-Cu;;';';;;;;;;11377838;'20190604080252;1292729;'1630000;'11891;Heilige Geeststraat;'1;';2000;Antwerpen;;'152026,134;'212111,473;';Y;NA;5;15;Unknown;Unknown;;None;;;';;';;Y;;;;'15/01/2019 12:41:18;3;11086046;;LU;1;';';';';';;;;;;;;';;';;Y;;;;'15/01/2019 12:41:18
;;;Zoning;6807323;'20200219142313;W03-C-Antwerpen-West-FH07;6807323;'20200219142313;W03-C-Antwerpen-West-FH07;19084;FTTH-Cu;;';';;;;;;;11377838;'20190604080252;1292729;'1630000;'11891;Heilige Geeststraat;'1;';2000;Antwerpen;;'152026,134;'212111,473;';Y;NA;5;15;Unknown;Unknown;;None;;;';;';;Y;;;;'15/01/2019 12:41:18;4;11086047;;LU;1;';';';';';;;;;;;;';;';;Y;;;;'15/01/2019 12:41:18
;;;Zoning;6807323;'20200219142313;W03-C-Antwerpen-West-FH07;6807323;'20200219142313;W03-C-Antwerpen-West-FH07;19084;FTTH-Cu;;';';;;;;;;714430;'20191016101135;60713;'1630000;'11891;Heilige Geeststraat;'3;';2000;Antwerpen;;'152031,627;'212110,174;';Y;NA;3;9;Unknown;Unknown;;None;;;';;';;Y;;;;'15/01/2019 12:41:18;1;1738188;;LU;1;';';';';';Y;#A1/HG1/HG.K1;APPART;DEEL_APP_GEBOUW - PARTIE_IMMEUBLE_APP;APPART;;;';;';;Y;;;;'15/01/2019 12:41:18
;;;Zoning;6807323;'20200219142313;W03-C-Antwerpen-West-FH07;6807323;'20200219142313;W03-C-Antwerpen-West-FH07;19084;FTTH-Cu;;';';;;;;;;714430;'20191016101135;60713;'1630000;'11891;Heilige Geeststraat;'3;';2000;Antwerpen;;'152031,627;'212110,174;';Y;NA;3;9;Unknown;Unknown;;None;;;';;';;Y;;;;'15/01/2019 12:41:18;2;1738709;;LU;1;';';';';';Y;#A2/HG2/HG.K2;APPART;DEEL_APP_GEBOUW - PARTIE_IMMEUBLE_APP;APPART;;;';;';;Y;;;;'15/01/2019 12:41:18
;;;Zoning;6807323;'20200219142313;W03-C-Antwerpen-West-FH07;6807323;'20200219142313;W03-C-Antwerpen-West-FH07;19084;FTTH-Cu;;';';;;;;;;648024;'20190604080259;1936641;'1630000;'11891;Heilige Geeststraat;'4;';2000;Antwerpen;;'152018,392;'212102,924;';N;ORN;4;12;Unknown;Unknown;;None;;;';;';;Y;;;;'15/01/2019 12:41:18;1;1775802;;BU;1;';';';';';Y;;HOUSE;WONING - MAISON;NA;;;';;';;Y;;;;'15/01/2019 12:41:18
;;;Zoning;6807323;'20200219142313;W03-C-Antwerpen-West-FH07;6807323;'20200219142313;W03-C-Antwerpen-West-FH07;19084;FTTH-Cu;;';';;;;;;;648025;'20191016093531;1936642;'1630000;'11891;Heilige Geeststraat;'5;';2000;Antwerpen;;'152036,365;'212106,835;';Y;ORN;3;0;Unknown;Unknown;;None;;;';IFH_BATCH;'12/07/2019 07:30:42;;Y;;;;'12/07/2019 07:28:35;1;1802908;;LU;1;';';';';';Y;;HOUSE;WONING - MAISON;NA;;;';;';;Y;;;;'12/07/2019 07:28:35
;;;Zoning;6807323;'20200219142313;W03-C-Antwerpen-West-FH07;6807323;'20200219142313;W03-C-Antwerpen-West-FH07;19084;FTTH-Cu;;';';;;;;;;714433;'20191016093820;60716;'1630000;'11891;Heilige Geeststraat;'7;';2000;Antwerpen;;'152040,641;'212103,983;';Y;NA;3;9;Unknown;Unknown;;None;;;';;';;Y;;;;'15/01/2019 12:41:18;1;1841792;;BU;1;';';';';';Y;;HOUSE;WONING - MAISON;NA;;;';;';;Y;;;;'15/01/2019 12:41:18
;;;Zoning;6807323;'20200219142313;W03-C-Antwerpen-West-FH07;6807323;'20200219142313;W03-C-Antwerpen-West-FH07;19084;FTTH-Cu;;';';;;;;;;714433;'20191016093820;60716;'1630000;'11891;Heilige Geeststraat;'7;';2000;Antwerpen;;'152040,641;'212103,983;';Y;NA;3;9;Unknown;Unknown;;None;;;';;';;Y;;;;'15/01/2019 12:41:18;2;11086666;;SU;1;';';';';';;;;;;;;';;';;Y;;;;'15/01/2019 12:41:18
;;;Zoning;6807323;'20200219142313;W03-C-Antwerpen-West-FH07;6807323;'20200219142313;W03-C-Antwerpen-West-FH07;19084;FTTH-Cu;;';';;;;;;;706192;'20200110141648;4505555;'1630000;'11891;Heilige Geeststraat;'8;';2000;Antwerpen;;'152030,651;'212096,731;';N;MON;4;0;Unknown;Unknown;;None;;;';IFH_BATCH;'12/07/2019 07:30:55;;Y;;;;'12/07/2019 07:28:35;1;1855785;;BU;1;';';';';';Y;;HOUSE;WONING - MAISON;NA;;;';;';;Y;;;;'12/07/2019 07:28:35
;;;Zoning;6807323;'20200219142313;W03-C-Antwerpen-West-FH07;6807323;'20200219142313;W03-C-Antwerpen-West-FH07;19084;FTTH-Cu;;';';;;;;;;714431;'20191016093544;60714;'1630000;'11891;Heilige Geeststraat;'9;';2000;Antwerpen;;'152044,506;'212101,931;';Y;MON;3;0;Unknown;Unknown;;None;;;';IFH_BATCH;'12/07/2019 07:30:44;;Y;;;;'12/07/2019 07:28:35;1;1867596;;LU;1;';';';';';Y;;HOUSE;WONING - MAISON;NA;;;';;';;Y;;;;'12/07/2019 07:28:35
;;;Zoning;6807323;'20200219142313;W03-C-Antwerpen-West-FH07;6807323;'20200219142313;W03-C-Antwerpen-West-FH07;19084;FTTH-Cu;;';';;;;;;;714434;'20191016101135;60717;'1630000;'11891;Heilige Geeststraat;'11;';2000;Antwerpen;;'152048,866;'212100,336;';Y;NA;3;9;Unknown;Unknown;;None;;;';;';;Y;;;;'15/01/2019 12:41:18;1;1630569;;LU;1;';';';';';Y;;HOUSE;WONING - MAISON;NA;;;';;';;Y;;;;'15/01/2019 12:41:18
;;;Zoning;6807323;'20200219142313;W03-C-Antwerpen-West-FH07;6807323;'20200219142313;W03-C-Antwerpen-West-FH07;19084;FTTH-Cu;11382473;'20190604080253;'Heilige Geeststraat 13 - 15;;;;;;;648026;'20191016101135;1936643;'1630000;'11891;Heilige Geeststraat;'13;';2000;Antwerpen;;'152053,921;'212098,441;';Y;NA;4;12;Unknown;Unknown;;None;;;';;';;Y;;;;'15/01/2019 12:41:18;1;1647924;;LU;1;';';';';';Y;;HOUSE;WONING - MAISON;NA;;;';;';;Y;;;;'15/01/2019 12:41:18
;;;Zoning;6807323;'20200219142313;W03-C-Antwerpen-West-FH07;6807323;'20200219142313;W03-C-Antwerpen-West-FH07;19084;FTTH-Cu;11382473;'20190604080253;'Heilige Geeststraat 13 - 15;;;;;;;11378896;'20191016101135;4507938;'1630000;'11891;Heilige Geeststraat;'15;';2000;Antwerpen;;'152058,163;'212095,733;';Y;NA;4;12;Unknown;Unknown;;None;;;';;';;Y;;;;'15/01/2019 12:41:18;1;11086322;;LU;1;';';';';';;;;;;;;';;';;Y;;;;'15/01/2019 12:41:18
;;;Zoning;6807323;'20200219142313;W03-C-Antwerpen-West-FH07;6807323;'20200219142313;W03-C-Antwerpen-West-FH07;19084;FTTH-Cu;;';';;;;;;;648027;'20191016101149;1936644;'1630000;'11891;Heilige Geeststraat;'17;';2000;Antwerpen;;'152064,369;'212093,99;';N;MON;4;0;Unknown;Unknown;;None;;;';IFH_BATCH;'12/07/2019 07:30:46;;Y;;;;'12/07/2019 07:28:35;1;1674509;;BU;1;';';';';';Y;;HOUSE;WONING - MAISON;NA;;;';;';;Y;;;;'12/07/2019 07:28:35
;;;Zoning;6807323;'20200219142313;W03-C-Antwerpen-West-FH07;6807323;'20200219142313;W03-C-Antwerpen-West-FH07;19084;FTTH-Cu;;';';;;;;;;648028;'20191016100754;1936645;'1630000;'11891;Heilige Geeststraat;'19;';2000;Antwerpen;;'152071,703;'212088,155;';Y;NA;4;4;Unknown;Unknown;;None;;;';IFH_BATCH;'12/07/2019 07:30:49;;Y;;;;'12/07/2019 07:28:35;1;1685718;;LU;1;';';';';';Y;;HOUSE;WONING - MAISON;NA;;;';;';;Y;;;;'12/07/2019 07:28:35
;;;Zoning;6807323;'20200219142313;W03-C-Antwerpen-West-FH07;6807323;'20200219142313;W03-C-Antwerpen-West-FH07;19084;FTTH-Cu;;';';;;;;;;712360;'20191016100743;5575679;'1630000;'11891;Heilige Geeststraat;'23;';2000;Antwerpen;;'152079,984;'212085,65;';Y;NA;4;4;Unknown;Unknown;;None;;;';IFH_BATCH;'12/07/2019 07:30:53;;Y;;;;'12/07/2019 07:28:35;1;1712948;;LU;1;';';';';';Y;;HOUSE;WONING - MAISON;NA;;;';;';;Y;;;;'12/07/2019 07:28:35
;;;Zoning;6807323;'20200219142313;W03-C-Antwerpen-West-FH07;6807323;'20200219142313;W03-C-Antwerpen-West-FH07;19084;FTTH-Cu;;';';;;;;;;712360;'20191016100743;5575679;'1630000;'11891;Heilige Geeststraat;'23;';2000;Antwerpen;;'152079,984;'212085,65;';Y;NA;4;4;Unknown;Unknown;;None;;;';IFH_BATCH;'12/07/2019 07:30:53;;Y;;;;'12/07/2019 07:28:35;2;1712949;;BU;1;';';';';';Y;;HOUSE;WONING - MAISON;NA;;;';;';;Y;;;;'12/07/2019 07:28:35
;;;Zoning;6807323;'20200219142313;W03-C-Antwerpen-West-FH07;6807323;'20200219142313;W03-C-Antwerpen-West-FH07;19084;FTTH-Cu;;';';;;;;;;712360;'20191016100743;5575679;'1630000;'11891;Heilige Geeststraat;'23;';2000;Antwerpen;;'152079,984;'212085,65;';Y;NA;4;4;Unknown;Unknown;;None;;;';IFH_BATCH;'12/07/2019 07:30:53;;Y;;;;'12/07/2019 07:28:35;3;1712950;;BU;1;';';';';';Y;;HOUSE;WONING - MAISON;NA;;;';;';;Y;;;;'12/07/2019 07:28:35
;;;Zoning;6807323;'20200219142313;W03-C-Antwerpen-West-FH07;6807323;'20200219142313;W03-C-Antwerpen-West-FH07;19084;FTTH-Cu;;';';;;;;;;648029;'20191016101211;1936648;'1630000;'11891;Heilige Geeststraat;'25;';2000;Antwerpen;;'152077,824;'212074,822;';Y;NA;5;15;Unknown;Unknown;;None;;;';;';;Y;;;;'15/01/2019 12:41:18;1;1721326;;BU;1;';';';';';Y;;COMM;HANDELSZAAK - COMMERCE;NA;;;';;';;Y;;;;'15/01/2019 12:41:18
;;;Zoning;6807323;'20200219142313;W03-C-Antwerpen-West-FH07;6807323;'20200219142313;W03-C-Antwerpen-West-FH07;19084;FTTH-Cu;;';';;;;;;;648029;'20191016101211;1936648;'1630000;'11891;Heilige Geeststraat;'25;';2000;Antwerpen;;'152077,824;'212074,822;';Y;NA;5;15;Unknown;Unknown;;None;;;';;';;Y;;;;'15/01/2019 12:41:18;2;1721327;;LU;1;';';';';';Y;;COMM;HANDELSZAAK - COMMERCE;NA;;;';;';;Y;;;;'15/01/2019 12:41:18
;;;Zoning;6807323;'20200219142313;W03-C-Antwerpen-West-FH07;6807323;'20200219142313;W03-C-Antwerpen-West-FH07;19084;FTTH-Cu;;';';;;;;;;648029;'20191016101211;1936648;'1630000;'11891;Heilige Geeststraat;'25;';2000;Antwerpen;;'152077,824;'212074,822;';Y;NA;5;15;Unknown;Unknown;;None;;;';;';;Y;;;;'15/01/2019 12:41:18;3;1721328;;LU;1;';';';';';Y;;COMM;HANDELSZAAK - COMMERCE;NA;;;';;';;Y;;;;'15/01/2019 12:41:18
;;;Zoning;6807323;'20200219142313;W03-C-Antwerpen-West-FH07;6807323;'20200219142313;W03-C-Antwerpen-West-FH07;19084;FTTH-Cu;;';';;;;;;;648029;'20191016101211;1936648;'1630000;'11891;Heilige Geeststraat;'25;';2000;Antwerpen;;'152077,824;'212074,822;';Y;NA;5;15;Unknown;Unknown;;None;;;';;';;Y;;;;'15/01/2019 12:41:18;4;1721329;;LU;1;';';';';';Y;;COMM;HANDELSZAAK - COMMERCE;NA;;;';;';;Y;;;;'15/01/2019 12:41:18
;;;Zoning;6807323;'20200219142313;W03-C-Antwerpen-West-FH07;6807323;'20200219142313;W03-C-Antwerpen-West-FH07;19084;FTTH-Cu;;';';;;;;;;648029;'20191016101211;1936648;'1630000;'11891;Heilige Geeststraat;'25;';2000;Antwerpen;;'152077,824;'212074,822;';Y;NA;5;15;Unknown;Unknown;;None;;;';;';;Y;;;;'15/01/2019 12:41:18;5;1721330;;LU;1;';';';';';Y;;COMM;HANDELSZAAK - COMMERCE;NA;;;';;';;Y;;;;'15/01/2019 12:41:18
;;;Zoning;6807323;'20200219142313;W03-C-Antwerpen-West-FH07;6807323;'20200219142313;W03-C-Antwerpen-West-FH07;19084;FTTH-Cu;;';';;;;;;;648029;'20191016101211;1936648;'1630000;'11891;Heilige Geeststraat;'25;';2000;Antwerpen;;'152077,824;'212074,822;';Y;NA;5;15;Unknown;Unknown;;None;;;';;';;Y;;;;'15/01/2019 12:41:18;6;1721331;;LU;1;';';';';';Y;;COMM;HANDELSZAAK - COMMERCE;NA;;;';;';;Y;;;;'15/01/2019 12:41:18
;;;Zoning;6807323;'20200219142313;W03-C-Antwerpen-West-FH07;6807323;'20200219142313;W03-C-Antwerpen-West-FH07;19084;FTTH-Cu;;';';;;;;;;648029;'20191016101211;1936648;'1630000;'11891;Heilige Geeststraat;'25;';2000;Antwerpen;;'152077,824;'212074,822;';Y;NA;5;15;Unknown;Unknown;;None;;;';;';;Y;;;;'15/01/2019 12:41:18;7;11086667;;LU;1;';';';';';;;;;;;;';;';;Y;;;;'15/01/2019 12:41:18
;;;Zoning;6807323;'20200219142313;W03-C-Antwerpen-West-FH07;6807323;'20200219142313;W03-C-Antwerpen-West-FH07;19084;FTTH-Cu;;';';;;;;;;714427;'20190712080943;60710;'1630000;'13150;Hoogstraat;'39;';2000;Antwerpen;;'152049,556;'212165,763;';Y;NA;1;4;Unknown;Unknown;;None;;;';IFH_BATCH;'12/07/2019 07:30:58;;Y;;;;'12/07/2019 07:28:35;1;1771382;;BU;1;';';';';';Y;;COMM;HANDELSZAAK - COMMERCE;NA;;;';;';;Y;;;;'12/07/2019 07:28:35
;;;Zoning;6807323;'20200219142313;W03-C-Antwerpen-West-FH07;6807323;'20200219142313;W03-C-Antwerpen-West-FH07;19084;FTTH-Cu;;';';;;;;;;714426;'20191015163651;60709;'1630000;'13150;Hoogstraat;'41;';2000;Antwerpen;;'152045,532;'212157,791;';Y;NA;4;12;Unknown;Unknown;;None;;;';;';;Y;;;;'15/01/2019 12:41:18;1;1781026;;BU;1;';';';';';Y;;COMM;HANDELSZAAK - COMMERCE;NA;;;';;';;Y;;;;'15/01/2019 12:41:18
;;;Zoning;6807323;'20200219142313;W03-C-Antwerpen-West-FH07;6807323;'20200219142313;W03-C-Antwerpen-West-FH07;19084;FTTH-Cu;;';';;;;;;;714426;'20191015163651;60709;'1630000;'13150;Hoogstraat;'41;';2000;Antwerpen;;'152045,532;'212157,791;';Y;NA;4;12;Unknown;Unknown;;None;;;';;';;Y;;;;'15/01/2019 12:41:18;2;1781027;;LU;1;';';';';';Y;;COMM;HANDELSZAAK - COMMERCE;NA;;;';;';;Y;;;;'15/01/2019 12:41:18
;;;Zoning;6807323;'20200219142313;W03-C-Antwerpen-West-FH07;6807323;'20200219142313;W03-C-Antwerpen-West-FH07;19084;FTTH-Cu;;';';;;;;;;714426;'20191015163651;60709;'1630000;'13150;Hoogstraat;'41;';2000;Antwerpen;;'152045,532;'212157,791;';Y;NA;4;12;Unknown;Unknown;;None;;;';;';;Y;;;;'15/01/2019 12:41:18;3;1781028;;LU;1;';';';';';Y;;COMM;HANDELSZAAK - COMMERCE;NA;;;';;';;Y;;;;'15/01/2019 12:41:18
;;;Zoning;6807323;'20200219142313;W03-C-Antwerpen-West-FH07;6807323;'20200219142313;W03-C-Antwerpen-West-FH07;19084;FTTH-Cu;11382474;'20191016094053;'Hoogstraat 43 - 43 A;;;;;;;649901;'20191016094152;1944381;'1630000;'13150;Hoogstraat;'43;';2000;Antwerpen;;'152042,877;'212150,236;';Y;NA;4;4;Unknown;Unknown;;None;;;';IFH_BATCH;'12/07/2019 07:31:00;;Y;;;;'12/07/2019 07:28:35;1;1784250;;LU;1;';';';';';Y;#A1.2.3/A2;APPART;DEEL_APP_GEBOUW - PARTIE_IMMEUBLE_APP;APPART;;;';;';;Y;;;;'12/07/2019 07:28:35
;;;Zoning;6807323;'20200219142313;W03-C-Antwerpen-West-FH07;6807323;'20200219142313;W03-C-Antwerpen-West-FH07;19084;FTTH-Cu;11382474;'20191016094053;'Hoogstraat 43 - 43 A;;;;;;;649901;'20191016094152;1944381;'1630000;'13150;Hoogstraat;'43;';2000;Antwerpen;;'152042,877;'212150,236;';Y;NA;4;4;Unknown;Unknown;;None;;;';IFH_BATCH;'12/07/2019 07:31:00;;Y;;;;'12/07/2019 07:28:35;2;1784251;;LU;1;';';';';';Y;#A1.2.3/A3;APPART;DEEL_APP_GEBOUW - PARTIE_IMMEUBLE_APP;APPART;;;';;';;Y;;;;'12/07/2019 07:28:35
;;;Zoning;6807323;'20200219142313;W03-C-Antwerpen-West-FH07;6807323;'20200219142313;W03-C-Antwerpen-West-FH07;19084;FTTH-Cu;11382474;'20191016094053;'Hoogstraat 43 - 43 A;;;;;;;649901;'20191016094152;1944381;'1630000;'13150;Hoogstraat;'43;';2000;Antwerpen;;'152042,877;'212150,236;';Y;NA;4;4;Unknown;Unknown;;None;;;';IFH_BATCH;'12/07/2019 07:31:00;;Y;;;;'12/07/2019 07:28:35;3;1784288;;LU;1;';';';';';Y;#A1/A1;APPART;DEEL_APP_GEBOUW - PARTIE_IMMEUBLE_APP;APPART;;;';;';;Y;;;;'12/07/2019 07:28:35
;;;Zoning;6807323;'20200219142313;W03-C-Antwerpen-West-FH07;6807323;'20200219142313;W03-C-Antwerpen-West-FH07;19084;FTTH-Cu;11382474;'20191016094053;'Hoogstraat 43 - 43 A;;;;;;;11378967;'20191016094142;5893007;'1630000;'13150;Hoogstraat;'43;'A;2000;Antwerpen;;'152041,077;'212146,66;';Y;NA;4;4;Unknown;Unknown;;None;;;';IFH_BATCH;'12/07/2019 07:43:01;;Y;;;;'12/07/2019 07:28:35;1;11086324;;BU;1;';';';';';;;;;;;;';;';;Y;;;;'12/07/2019 07:28:35
;;;Zoning;6807323;'20200219142313;W03-C-Antwerpen-West-FH07;6807323;'20200219142313;W03-C-Antwerpen-West-FH07;19084;FTTH-Cu;;';';;;;;;;649903;'20190604080252;1944383;'1630000;'13150;Hoogstraat;'45;';2000;Antwerpen;;'152035,833;'212139,576;';Y;NA;4;12;Unknown;Unknown;;None;;;';;';;Y;;;;'15/01/2019 12:41:18;1;10367215;;LU;1;';';';';';Y;#A1/1/;APPART;DEEL_APP_GEBOUW - PARTIE_IMMEUBLE_APP;APPART;;;';;';;Y;;;;'15/01/2019 12:41:18
;;;Zoning;6807323;'20200219142313;W03-C-Antwerpen-West-FH07;6807323;'20200219142313;W03-C-Antwerpen-West-FH07;19084;FTTH-Cu;;';';;;;;;;649903;'20190604080252;1944383;'1630000;'13150;Hoogstraat;'45;';2000;Antwerpen;;'152035,833;'212139,576;';Y;NA;4;12;Unknown;Unknown;;None;;;';;';;Y;;;;'15/01/2019 12:41:18;2;10367250;;LU;1;';';';';';Y;#A1/2/;APPART;DEEL_APP_GEBOUW - PARTIE_IMMEUBLE_APP;APPART;;;';;';;Y;;;;'15/01/2019 12:41:18
;;;Zoning;6807323;'20200219142313;W03-C-Antwerpen-West-FH07;6807323;'20200219142313;W03-C-Antwerpen-West-FH07;19084;FTTH-Cu;;';';;;;;;;649903;'20190604080252;1944383;'1630000;'13150;Hoogstraat;'45;';2000;Antwerpen;;'152035,833;'212139,576;';Y;NA;4;12;Unknown;Unknown;;None;;;';;';;Y;;;;'15/01/2019 12:41:18;3;10367446;;LU;1;';';';';';Y;#A2/3/;APPART;DEEL_APP_GEBOUW - PARTIE_IMMEUBLE_APP;APPART;;;';;';;Y;;;;'15/01/2019 12:41:18
;;;Zoning;6807323;'20200219142313;W03-C-Antwerpen-West-FH07;6807323;'20200219142313;W03-C-Antwerpen-West-FH07;19084;FTTH-Cu;;';';;;;;;;649903;'20190604080252;1944383;'1630000;'13150;Hoogstraat;'45;';2000;Antwerpen;;'152035,833;'212139,576;';Y;NA;4;12;Unknown;Unknown;;None;;;';;';;Y;;;;'15/01/2019 12:41:18;4;10367454;;LU;1;';';';';';Y;#A2/4/;APPART;DEEL_APP_GEBOUW - PARTIE_IMMEUBLE_APP;APPART;;;';;';;Y;;;;'15/01/2019 12:41:18
;;;Zoning;6807323;'20200219142313;W03-C-Antwerpen-West-FH07;6807323;'20200219142313;W03-C-Antwerpen-West-FH07;19084;FTTH-Cu;;';';;;;;;;649903;'20190604080252;1944383;'1630000;'13150;Hoogstraat;'45;';2000;Antwerpen;;'152035,833;'212139,576;';Y;NA;4;12;Unknown;Unknown;;None;;;';;';;Y;;;;'15/01/2019 12:41:18;6;10375641;;BU;1;';';';';';Y;#HA.GV/SHOP 1/;APPART;DEEL_APP_GEBOUW - PARTIE_IMMEUBLE_APP;COMM;;;';;';;Y;;;;'15/01/2019 12:41:18
;;;Zoning;6807323;'20200219142313;W03-C-Antwerpen-West-FH07;6807323;'20200219142313;W03-C-Antwerpen-West-FH07;19084;FTTH-Cu;;';';;;;;;;649903;'20190604080252;1944383;'1630000;'13150;Hoogstraat;'45;';2000;Antwerpen;;'152035,833;'212139,576;';Y;NA;4;12;Unknown;Unknown;;None;;;';;';;Y;;;;'15/01/2019 12:41:18;7;10375642;;BU;1;';';';';';Y;#HA.GV/SHOP 2/;APPART;DEEL_APP_GEBOUW - PARTIE_IMMEUBLE_APP;COMM;;;';;';;Y;;;;'15/01/2019 12:41:18
;;;Zoning;6807323;'20200219142313;W03-C-Antwerpen-West-FH07;6807323;'20200219142313;W03-C-Antwerpen-West-FH07;19084;FTTH-Cu;;';';;;;;;;714429;'20190712080943;60712;'1630000;'13150;Hoogstraat;'47;';2000;Antwerpen;;'152031,157;'212131,867;';Y;NA;4;4;Unknown;Unknown;;None;;;';IFH_BATCH;'12/07/2019 07:31:02;;Y;;;;'12/07/2019 07:28:35;1;1794529;;BU;1;';';';';';Y;;COMM;HANDELSZAAK - COMMERCE;NA;;;';;';;Y;;;;'12/07/2019 07:28:35
;;;Zoning;6807323;'20200219142313;W03-C-Antwerpen-West-FH07;6807323;'20200219142313;W03-C-Antwerpen-West-FH07;19084;FTTH-Cu;;';';;;;;;;714429;'20190712080943;60712;'1630000;'13150;Hoogstraat;'47;';2000;Antwerpen;;'152031,157;'212131,867;';Y;NA;4;4;Unknown;Unknown;;None;;;';IFH_BATCH;'12/07/2019 07:31:02;;Y;;;;'12/07/2019 07:28:35;2;11086668;;LU;1;';';';';';;;;;;;;';;';;Y;;;;'12/07/2019 07:28:35
;;;Zoning;6807323;'20200219142313;W03-C-Antwerpen-West-FH07;6807323;'20200219142313;W03-C-Antwerpen-West-FH07;19084;FTTH-Cu;;';';;;;;;;714429;'20190712080943;60712;'1630000;'13150;Hoogstraat;'47;';2000;Antwerpen;;'152031,157;'212131,867;';Y;NA;4;4;Unknown;Unknown;;None;;;';IFH_BATCH;'12/07/2019 07:31:02;;Y;;;;'12/07/2019 07:28:35;3;11086669;;LU;1;';';';';';;;;;;;;';;';;Y;;;;'12/07/2019 07:28:35
;;;Zoning;6807323;'20200219142313;W03-C-Antwerpen-West-FH07;6807323;'20200219142313;W03-C-Antwerpen-West-FH07;19084;FTTH-Cu;;';';;;;;;;714429;'20190712080943;60712;'1630000;'13150;Hoogstraat;'47;';2000;Antwerpen;;'152031,157;'212131,867;';Y;NA;4;4;Unknown;Unknown;;None;;;';IFH_BATCH;'12/07/2019 07:31:02;;Y;;;;'12/07/2019 07:28:35;4;11086670;;LU;1;';';';';';;;;;;;;';;';;Y;;;;'12/07/2019 07:28:35
;;;Zoning;6807323;'20200219142313;W03-C-Antwerpen-West-FH07;6807323;'20200219142313;W03-C-Antwerpen-West-FH07;19084;FTTH-Cu;;';';;;;;;;714428;'20190712080943;60711;'1630000;'13150;Hoogstraat;'49;';2000;Antwerpen;;'152028,503;'212127,57;';Y;NA;4;4;Unknown;Unknown;;None;;;';IFH_BATCH;'12/07/2019 07:31:04;;Y;;;;'12/07/2019 07:28:35;1;1798200;;LU;1;';';';';';Y;;COMM;HANDELSZAAK - COMMERCE;NA;;;';;';;Y;;;;'12/07/2019 07:28:35
;;;Zoning;6807323;'20200219142313;W03-C-Antwerpen-West-FH07;6807323;'20200219142313;W03-C-Antwerpen-West-FH07;19084;FTTH-Cu;;';';;;;;;;714428;'20190712080943;60711;'1630000;'13150;Hoogstraat;'49;';2000;Antwerpen;;'152028,503;'212127,57;';Y;NA;4;4;Unknown;Unknown;;None;;;';IFH_BATCH;'12/07/2019 07:31:04;;Y;;;;'12/07/2019 07:28:35;2;1798201;;LU;1;';';';';';Y;;COMM;HANDELSZAAK - COMMERCE;NA;;;';;';;Y;;;;'12/07/2019 07:28:35
;;;Zoning;6807323;'20200219142313;W03-C-Antwerpen-West-FH07;6807323;'20200219142313;W03-C-Antwerpen-West-FH07;19084;FTTH-Cu;;';';;;;;;;714428;'20190712080943;60711;'1630000;'13150;Hoogstraat;'49;';2000;Antwerpen;;'152028,503;'212127,57;';Y;NA;4;4;Unknown;Unknown;;None;;;';IFH_BATCH;'12/07/2019 07:31:04;;Y;;;;'12/07/2019 07:28:35;3;1798202;;LU;1;';';';';';Y;;COMM;HANDELSZAAK - COMMERCE;NA;;;';;';;Y;;;;'12/07/2019 07:28:35
;;;Zoning;6807323;'20200219142313;W03-C-Antwerpen-West-FH07;6807323;'20200219142313;W03-C-Antwerpen-West-FH07;19084;FTTH-Cu;;';';;;;;;;617174;'20190604080254;1354107;'1630000;'13150;Hoogstraat;'51;';2000;Antwerpen;;'152025,722;'212123,904;';Y;NA;4;12;Unknown;Unknown;;None;;;';;';;Y;;;;'15/01/2019 12:41:18;1;1806266;;LU;1;';';';';';Y;#A1;APPART;DEEL_APP_GEBOUW - PARTIE_IMMEUBLE_APP;APPART;;;';;';;Y;;;;'15/01/2019 12:41:18
;;;Zoning;6807323;'20200219142313;W03-C-Antwerpen-West-FH07;6807323;'20200219142313;W03-C-Antwerpen-West-FH07;19084;FTTH-Cu;;';';;;;;;;617174;'20190604080254;1354107;'1630000;'13150;Hoogstraat;'51;';2000;Antwerpen;;'152025,722;'212123,904;';Y;NA;4;12;Unknown;Unknown;;None;;;';;';;Y;;;;'15/01/2019 12:41:18;2;1806391;;LU;1;';';';';';Y;#A2;APPART;DEEL_APP_GEBOUW - PARTIE_IMMEUBLE_APP;APPART;;;';;';;Y;;;;'15/01/2019 12:41:18
;;;Zoning;6807323;'20200219142313;W03-C-Antwerpen-West-FH07;6807323;'20200219142313;W03-C-Antwerpen-West-FH07;19084;FTTH-Cu;;';';;;;;;;617174;'20190604080254;1354107;'1630000;'13150;Hoogstraat;'51;';2000;Antwerpen;;'152025,722;'212123,904;';Y;NA;4;12;Unknown;Unknown;;None;;;';;';;Y;;;;'15/01/2019 12:41:18;3;1806492;;LU;1;';';';';';Y;#A3.4;APPART;DEEL_APP_GEBOUW - PARTIE_IMMEUBLE_APP;APPART;;;';;';;Y;;;;'15/01/2019 12:41:18
;;;Zoning;6807323;'20200219142313;W03-C-Antwerpen-West-FH07;6807323;'20200219142313;W03-C-Antwerpen-West-FH07;19084;FTTH-Cu;;';';;;;;;;617174;'20190604080254;1354107;'1630000;'13150;Hoogstraat;'51;';2000;Antwerpen;;'152025,722;'212123,904;';Y;NA;4;12;Unknown;Unknown;;None;;;';;';;Y;;;;'15/01/2019 12:41:18;4;1806719;;BU;1;';';';';';Y;#HA.GV/K;APPART;DEEL_APP_GEBOUW - PARTIE_IMMEUBLE_APP;COMM;;;';;';;Y;;;;'15/01/2019 12:41:18
;;;Zoning;6807323;'20200219142313;W03-C-Antwerpen-West-FH07;6807323;'20200219142313;W03-C-Antwerpen-West-FH07;19084;FTTH-Cu;;';';;;;;;;649906;'20191016101113;1944387;'1630000;'13150;Hoogstraat;'53;';2000;Antwerpen;;'152024,251;'212122,668;';Y;NA;1;3;Unknown;Unknown;;None;;;';;';;Y;;;;'15/01/2019 12:41:18;5;1810356;;BU;1;';';';';';Y;#HA.GV/HO/HK.1;APPART;DEEL_APP_GEBOUW - PARTIE_IMMEUBLE_APP;COMM;;;';;';;Y;;;;'15/01/2019 12:41:18
;;;Zoning;6807323;'20200219142313;W03-C-Antwerpen-West-FH07;6807323;'20200219142313;W03-C-Antwerpen-West-FH07;19084;FTTH-Cu;;';';;;;;;;11377839;'20191016101106;1446139;'1630000;'13150;Hoogstraat;'55;';2000;Antwerpen;;'152019,919;'212116,498;';Y;NA;5;15;Unknown;Unknown;;None;;;';;';;Y;;;;'15/01/2019 12:41:18;1;11086048;;LU;1;';';';';';;;;;;;;';;';;Y;;;;'15/01/2019 12:41:18
;;;Zoning;6807323;'20200219142313;W03-C-Antwerpen-West-FH07;6807323;'20200219142313;W03-C-Antwerpen-West-FH07;19084;FTTH-Cu;;';';;;;;;;11377839;'20191016101106;1446139;'1630000;'13150;Hoogstraat;'55;';2000;Antwerpen;;'152019,919;'212116,498;';Y;NA;5;15;Unknown;Unknown;;None;;;';;';;Y;;;;'15/01/2019 12:41:18;2;11086049;;LU;1;';';';';';;;;;;;;';;';;Y;;;;'15/01/2019 12:41:18
;;;Zoning;6807323;'20200219142313;W03-C-Antwerpen-West-FH07;6807323;'20200219142313;W03-C-Antwerpen-West-FH07;19084;FTTH-Cu;;';';;;;;;;11377839;'20191016101106;1446139;'1630000;'13150;Hoogstraat;'55;';2000;Antwerpen;;'152019,919;'212116,498;';Y;NA;5;15;Unknown;Unknown;;None;;;';;';;Y;;;;'15/01/2019 12:41:18;3;11086050;;LU;1;';';';';';;;;;;;;';;';;Y;;;;'15/01/2019 12:41:18
;;;Zoning;6807323;'20200219142313;W03-C-Antwerpen-West-FH07;6807323;'20200219142313;W03-C-Antwerpen-West-FH07;19084;FTTH-Cu;;';';;;;;;;11377839;'20191016101106;1446139;'1630000;'13150;Hoogstraat;'55;';2000;Antwerpen;;'152019,919;'212116,498;';Y;NA;5;15;Unknown;Unknown;;None;;;';;';;Y;;;;'15/01/2019 12:41:18;4;11086051;;LU;1;';';';';';;;;;;;;';;';;Y;;;;'15/01/2019 12:41:18
;;;Zoning;6807323;'20200219142313;W03-C-Antwerpen-West-FH07;6807323;'20200219142313;W03-C-Antwerpen-West-FH07;19084;FTTH-Cu;;';';;;;;;;714425;'20190712080943;60708;'1630000;'13150;Hoogstraat;'57;';2000;Antwerpen;;'152018,013;'212112,53;';Y;NA;1;4;Unknown;Unknown;;None;;;';IFH_BATCH;'12/07/2019 07:31:06;;Y;;;;'12/07/2019 07:28:35;1;1817265;;BU;1;';';';';';Y;;APTBLD;APPARTEMENTSGEBOUW - IMMEUBLE A APPARTEMENTS;NA;;;';;';;Y;;;;'12/07/2019 07:28:35
;;;Zoning;6807323;'20200219142313;W03-C-Antwerpen-West-FH07;6807323;'20200219142313;W03-C-Antwerpen-West-FH07;19084;FTTH-Cu;;';';;;;;;;649909;'20190712080929;1944391;'1630000;'13150;Hoogstraat;'59;';2000;Antwerpen;;'152012,704;'212106,653;';Y;NA;1;4;Unknown;Unknown;;None;;;';IFH_BATCH;'12/07/2019 07:31:09;;Y;;;;'12/07/2019 07:28:35;1;1820271;;BU;1;';';';';';Y;;COMM;HANDELSZAAK - COMMERCE;NA;;;';;';;Y;;;;'12/07/2019 07:28:35
;;;Zoning;6807323;'20200219142313;W03-C-Antwerpen-West-FH07;6807323;'20200219142313;W03-C-Antwerpen-West-FH07;19084;FTTH-Cu;;';';;;;;;;649910;'20191016115337;1944392;'1630000;'13150;Hoogstraat;'61;';2000;Antwerpen;;'152008,375;'212100,482;';N;MON;5;0;Unknown;Unknown;;None;;;';IFH_BATCH;'12/07/2019 07:31:11;;Y;;;;'12/07/2019 07:28:35;1;1828343;;BU;1;';';';';';Y;;COMM;HANDELSZAAK - COMMERCE;NA;;;';;';;Y;;;;'12/07/2019 07:28:35
;;;Zoning;6807323;'20200219142313;W03-C-Antwerpen-West-FH07;6807323;'20200219142313;W03-C-Antwerpen-West-FH07;19084;FTTH-Cu;;';';;;;;;;649912;'20191016115337;1944394;'1630000;'13150;Hoogstraat;'63;';2000;Antwerpen;;'152006,227;'212095,047;';Y;NA;4;12;Unknown;Unknown;;None;;;';;';;Y;;;;'15/01/2019 12:41:18;1;1830268;;LU;1;';';';';';Y;#A1/L.R./;APPART;DEEL_APP_GEBOUW - PARTIE_IMMEUBLE_APP;APPART;;;';;';;Y;;;;'15/01/2019 12:41:18
;;;Zoning;6807323;'20200219142313;W03-C-Antwerpen-West-FH07;6807323;'20200219142313;W03-C-Antwerpen-West-FH07;19084;FTTH-Cu;;';';;;;;;;649912;'20191016115337;1944394;'1630000;'13150;Hoogstraat;'63;';2000;Antwerpen;;'152006,227;'212095,047;';Y;NA;4;12;Unknown;Unknown;;None;;;';;';;Y;;;;'15/01/2019 12:41:18;2;1830350;;LU;1;';';';';';Y;#A2/L.R;APPART;DEEL_APP_GEBOUW - PARTIE_IMMEUBLE_APP;APPART;;;';;';;Y;;;;'15/01/2019 12:41:18
;;;Zoning;6807323;'20200219142313;W03-C-Antwerpen-West-FH07;6807323;'20200219142313;W03-C-Antwerpen-West-FH07;19084;FTTH-Cu;;';';;;;;;;649912;'20191016115337;1944394;'1630000;'13150;Hoogstraat;'63;';2000;Antwerpen;;'152006,227;'212095,047;';Y;NA;4;12;Unknown;Unknown;;None;;;';;';;Y;;;;'15/01/2019 12:41:18;3;1830409;;LU;1;';';';';';Y;#A3/L/;APPART;DEEL_APP_GEBOUW - PARTIE_IMMEUBLE_APP;APPART;;;';;';;Y;;;;'15/01/2019 12:41:18
;;;Zoning;6807323;'20200219142313;W03-C-Antwerpen-West-FH07;6807323;'20200219142313;W03-C-Antwerpen-West-FH07;19084;FTTH-Cu;;';';;;;;;;649912;'20191016115337;1944394;'1630000;'13150;Hoogstraat;'63;';2000;Antwerpen;;'152006,227;'212095,047;';Y;NA;4;12;Unknown;Unknown;;None;;;';;';;Y;;;;'15/01/2019 12:41:18;4;1830416;;LU;1;';';';';';Y;#A3/R/;APPART;DEEL_APP_GEBOUW - PARTIE_IMMEUBLE_APP;APPART;;;';;';;Y;;;;'15/01/2019 12:41:18
;;;Zoning;6807323;'20200219142313;W03-C-Antwerpen-West-FH07;6807323;'20200219142313;W03-C-Antwerpen-West-FH07;19084;FTTH-Cu;;';';;;;;;;649912;'20191016115337;1944394;'1630000;'13150;Hoogstraat;'63;';2000;Antwerpen;;'152006,227;'212095,047;';Y;NA;4;12;Unknown;Unknown;;None;;;';;';;Y;;;;'15/01/2019 12:41:18;5;1830518;;BU;1;';';';';';Y;#HA.GV;APPART;DEEL_APP_GEBOUW - PARTIE_IMMEUBLE_APP;COMM;;;';;';;Y;;;;'15/01/2019 12:41:18
;;;Zoning;6807323;'20200219142313;W03-C-Antwerpen-West-FH07;6807323;'20200219142313;W03-C-Antwerpen-West-FH07;19084;FTTH-Cu;;';';;;;;;;692341;'20191016115338;4025975;'1630000;'13150;Hoogstraat;'65;';2000;Antwerpen;;'152002,941;'212091,066;';N;MON;4;0;Unknown;Unknown;;None;;;';IFH_BATCH;'12/07/2019 07:31:14;;Y;;;;'12/07/2019 07:28:35;1;1833689;;BU;1;';';';';';Y;;COMM;HANDELSZAAK - COMMERCE;NA;;;';;';;Y;;;;'12/07/2019 07:28:35
;;;Zoning;6807323;'20200219142313;W03-C-Antwerpen-West-FH07;6807323;'20200219142313;W03-C-Antwerpen-West-FH07;19084;FTTH-Cu;;';';;;;;;;692341;'20191016115338;4025975;'1630000;'13150;Hoogstraat;'65;';2000;Antwerpen;;'152002,941;'212091,066;';N;MON;4;0;Unknown;Unknown;;None;;;';IFH_BATCH;'12/07/2019 07:31:14;;Y;;;;'12/07/2019 07:28:35;2;1833690;;LU;1;';';';';';Y;;COMM;HANDELSZAAK - COMMERCE;NA;;;';;';;Y;;;;'12/07/2019 07:28:35
;;;Zoning;6807323;'20200219142313;W03-C-Antwerpen-West-FH07;6807323;'20200219142313;W03-C-Antwerpen-West-FH07;19084;FTTH-Cu;;';';;;;;;;692341;'20191016115338;4025975;'1630000;'13150;Hoogstraat;'65;';2000;Antwerpen;;'152002,941;'212091,066;';N;MON;4;0;Unknown;Unknown;;None;;;';IFH_BATCH;'12/07/2019 07:31:14;;Y;;;;'12/07/2019 07:28:35;3;11086671;;LU;1;';';';';';;;;;;;;';;';;Y;;;;'12/07/2019 07:28:35
;;;Zoning;6807323;'20200219142313;W03-C-Antwerpen-West-FH07;6807323;'20200219142313;W03-C-Antwerpen-West-FH07;19084;FTTH-Cu;;';';;;;;;;692341;'20191016115338;4025975;'1630000;'13150;Hoogstraat;'65;';2000;Antwerpen;;'152002,941;'212091,066;';N;MON;4;0;Unknown;Unknown;;None;;;';IFH_BATCH;'12/07/2019 07:31:14;;Y;;;;'12/07/2019 07:28:35;4;11086672;;LU;1;';';';';';;;;;;;;';;';;Y;;;;'12/07/2019 07:28:35
;;;Zoning;6807323;'20200219142313;W03-C-Antwerpen-West-FH07;6807323;'20200219142313;W03-C-Antwerpen-West-FH07;19084;FTTH-Cu;;';';;;;;;;649914;'20191016115337;1944396;'1630000;'13150;Hoogstraat;'67;';2000;Antwerpen;;'151999,522;'212085,479;';Y;NA;5;15;Unknown;Unknown;;None;;;';;';;Y;;;;'15/01/2019 12:41:18;1;1836182;;LU;1;';';';';';Y;;APTBLD;APPARTEMENTSGEBOUW - IMMEUBLE A APPARTEMENTS;NA;;;';;';;Y;;;;'15/01/2019 12:41:18
;;;Zoning;6807323;'20200219142313;W03-C-Antwerpen-West-FH07;6807323;'20200219142313;W03-C-Antwerpen-West-FH07;19084;FTTH-Cu;;';';;;;;;;649914;'20191016115337;1944396;'1630000;'13150;Hoogstraat;'67;';2000;Antwerpen;;'151999,522;'212085,479;';Y;NA;5;15;Unknown;Unknown;;None;;;';;';;Y;;;;'15/01/2019 12:41:18;2;1836183;;LU;1;';';';';';Y;;APTBLD;APPARTEMENTSGEBOUW - IMMEUBLE A APPARTEMENTS;NA;;;';;';;Y;;;;'15/01/2019 12:41:18
;;;Zoning;6807323;'20200219142313;W03-C-Antwerpen-West-FH07;6807323;'20200219142313;W03-C-Antwerpen-West-FH07;19084;FTTH-Cu;;';';;;;;;;649914;'20191016115337;1944396;'1630000;'13150;Hoogstraat;'67;';2000;Antwerpen;;'151999,522;'212085,479;';Y;NA;5;15;Unknown;Unknown;;None;;;';;';;Y;;;;'15/01/2019 12:41:18;3;1836184;;LU;1;';';';';';Y;;APTBLD;APPARTEMENTSGEBOUW - IMMEUBLE A APPARTEMENTS;NA;;;';;';;Y;;;;'15/01/2019 12:41:18
;;;Zoning;6807323;'20200219142313;W03-C-Antwerpen-West-FH07;6807323;'20200219142313;W03-C-Antwerpen-West-FH07;19084;FTTH-Cu;;';';;;;;;;649914;'20191016115337;1944396;'1630000;'13150;Hoogstraat;'67;';2000;Antwerpen;;'151999,522;'212085,479;';Y;NA;5;15;Unknown;Unknown;;None;;;';;';;Y;;;;'15/01/2019 12:41:18;4;1836185;;LU;1;';';';';';Y;;APTBLD;APPARTEMENTSGEBOUW - IMMEUBLE A APPARTEMENTS;NA;;;';;';;Y;;;;'15/01/2019 12:41:18
;;;Zoning;6807323;'20200219142313;W03-C-Antwerpen-West-FH07;6807323;'20200219142313;W03-C-Antwerpen-West-FH07;19084;FTTH-Cu;;';';;;;;;;649914;'20191016115337;1944396;'1630000;'13150;Hoogstraat;'67;';2000;Antwerpen;;'151999,522;'212085,479;';Y;NA;5;15;Unknown;Unknown;;None;;;';;';;Y;;;;'15/01/2019 12:41:18;5;1836186;;LU;1;';';';';';Y;;APTBLD;APPARTEMENTSGEBOUW - IMMEUBLE A APPARTEMENTS;NA;;;';;';;Y;;;;'15/01/2019 12:41:18
;;;Zoning;6807323;'20200219142313;W03-C-Antwerpen-West-FH07;6807323;'20200219142313;W03-C-Antwerpen-West-FH07;19084;FTTH-Cu;;';';;;;;;;649914;'20191016115337;1944396;'1630000;'13150;Hoogstraat;'67;';2000;Antwerpen;;'151999,522;'212085,479;';Y;NA;5;15;Unknown;Unknown;;None;;;';;';;Y;;;;'15/01/2019 12:41:18;6;1836187;;LU;1;';';';';';Y;;APTBLD;APPARTEMENTSGEBOUW - IMMEUBLE A APPARTEMENTS;NA;;;';;';;Y;;;;'15/01/2019 12:41:18
;;;Zoning;6807323;'20200219142313;W03-C-Antwerpen-West-FH07;6807323;'20200219142313;W03-C-Antwerpen-West-FH07;19084;FTTH-Cu;;';';;;;;;;649914;'20191016115337;1944396;'1630000;'13150;Hoogstraat;'67;';2000;Antwerpen;;'151999,522;'212085,479;';Y;NA;5;15;Unknown;Unknown;;None;;;';;';;Y;;;;'15/01/2019 12:41:18;7;1836188;;LU;1;';';';';';Y;;APTBLD;APPARTEMENTSGEBOUW - IMMEUBLE A APPARTEMENTS;NA;;;';;';;Y;;;;'15/01/2019 12:41:18
;;;Zoning;6807323;'20200219142313;W03-C-Antwerpen-West-FH07;6807323;'20200219142313;W03-C-Antwerpen-West-FH07;19084;FTTH-Cu;;';';;;;;;;649914;'20191016115337;1944396;'1630000;'13150;Hoogstraat;'67;';2000;Antwerpen;;'151999,522;'212085,479;';Y;NA;5;15;Unknown;Unknown;;None;;;';;';;Y;;;;'15/01/2019 12:41:18;8;11086673;;BU;1;';';';';';;;;;;;;';;';;Y;;;;'15/01/2019 12:41:18
;;;Zoning;6807323;'20200219142313;W03-C-Antwerpen-West-FH07;6807323;'20200219142313;W03-C-Antwerpen-West-FH07;19084;FTTH-Cu;;';';;;;;;;649914;'20191016115337;1944396;'1630000;'13150;Hoogstraat;'67;';2000;Antwerpen;;'151999,522;'212085,479;';Y;NA;5;15;Unknown;Unknown;;None;;;';;';;Y;;;;'15/01/2019 12:41:18;9;11086674;;LU;1;';';';';';;;;;;;;';;';;Y;;;;'15/01/2019 12:41:18
;;;Zoning;6807323;'20200219142313;W03-C-Antwerpen-West-FH07;6807323;'20200219142313;W03-C-Antwerpen-West-FH07;19084;FTTH-Cu;;';';;;;;;;614742;'20191016115337;1230196;'1630000;'13150;Hoogstraat;'69;';2000;Antwerpen;;'151993,967;'212073,056;';N;MON;6;0;Unknown;Unknown;;None;;;';IFH_BATCH;'12/07/2019 07:31:16;;Y;;;;'12/07/2019 07:28:35;1;1837626;;LU;1;';';';';';Y;#A.GV/A1/S6-B6;APPART;DEEL_APP_GEBOUW - PARTIE_IMMEUBLE_APP;APPART;;;';;';;Y;;;;'12/07/2019 07:28:35
;;;Zoning;6807323;'20200219142313;W03-C-Antwerpen-West-FH07;6807323;'20200219142313;W03-C-Antwerpen-West-FH07;19084;FTTH-Cu;;';';;;;;;;614742;'20191016115337;1230196;'1630000;'13150;Hoogstraat;'69;';2000;Antwerpen;;'151993,967;'212073,056;';N;MON;6;0;Unknown;Unknown;;None;;;';IFH_BATCH;'12/07/2019 07:31:16;;Y;;;;'12/07/2019 07:28:35;2;1837646;;LU;1;';';';';';Y;#A.GV/S1/B1;APPART;DEEL_APP_GEBOUW - PARTIE_IMMEUBLE_APP;APPART;;;';;';;Y;;;;'12/07/2019 07:28:35
;;;Zoning;6807323;'20200219142313;W03-C-Antwerpen-West-FH07;6807323;'20200219142313;W03-C-Antwerpen-West-FH07;19084;FTTH-Cu;;';';;;;;;;614742;'20191016115337;1230196;'1630000;'13150;Hoogstraat;'69;';2000;Antwerpen;;'151993,967;'212073,056;';N;MON;6;0;Unknown;Unknown;;None;;;';IFH_BATCH;'12/07/2019 07:31:16;;Y;;;;'12/07/2019 07:28:35;3;1837647;;LU;1;';';';';';Y;#A.GV/S2/B3;APPART;DEEL_APP_GEBOUW - PARTIE_IMMEUBLE_APP;APPART;;;';;';;Y;;;;'12/07/2019 07:28:35
;;;Zoning;6807323;'20200219142313;W03-C-Antwerpen-West-FH07;6807323;'20200219142313;W03-C-Antwerpen-West-FH07;19084;FTTH-Cu;;';';;;;;;;614742;'20191016115337;1230196;'1630000;'13150;Hoogstraat;'69;';2000;Antwerpen;;'151993,967;'212073,056;';N;MON;6;0;Unknown;Unknown;;None;;;';IFH_BATCH;'12/07/2019 07:31:16;;Y;;;;'12/07/2019 07:28:35;4;1837658;;LU;1;';';';';';Y;#A1/10.1/;APPART;DEEL_APP_GEBOUW - PARTIE_IMMEUBLE_APP;APPART;;;';;';;Y;;;;'12/07/2019 07:28:35
;;;Zoning;6807323;'20200219142313;W03-C-Antwerpen-West-FH07;6807323;'20200219142313;W03-C-Antwerpen-West-FH07;19084;FTTH-Cu;;';';;;;;;;614742;'20191016115337;1230196;'1630000;'13150;Hoogstraat;'69;';2000;Antwerpen;;'151993,967;'212073,056;';N;MON;6;0;Unknown;Unknown;;None;;;';IFH_BATCH;'12/07/2019 07:31:16;;Y;;;;'12/07/2019 07:28:35;5;1837672;;LU;1;';';';';';Y;#A1/A2/S4-B5;APPART;DEEL_APP_GEBOUW - PARTIE_IMMEUBLE_APP;APPART;;;';;';;Y;;;;'12/07/2019 07:28:35
;;;Zoning;6807323;'20200219142313;W03-C-Antwerpen-West-FH07;6807323;'20200219142313;W03-C-Antwerpen-West-FH07;19084;FTTH-Cu;;';';;;;;;;614742;'20191016115337;1230196;'1630000;'13150;Hoogstraat;'69;';2000;Antwerpen;;'151993,967;'212073,056;';N;MON;6;0;Unknown;Unknown;;None;;;';IFH_BATCH;'12/07/2019 07:31:16;;Y;;;;'12/07/2019 07:28:35;6;1837673;;LU;1;';';';';';Y;#A1/A3/S.3;APPART;DEEL_APP_GEBOUW - PARTIE_IMMEUBLE_APP;APPART;;;';;';;Y;;;;'12/07/2019 07:28:35
;;;Zoning;6807323;'20200219142313;W03-C-Antwerpen-West-FH07;6807323;'20200219142313;W03-C-Antwerpen-West-FH07;19084;FTTH-Cu;;';';;;;;;;614742;'20191016115337;1230196;'1630000;'13150;Hoogstraat;'69;';2000;Antwerpen;;'151993,967;'212073,056;';N;MON;6;0;Unknown;Unknown;;None;;;';IFH_BATCH;'12/07/2019 07:31:16;;Y;;;;'12/07/2019 07:28:35;7;1837674;;LU;1;';';';';';Y;#A1/A4/B4;APPART;DEEL_APP_GEBOUW - PARTIE_IMMEUBLE_APP;APPART;;;';;';;Y;;;;'12/07/2019 07:28:35
;;;Zoning;6807323;'20200219142313;W03-C-Antwerpen-West-FH07;6807323;'20200219142313;W03-C-Antwerpen-West-FH07;19084;FTTH-Cu;;';';;;;;;;614742;'20191016115337;1230196;'1630000;'13150;Hoogstraat;'69;';2000;Antwerpen;;'151993,967;'212073,056;';N;MON;6;0;Unknown;Unknown;;None;;;';IFH_BATCH;'12/07/2019 07:31:16;;Y;;;;'12/07/2019 07:28:35;8;1837721;;LU;1;';';';';';Y;#A2.3/A6/S2-B7;APPART;DEEL_APP_GEBOUW - PARTIE_IMMEUBLE_APP;APPART;;;';;';;Y;;;;'12/07/2019 07:28:35
;;;Zoning;6807323;'20200219142313;W03-C-Antwerpen-West-FH07;6807323;'20200219142313;W03-C-Antwerpen-West-FH07;19084;FTTH-Cu;;';';;;;;;;614742;'20191016115337;1230196;'1630000;'13150;Hoogstraat;'69;';2000;Antwerpen;;'151993,967;'212073,056;';N;MON;6;0;Unknown;Unknown;;None;;;';IFH_BATCH;'12/07/2019 07:31:16;;Y;;;;'12/07/2019 07:28:35;9;1837722;;LU;1;';';';';';Y;#A2.3/A7/S1-B8;APPART;DEEL_APP_GEBOUW - PARTIE_IMMEUBLE_APP;APPART;;;';;';;Y;;;;'12/07/2019 07:28:35
;;;Zoning;6807323;'20200219142313;W03-C-Antwerpen-West-FH07;6807323;'20200219142313;W03-C-Antwerpen-West-FH07;19084;FTTH-Cu;;';';;;;;;;614742;'20191016115337;1230196;'1630000;'13150;Hoogstraat;'69;';2000;Antwerpen;;'151993,967;'212073,056;';N;MON;6;0;Unknown;Unknown;;None;;;';IFH_BATCH;'12/07/2019 07:31:16;;Y;;;;'12/07/2019 07:28:35;10;1837725;;LU;1;';';';';';Y;#A2/10.2/;APPART;DEEL_APP_GEBOUW - PARTIE_IMMEUBLE_APP;APPART;;;';;';;Y;;;;'12/07/2019 07:28:35
;;;Zoning;6807323;'20200219142313;W03-C-Antwerpen-West-FH07;6807323;'20200219142313;W03-C-Antwerpen-West-FH07;19084;FTTH-Cu;;';';;;;;;;614742;'20191016115337;1230196;'1630000;'13150;Hoogstraat;'69;';2000;Antwerpen;;'151993,967;'212073,056;';N;MON;6;0;Unknown;Unknown;;None;;;';IFH_BATCH;'12/07/2019 07:31:16;;Y;;;;'12/07/2019 07:28:35;11;1837737;;LU;1;';';';';';Y;#A2/A2.2;APPART;DEEL_APP_GEBOUW - PARTIE_IMMEUBLE_APP;APPART;;;';;';;Y;;;;'12/07/2019 07:28:35
;;;Zoning;6807323;'20200219142313;W03-C-Antwerpen-West-FH07;6807323;'20200219142313;W03-C-Antwerpen-West-FH07;19084;FTTH-Cu;;';';;;;;;;614742;'20191016115337;1230196;'1630000;'13150;Hoogstraat;'69;';2000;Antwerpen;;'151993,967;'212073,056;';N;MON;6;0;Unknown;Unknown;;None;;;';IFH_BATCH;'12/07/2019 07:31:16;;Y;;;;'12/07/2019 07:28:35;12;1837740;;LU;1;';';';';';Y;#A2/A5/S9-B2;APPART;DEEL_APP_GEBOUW - PARTIE_IMMEUBLE_APP;APPART;;;';;';;Y;;;;'12/07/2019 07:28:35
;;;Zoning;6807323;'20200219142313;W03-C-Antwerpen-West-FH07;6807323;'20200219142313;W03-C-Antwerpen-West-FH07;19084;FTTH-Cu;;';';;;;;;;614742;'20191016115337;1230196;'1630000;'13150;Hoogstraat;'69;';2000;Antwerpen;;'151993,967;'212073,056;';N;MON;6;0;Unknown;Unknown;;None;;;';IFH_BATCH;'12/07/2019 07:31:16;;Y;;;;'12/07/2019 07:28:35;16;1837860;;BU;1;';';';';';Y;#HA.GV/W1/K1;APPART;DEEL_APP_GEBOUW - PARTIE_IMMEUBLE_APP;COMM;;;';;';;Y;;;;'12/07/2019 07:28:35
;;;Zoning;6807323;'20200219142313;W03-C-Antwerpen-West-FH07;6807323;'20200219142313;W03-C-Antwerpen-West-FH07;19084;FTTH-Cu;;';';;;;;;;614742;'20191016115337;1230196;'1630000;'13150;Hoogstraat;'69;';2000;Antwerpen;;'151993,967;'212073,056;';N;MON;6;0;Unknown;Unknown;;None;;;';IFH_BATCH;'12/07/2019 07:31:16;;Y;;;;'12/07/2019 07:28:35;17;1837861;;BU;1;';';';';';Y;#HA.GV/W2/K2;APPART;DEEL_APP_GEBOUW - PARTIE_IMMEUBLE_APP;COMM;;;';;';;Y;;;;'12/07/2019 07:28:35
;;;Zoning;6807323;'20200219142313;W03-C-Antwerpen-West-FH07;6807323;'20200219142313;W03-C-Antwerpen-West-FH07;19084;FTTH-Cu;;';';;;;;;;649917;'20190712080929;1944400;'1630000;'13150;Hoogstraat;'71;';2000;Antwerpen;;'151992,419;'212063,176;';Y;NA;4;4;Unknown;Unknown;;None;;;';IFH_BATCH;'12/07/2019 07:31:18;;Y;;;;'12/07/2019 07:28:35;1;1844531;;BU;1;';';';';';Y;;COMM;HANDELSZAAK - COMMERCE;NA;;;';;';;Y;;;;'12/07/2019 07:28:35
;;;Zoning;6807323;'20200219142313;W03-C-Antwerpen-West-FH07;6807323;'20200219142313;W03-C-Antwerpen-West-FH07;19084;FTTH-Cu;;';';;;;;;;649918;'20190604080259;1944401;'1630000;'13150;Hoogstraat;'73;';2000;Antwerpen;;'151989,39;'212059,133;';Y;NA;5;15;Unknown;Unknown;;None;;;';;';;Y;;;;'15/01/2019 12:41:18;1;1846565;;BU;1;';';';';';Y;;COMM;HANDELSZAAK - COMMERCE;NA;;;';;';;Y;;;;'15/01/2019 12:41:18
;;;Zoning;6807323;'20200219142313;W03-C-Antwerpen-West-FH07;6807323;'20200219142313;W03-C-Antwerpen-West-FH07;19084;FTTH-Cu;;';';;;;;;;649918;'20190604080259;1944401;'1630000;'13150;Hoogstraat;'73;';2000;Antwerpen;;'151989,39;'212059,133;';Y;NA;5;15;Unknown;Unknown;;None;;;';;';;Y;;;;'15/01/2019 12:41:18;2;11086675;;LU;1;';';';';';;;;;;;;';;';;Y;;;;'15/01/2019 12:41:18
;;;Zoning;6807323;'20200219142313;W03-C-Antwerpen-West-FH07;6807323;'20200219142313;W03-C-Antwerpen-West-FH07;19084;FTTH-Cu;;';';;;;;;;649918;'20190604080259;1944401;'1630000;'13150;Hoogstraat;'73;';2000;Antwerpen;;'151989,39;'212059,133;';Y;NA;5;15;Unknown;Unknown;;None;;;';;';;Y;;;;'15/01/2019 12:41:18;3;11086676;;LU;1;';';';';';;;;;;;;';;';;Y;;;;'15/01/2019 12:41:18
;;;Zoning;6807323;'20200219142313;W03-C-Antwerpen-West-FH07;6807323;'20200219142313;W03-C-Antwerpen-West-FH07;19084;FTTH-Cu;;';';;;;;;;649918;'20190604080259;1944401;'1630000;'13150;Hoogstraat;'73;';2000;Antwerpen;;'151989,39;'212059,133;';Y;NA;5;15;Unknown;Unknown;;None;;;';;';;Y;;;;'15/01/2019 12:41:18;4;11086677;;LU;1;';';';';';;;;;;;;';;';;Y;;;;'15/01/2019 12:41:18
;;;Zoning;6807323;'20200219142313;W03-C-Antwerpen-West-FH07;6807323;'20200219142313;W03-C-Antwerpen-West-FH07;19084;FTTH-Cu;;';';;;;;;;649918;'20190604080259;1944401;'1630000;'13150;Hoogstraat;'73;';2000;Antwerpen;;'151989,39;'212059,133;';Y;NA;5;15;Unknown;Unknown;;None;;;';;';;Y;;;;'15/01/2019 12:41:18;5;11086678;;SU;1;';';';';';;;;;;;;';;';;Y;;;;'15/01/2019 12:41:18
;;;Zoning;6807323;'20200219142313;W03-C-Antwerpen-West-FH07;6807323;'20200219142313;W03-C-Antwerpen-West-FH07;19084;FTTH-Cu;;';';;;;;;;649920;'20190712080929;1944403;'1630000;'13150;Hoogstraat;'75;';2000;Antwerpen;;'151987,238;'212054,265;';Y;NA;5;4;Unknown;Unknown;;None;;;';IFH_BATCH;'12/07/2019 07:31:21;;Y;;;;'12/07/2019 07:28:35;1;1848549;;BU;1;';';';';';Y;;COMM;HANDELSZAAK - COMMERCE;NA;;;';;';;Y;;;;'12/07/2019 07:28:35
;;;Zoning;6807323;'20200219142313;W03-C-Antwerpen-West-FH07;6807323;'20200219142313;W03-C-Antwerpen-West-FH07;19084;FTTH-Cu;;';';;;;;;;649920;'20190712080929;1944403;'1630000;'13150;Hoogstraat;'75;';2000;Antwerpen;;'151987,238;'212054,265;';Y;NA;5;4;Unknown;Unknown;;None;;;';IFH_BATCH;'12/07/2019 07:31:21;;Y;;;;'12/07/2019 07:28:35;2;1848550;;LU;1;';';';';';Y;;COMM;HANDELSZAAK - COMMERCE;NA;;;';;';;Y;;;;'12/07/2019 07:28:35
;;;Zoning;6807323;'20200219142313;W03-C-Antwerpen-West-FH07;6807323;'20200219142313;W03-C-Antwerpen-West-FH07;19084;FTTH-Cu;;';';;;;;;;649920;'20190712080929;1944403;'1630000;'13150;Hoogstraat;'75;';2000;Antwerpen;;'151987,238;'212054,265;';Y;NA;5;4;Unknown;Unknown;;None;;;';IFH_BATCH;'12/07/2019 07:31:21;;Y;;;;'12/07/2019 07:28:35;3;11086679;;LU;1;';';';';';;;;;;;;';;';;Y;;;;'12/07/2019 07:28:35
;;;Zoning;6807323;'20200219142313;W03-C-Antwerpen-West-FH07;6807323;'20200219142313;W03-C-Antwerpen-West-FH07;19084;FTTH-Cu;;';';;;;;;;649921;'20190604080259;1944404;'1630000;'13150;Hoogstraat;'77;';2000;Antwerpen;;'151984,773;'212050,347;';Y;NA;4;12;Unknown;Unknown;;None;;;';;';;Y;;;;'15/01/2019 12:41:18;1;1850663;;BU;1;';';';';';Y;;COMM;HANDELSZAAK - COMMERCE;NA;;;';;';;Y;;;;'15/01/2019 12:41:18
;;;Zoning;6807323;'20200219142313;W03-C-Antwerpen-West-FH07;6807323;'20200219142313;W03-C-Antwerpen-West-FH07;19084;FTTH-Cu;;';';;;;;;;649921;'20190604080259;1944404;'1630000;'13150;Hoogstraat;'77;';2000;Antwerpen;;'151984,773;'212050,347;';Y;NA;4;12;Unknown;Unknown;;None;;;';;';;Y;;;;'15/01/2019 12:41:18;2;11086680;;LU;1;';';';';';;;;;;;;';;';;Y;;;;'15/01/2019 12:41:18
;;;Zoning;6807323;'20200219142313;W03-C-Antwerpen-West-FH07;6807323;'20200219142313;W03-C-Antwerpen-West-FH07;19084;FTTH-Cu;;';';;;;;;;649921;'20190604080259;1944404;'1630000;'13150;Hoogstraat;'77;';2000;Antwerpen;;'151984,773;'212050,347;';Y;NA;4;12;Unknown;Unknown;;None;;;';;';;Y;;;;'15/01/2019 12:41:18;3;11086681;;LU;1;';';';';';;;;;;;;';;';;Y;;;;'15/01/2019 12:41:18
;;;Zoning;6807323;'20200219142313;W03-C-Antwerpen-West-FH07;6807323;'20200219142313;W03-C-Antwerpen-West-FH07;19084;FTTH-Cu;;';';;;;;;;649921;'20190604080259;1944404;'1630000;'13150;Hoogstraat;'77;';2000;Antwerpen;;'151984,773;'212050,347;';Y;NA;4;12;Unknown;Unknown;;None;;;';;';;Y;;;;'15/01/2019 12:41:18;4;11086682;;SU;1;';';';';';;;;;;;;';;';;Y;;;;'15/01/2019 12:41:18
;;;Zoning;6807323;'20200219142313;W03-C-Antwerpen-West-FH07;6807323;'20200219142313;W03-C-Antwerpen-West-FH07;19084;FTTH-Cu;11382475;'20190604080300;'Hoogstraat 79 + 81 Steenhouwersvest 1 A;;;;;;;649922;'20190604080300;1944405;'1630000;'13150;Hoogstraat;'79;';2000;Antwerpen;;'151982,408;'212046,35;';N;ORN;5;15;Unknown;Unknown;;None;;;';;';;Y;;;;'15/01/2019 12:41:18;1;1851908;;LU;1;';';';';';Y;#A.1/W/;APPART;DEEL_APP_GEBOUW - PARTIE_IMMEUBLE_APP;APPART;;;';;';;Y;;;;'15/01/2019 12:41:18
;;;Zoning;6807323;'20200219142313;W03-C-Antwerpen-West-FH07;6807323;'20200219142313;W03-C-Antwerpen-West-FH07;19084;FTTH-Cu;11382475;'20190604080300;'Hoogstraat 79 + 81 Steenhouwersvest 1 A;;;;;;;649922;'20190604080300;1944405;'1630000;'13150;Hoogstraat;'79;';2000;Antwerpen;;'151982,408;'212046,35;';N;ORN;5;15;Unknown;Unknown;;None;;;';;';;Y;;;;'15/01/2019 12:41:18;4;1852059;;BU;1;';';';';';Y;#HA.GV/W/K.W;APPART;DEEL_APP_GEBOUW - PARTIE_IMMEUBLE_APP;COMM;;;';;';;Y;;;;'15/01/2019 12:41:18
;;;Zoning;6807323;'20200219142313;W03-C-Antwerpen-West-FH07;6807323;'20200219142313;W03-C-Antwerpen-West-FH07;19084;FTTH-Cu;11382475;'20190604080300;'Hoogstraat 79 + 81 Steenhouwersvest 1 A;;;;;;;710477;'20190604080300;48910;'1630000;'13150;Hoogstraat;'81;';2000;Antwerpen;;'151977,747;'212042,998;';N;ORN;5;15;Unknown;Unknown;;None;;;';;';;Y;;;;'15/01/2019 12:41:18;1;1857935;;BU;1;';';';';';Y;#HA.GV/W1/K.W1;APPART;DEEL_APP_GEBOUW - PARTIE_IMMEUBLE_APP;COMM;;;';;';;Y;;;;'15/01/2019 12:41:18
;;;Zoning;6807323;'20200219142313;W03-C-Antwerpen-West-FH07;6807323;'20200219142313;W03-C-Antwerpen-West-FH07;19084;FTTH-Cu;;';';;;;;;;711981;'20200113085621;55303;'1630000;'14410;Kammenstraat;'2;';2000;Antwerpen;;'152192,37;'212091,075;';N;IRREG;6;18;Unknown;Unknown;;None;;;';;';;Y;;;;'15/01/2019 12:41:18;1;1691657;;BU;1;';';';';';Y;#HA.GV/-;APPART;DEEL_APP_GEBOUW - PARTIE_IMMEUBLE_APP;COMM;;;';;';;Y;;;;'15/01/2019 12:41:18
;;;Zoning;6807323;'20200219142313;W03-C-Antwerpen-West-FH07;6807323;'20200219142313;W03-C-Antwerpen-West-FH07;19084;FTTH-Cu;;';';;;;;;;11377872;'20200113085529;60725;'1630000;'14410;Kammenstraat;'10;';2000;Antwerpen;;'152189,644;'212066,466;';Y;IRREG;1;3;Unknown;Unknown;;None;;;';;';;Y;;;;'15/01/2019 12:41:18;1;11086062;;BU;1;';';';';';;;;;;;;';;';;Y;;;;'15/01/2019 12:41:18
;;;Zoning;6807323;'20200219142313;W03-C-Antwerpen-West-FH07;6807323;'20200219142313;W03-C-Antwerpen-West-FH07;19084;FTTH-Cu;11382520;'20190604080257;'Nationalestraat 12 - Kammenstraat 11;;;;;;;637740;'20190712080955;182842;'1630000;'14410;Kammenstraat;'11;';2000;Antwerpen;;'152209,082;'212043,407;';N;ORN;5;0;Unknown;Unknown;;None;;;';IFH_BATCH;'12/07/2019 07:31:30;;Y;;;;'12/07/2019 07:28:35;1;1628134;;LU;1;';';';';';Y;#A1/1V/B1;APPART;DEEL_APP_GEBOUW - PARTIE_IMMEUBLE_APP;APPART;;;';;';;Y;;;;'12/07/2019 07:28:35
;;;Zoning;6807323;'20200219142313;W03-C-Antwerpen-West-FH07;6807323;'20200219142313;W03-C-Antwerpen-West-FH07;19084;FTTH-Cu;11382520;'20190604080257;'Nationalestraat 12 - Kammenstraat 11;;;;;;;637740;'20190712080955;182842;'1630000;'14410;Kammenstraat;'11;';2000;Antwerpen;;'152209,082;'212043,407;';N;ORN;5;0;Unknown;Unknown;;None;;;';IFH_BATCH;'12/07/2019 07:31:30;;Y;;;;'12/07/2019 07:28:35;2;1628504;;LU;1;';';';';';Y;#A2/V2/B2;APPART;DEEL_APP_GEBOUW - PARTIE_IMMEUBLE_APP;APPART;;;';;';;Y;;;;'12/07/2019 07:28:35
;;;Zoning;6807323;'20200219142313;W03-C-Antwerpen-West-FH07;6807323;'20200219142313;W03-C-Antwerpen-West-FH07;19084;FTTH-Cu;11382520;'20190604080257;'Nationalestraat 12 - Kammenstraat 11;;;;;;;637740;'20190712080955;182842;'1630000;'14410;Kammenstraat;'11;';2000;Antwerpen;;'152209,082;'212043,407;';N;ORN;5;0;Unknown;Unknown;;None;;;';IFH_BATCH;'12/07/2019 07:31:30;;Y;;;;'12/07/2019 07:28:35;3;1628614;;LU;1;';';';';';Y;#A3/V3/B3;APPART;DEEL_APP_GEBOUW - PARTIE_IMMEUBLE_APP;APPART;;;';;';;Y;;;;'12/07/2019 07:28:35
;;;Zoning;6807323;'20200219142313;W03-C-Antwerpen-West-FH07;6807323;'20200219142313;W03-C-Antwerpen-West-FH07;19084;FTTH-Cu;11382520;'20190604080257;'Nationalestraat 12 - Kammenstraat 11;;;;;;;637740;'20190712080955;182842;'1630000;'14410;Kammenstraat;'11;';2000;Antwerpen;;'152209,082;'212043,407;';N;ORN;5;0;Unknown;Unknown;;None;;;';IFH_BATCH;'12/07/2019 07:31:30;;Y;;;;'12/07/2019 07:28:35;4;11087115;;LU;1;';';';';';;;;;;;;';;';;Y;;;;'12/07/2019 07:28:35
;;;Zoning;6807323;'20200219142313;W03-C-Antwerpen-West-FH07;6807323;'20200219142313;W03-C-Antwerpen-West-FH07;19084;FTTH-Cu;11382517;'20190604080256;'Kammenstraat 12 en Bergstraat 18;;;;;;;714438;'20190712080943;60723;'1630000;'14410;Kammenstraat;'12;';2000;Antwerpen;;'152192,047;'212054,148;';Y;NA;1;4;Unknown;Unknown;;None;;;';IFH_BATCH;'12/07/2019 07:31:23;;Y;;;;'12/07/2019 07:28:35;1;1640063;;BU;1;';';';';';Y;;COMM;HANDELSZAAK - COMMERCE;NA;;;';;';;Y;;;;'12/07/2019 07:28:35
;;;Zoning;6807323;'20200219142313;W03-C-Antwerpen-West-FH07;6807323;'20200219142313;W03-C-Antwerpen-West-FH07;19084;FTTH-Cu;;';';;;;;;;11377801;'20191016094624;1959753;'1630000;'14410;Kammenstraat;'13;';2000;Antwerpen;;'152209,164;'212037,478;';Y;ORN;5;15;Unknown;Unknown;;None;;;';;';;Y;;;;'15/01/2019 12:41:18;1;11086015;;LU;1;';';';';';;;;;;;;';;';;Y;;;;'15/01/2019 12:41:18
;;;Zoning;6807323;'20200219142313;W03-C-Antwerpen-West-FH07;6807323;'20200219142313;W03-C-Antwerpen-West-FH07;19084;FTTH-Cu;;';';;;;;;;11377801;'20191016094624;1959753;'1630000;'14410;Kammenstraat;'13;';2000;Antwerpen;;'152209,164;'212037,478;';Y;ORN;5;15;Unknown;Unknown;;None;;;';;';;Y;;;;'15/01/2019 12:41:18;2;11086016;;LU;1;';';';';';;;;;;;;';;';;Y;;;;'15/01/2019 12:41:18
;;;Zoning;6807323;'20200219142313;W03-C-Antwerpen-West-FH07;6807323;'20200219142313;W03-C-Antwerpen-West-FH07;19084;FTTH-Cu;;';';;;;;;;11377801;'20191016094624;1959753;'1630000;'14410;Kammenstraat;'13;';2000;Antwerpen;;'152209,164;'212037,478;';Y;ORN;5;15;Unknown;Unknown;;None;;;';;';;Y;;;;'15/01/2019 12:41:18;3;11086017;;LU;1;';';';';';;;;;;;;';;';;Y;;;;'15/01/2019 12:41:18
;;;Zoning;6807323;'20200219142313;W03-C-Antwerpen-West-FH07;6807323;'20200219142313;W03-C-Antwerpen-West-FH07;19084;FTTH-Cu;;';';;;;;;;715017;'20200110122457;61094;'1630000;'14410;Kammenstraat;'18;';2000;Antwerpen;;'152182,069;'212023,56;';N;ORN;6;0;Unknown;Unknown;;None;;;';IFH_BATCH;'12/07/2019 07:31:25;;Y;;;;'12/07/2019 07:28:35;1;1680050;;BU;1;';';';';';Y;;COMM;HANDELSZAAK - COMMERCE;NA;;;';;';;Y;;;;'12/07/2019 07:28:35
;;;Zoning;6807323;'20200219142313;W03-C-Antwerpen-West-FH07;6807323;'20200219142313;W03-C-Antwerpen-West-FH07;19084;FTTH-Cu;;';';;;;;;;715017;'20200110122457;61094;'1630000;'14410;Kammenstraat;'18;';2000;Antwerpen;;'152182,069;'212023,56;';N;ORN;6;0;Unknown;Unknown;;None;;;';IFH_BATCH;'12/07/2019 07:31:25;;Y;;;;'12/07/2019 07:28:35;2;11086683;;BU;1;';';';';';;;;;;;;';;';;Y;;;;'12/07/2019 07:28:35
;;;Zoning;6807323;'20200219142313;W03-C-Antwerpen-West-FH07;6807323;'20200219142313;W03-C-Antwerpen-West-FH07;19084;FTTH-Cu;;';';;;;;;;715017;'20200110122457;61094;'1630000;'14410;Kammenstraat;'18;';2000;Antwerpen;;'152182,069;'212023,56;';N;ORN;6;0;Unknown;Unknown;;None;;;';IFH_BATCH;'12/07/2019 07:31:25;;Y;;;;'12/07/2019 07:28:35;3;11086684;;BU;1;';';';';';;;;;;;;';;';;Y;;;;'12/07/2019 07:28:35
;;;Zoning;6807323;'20200219142313;W03-C-Antwerpen-West-FH07;6807323;'20200219142313;W03-C-Antwerpen-West-FH07;19084;FTTH-Cu;;';';;;;;;;715023;'20200113134352;61095;'1630000;'14410;Kammenstraat;'24;';2000;Antwerpen;;'152185,975;'212002,207;';Y;NA;4;4;Unknown;Unknown;;None;;;';IFH_BATCH;'12/07/2019 07:31:28;;Y;;;;'12/07/2019 07:28:35;1;1717313;;LU;1;';';';';';Y;;COMM;HANDELSZAAK - COMMERCE;NA;;;';;';;Y;;;;'12/07/2019 07:28:35
;;;Zoning;6807323;'20200219142313;W03-C-Antwerpen-West-FH07;6807323;'20200219142313;W03-C-Antwerpen-West-FH07;19084;FTTH-Cu;;';';;;;;;;715023;'20200113134352;61095;'1630000;'14410;Kammenstraat;'24;';2000;Antwerpen;;'152185,975;'212002,207;';Y;NA;4;4;Unknown;Unknown;;None;;;';IFH_BATCH;'12/07/2019 07:31:28;;Y;;;;'12/07/2019 07:28:35;2;11087113;;LU;1;';';';';';;;;;;;;';;';;Y;;;;'12/07/2019 07:28:35
;;;Zoning;6807323;'20200219142313;W03-C-Antwerpen-West-FH07;6807323;'20200219142313;W03-C-Antwerpen-West-FH07;19084;FTTH-Cu;;';';;;;;;;715023;'20200113134352;61095;'1630000;'14410;Kammenstraat;'24;';2000;Antwerpen;;'152185,975;'212002,207;';Y;NA;4;4;Unknown;Unknown;;None;;;';IFH_BATCH;'12/07/2019 07:31:28;;Y;;;;'12/07/2019 07:28:35;3;11087114;;LU;1;';';';';';;;;;;;;';;';;Y;;;;'12/07/2019 07:28:35
;;;Zoning;6807323;'20200219142313;W03-C-Antwerpen-West-FH07;6807323;'20200219142313;W03-C-Antwerpen-West-FH07;19084;FTTH-Cu;;';';;;;;;;624624;'20190118094821;1737809;'1630000;'1061;Kloosterstraat;'61;';2000;Antwerpen;;'151832,888;'211755,227;';Y;NA;4;12;Unknown;Unknown;;None;;;';;';;Y;;;;'17/01/2019 15:49:17;1;1828201;;BU;1;';';';';';Y;;HOUSE;WONING - MAISON;NA;;;';;';;Y;;;;'17/01/2019 15:49:17
;;;Zoning;6807323;'20200219142313;W03-C-Antwerpen-West-FH07;6807323;'20200219142313;W03-C-Antwerpen-West-FH07;19084;FTTH-Cu;;';';;;;;;;624626;'20191018085125;1737811;'1630000;'1061;Kloosterstraat;'63;';2000;Antwerpen;;'151830,735;'211749,384;';Y;NA;4;12;Unknown;Unknown;;None;;;';;';;Y;;;;'18/01/2019 12:08:19;1;1831057;;LU;1;';';';';';Y;;HOUSE;WONING - MAISON;NA;;;';;';;Y;;;;'18/01/2019 12:08:19
;;;Zoning;6807323;'20200219142313;W03-C-Antwerpen-West-FH07;6807323;'20200219142313;W03-C-Antwerpen-West-FH07;19084;FTTH-Cu;;';';;;;;;;624626;'20191018085125;1737811;'1630000;'1061;Kloosterstraat;'63;';2000;Antwerpen;;'151830,735;'211749,384;';Y;NA;4;12;Unknown;Unknown;;None;;;';;';;Y;;;;'18/01/2019 12:08:19;2;10357933;;LU;1;';';';';';Y;;HOUSE;WONING - MAISON;NA;;;';;';;Y;;;;'18/01/2019 12:08:19
;;;Zoning;6807323;'20200219142313;W03-C-Antwerpen-West-FH07;6807323;'20200219142313;W03-C-Antwerpen-West-FH07;19084;FTTH-Cu;;';';;;;;;;624626;'20191018085125;1737811;'1630000;'1061;Kloosterstraat;'63;';2000;Antwerpen;;'151830,735;'211749,384;';Y;NA;4;12;Unknown;Unknown;;None;;;';;';;Y;;;;'18/01/2019 12:08:19;3;11088062;;LU;1;';';';';';;;;;;;;';;';;Y;;;;'18/01/2019 12:08:19
;;;Zoning;6807323;'20200219142313;W03-C-Antwerpen-West-FH07;6807323;'20200219142313;W03-C-Antwerpen-West-FH07;19084;FTTH-Cu;;';';;;;;;;624626;'20191018085125;1737811;'1630000;'1061;Kloosterstraat;'63;';2000;Antwerpen;;'151830,735;'211749,384;';Y;NA;4;12;Unknown;Unknown;;None;;;';;';;Y;;;;'18/01/2019 12:08:19;4;11088063;;LU;1;';';';';';;;;;;;;';;';;Y;;;;'18/01/2019 12:08:19
;;;Zoning;6807323;'20200219142313;W03-C-Antwerpen-West-FH07;6807323;'20200219142313;W03-C-Antwerpen-West-FH07;19084;FTTH-Cu;;';';;;;;;;624629;'20191018085146;1737814;'1630000;'1061;Kloosterstraat;'67;';2000;Antwerpen;;'151825,477;'211733,525;';N;ORN;3;0;Unknown;Unknown;;None;;;';IFH_BATCH;'12/07/2019 07:30:06;;Y;;;;'12/07/2019 07:28:35;1;1836209;;BU;1;';';';';';Y;;HOUSE;WONING - MAISON;NA;;;';;';;Y;;;;'12/07/2019 07:28:35
;;;Zoning;6807323;'20200219142313;W03-C-Antwerpen-West-FH07;6807323;'20200219142313;W03-C-Antwerpen-West-FH07;19084;FTTH-Cu;;';';;;;;;;698708;'20191018085146;44180;'1630000;'1061;Kloosterstraat;'69;';2000;Antwerpen;;'151823,645;'211727,66;';Y;NA;3;4;Unknown;Unknown;;None;;;';IFH_BATCH;'12/07/2019 07:30:08;;Y;;;;'12/07/2019 07:28:35;1;1838336;;BU;1;';';';';';Y;;COMM;HANDELSZAAK - COMMERCE;NA;;;';;';;Y;;;;'12/07/2019 07:28:35
;;;Zoning;6807323;'20200219142313;W03-C-Antwerpen-West-FH07;6807323;'20200219142313;W03-C-Antwerpen-West-FH07;19084;FTTH-Cu;;';';;;;;;;698708;'20191018085146;44180;'1630000;'1061;Kloosterstraat;'69;';2000;Antwerpen;;'151823,645;'211727,66;';Y;NA;3;4;Unknown;Unknown;;None;;;';IFH_BATCH;'12/07/2019 07:30:08;;Y;;;;'12/07/2019 07:28:35;2;10366182;;LU;1;';';';';';Y;;COMM;HANDELSZAAK - COMMERCE;NA;;;';;';;Y;;;;'12/07/2019 07:28:35
;;;Zoning;6807323;'20200219142313;W03-C-Antwerpen-West-FH07;6807323;'20200219142313;W03-C-Antwerpen-West-FH07;19084;FTTH-Cu;;';';;;;;;;698708;'20191018085146;44180;'1630000;'1061;Kloosterstraat;'69;';2000;Antwerpen;;'151823,645;'211727,66;';Y;NA;3;4;Unknown;Unknown;;None;;;';IFH_BATCH;'12/07/2019 07:30:08;;Y;;;;'12/07/2019 07:28:35;3;11088064;;LU;1;';';';';';;;;;;;;';;';;Y;;;;'12/07/2019 07:28:35
;;;Zoning;6807323;'20200219142313;W03-C-Antwerpen-West-FH07;6807323;'20200219142313;W03-C-Antwerpen-West-FH07;19084;FTTH-Cu;;';';;;;;;;709633;'20191015161509;4519688;'1630000;'1061;Kloosterstraat;'77;';2000;Antwerpen;;'151815,977;'211699,463;';N;ORN;1;0;Unknown;Unknown;;None;;;';IFH_BATCH;'12/07/2019 07:30:13;;Y;;;;'12/07/2019 07:28:35;1;1850542;;BU;1;';';';';';Y;;COMM;HANDELSZAAK - COMMERCE;NA;;;';;';;Y;;;;'12/07/2019 07:28:35
;;;Zoning;6807323;'20200219142313;W03-C-Antwerpen-West-FH07;6807323;'20200219142313;W03-C-Antwerpen-West-FH07;19084;FTTH-Cu;;';';;;;;;;13471475;'20191021143154;976575;'1630000;'1061;Kloosterstraat;'145;';2000;Antwerpen;;'151790,637;'211577,341;';N;ORN;3;0;Unknown;Unknown;;None;;;';SSV_IMPORT;'12/07/2019 07:29:27;;Y;;;;'12/07/2019 07:28:35;1;11142719;;LU;1;';';';';';;;;;;;;';SSV_IMPORT;'12/07/2019 07:29:28;;Y;;;;'12/07/2019 07:28:35
;;;Zoning;6807323;'20200219142313;W03-C-Antwerpen-West-FH07;6807323;'20200219142313;W03-C-Antwerpen-West-FH07;19084;FTTH-Cu;;';';;;;;;;13471475;'20191021143154;976575;'1630000;'1061;Kloosterstraat;'145;';2000;Antwerpen;;'151790,637;'211577,341;';N;ORN;3;0;Unknown;Unknown;;None;;;';SSV_IMPORT;'12/07/2019 07:29:27;;Y;;;;'12/07/2019 07:28:35;2;11142720;;LU;1;';';';';';;;;;;;;';SSV_IMPORT;'12/07/2019 07:29:29;;Y;;;;'12/07/2019 07:28:35
;;;Zoning;6807323;'20200219142313;W03-C-Antwerpen-West-FH07;6807323;'20200219142313;W03-C-Antwerpen-West-FH07;19084;FTTH-Cu;;';';;;;;;;13471475;'20191021143154;976575;'1630000;'1061;Kloosterstraat;'145;';2000;Antwerpen;;'151790,637;'211577,341;';N;ORN;3;0;Unknown;Unknown;;None;;;';SSV_IMPORT;'12/07/2019 07:29:27;;Y;;;;'12/07/2019 07:28:35;3;11142721;;LU;1;';';';';';;;;;;;;';SSV_IMPORT;'12/07/2019 07:29:29;;Y;;;;'12/07/2019 07:28:35
;;;Zoning;6807323;'20200219142313;W03-C-Antwerpen-West-FH07;6807323;'20200219142313;W03-C-Antwerpen-West-FH07;19084;FTTH-Cu;;';';;;;;;;13471475;'20191021143154;976575;'1630000;'1061;Kloosterstraat;'145;';2000;Antwerpen;;'151790,637;'211577,341;';N;ORN;3;0;Unknown;Unknown;;None;;;';SSV_IMPORT;'12/07/2019 07:29:27;;Y;;;;'12/07/2019 07:28:35;4;11142722;;LU;1;';';';';';;;;;;;;';SSV_IMPORT;'12/07/2019 07:29:30;;Y;;;;'12/07/2019 07:28:35
;;;Zoning;6807323;'20200219142313;W03-C-Antwerpen-West-FH07;6807323;'20200219142313;W03-C-Antwerpen-West-FH07;19084;FTTH-Cu;;';';;;;;;;13471475;'20191021143154;976575;'1630000;'1061;Kloosterstraat;'145;';2000;Antwerpen;;'151790,637;'211577,341;';N;ORN;3;0;Unknown;Unknown;;None;;;';SSV_IMPORT;'12/07/2019 07:29:27;;Y;;;;'12/07/2019 07:28:35;5;11142723;;LU;1;';';';';';;;;;;;;';SSV_IMPORT;'12/07/2019 07:29:30;;Y;;;;'12/07/2019 07:28:35
;;;Zoning;6807323;'20200219142313;W03-C-Antwerpen-West-FH07;6807323;'20200219142313;W03-C-Antwerpen-West-FH07;19084;FTTH-Cu;;';';;;;;;;13471475;'20191021143154;976575;'1630000;'1061;Kloosterstraat;'145;';2000;Antwerpen;;'151790,637;'211577,341;';N;ORN;3;0;Unknown;Unknown;;None;;;';SSV_IMPORT;'12/07/2019 07:29:27;;Y;;;;'12/07/2019 07:28:35;6;11142724;;LU;1;';';';';';;;;;;;;';SSV_IMPORT;'12/07/2019 07:29:31;;Y;;;;'12/07/2019 07:28:35
;;;Zoning;6807323;'20200219142313;W03-C-Antwerpen-West-FH07;6807323;'20200219142313;W03-C-Antwerpen-West-FH07;19084;FTTH-Cu;;';';;;;;;;13471476;'20191021143154;976576;'1630000;'1061;Kloosterstraat;'147;';2000;Antwerpen;;'151789,638;'211570,341;';N;IRREG;3;0;Unknown;Unknown;;None;;;';SSV_IMPORT;'12/07/2019 07:29:35;;Y;;;;'12/07/2019 07:28:35;1;11142725;;LU;1;';';';';';;;;;;;;';SSV_IMPORT;'12/07/2019 07:29:36;;Y;;;;'12/07/2019 07:28:35
;;;Zoning;6807323;'20200219142313;W03-C-Antwerpen-West-FH07;6807323;'20200219142313;W03-C-Antwerpen-West-FH07;19084;FTTH-Cu;;';';;;;;;;13471476;'20191021143154;976576;'1630000;'1061;Kloosterstraat;'147;';2000;Antwerpen;;'151789,638;'211570,341;';N;IRREG;3;0;Unknown;Unknown;;None;;;';SSV_IMPORT;'12/07/2019 07:29:35;;Y;;;;'12/07/2019 07:28:35;2;11142726;;LU;1;';';';';';;;;;;;;';SSV_IMPORT;'12/07/2019 07:29:36;;Y;;;;'12/07/2019 07:28:35
;;;Zoning;6807323;'20200219142313;W03-C-Antwerpen-West-FH07;6807323;'20200219142313;W03-C-Antwerpen-West-FH07;19084;FTTH-Cu;;';';;;;;;;13471476;'20191021143154;976576;'1630000;'1061;Kloosterstraat;'147;';2000;Antwerpen;;'151789,638;'211570,341;';N;IRREG;3;0;Unknown;Unknown;;None;;;';SSV_IMPORT;'12/07/2019 07:29:35;;Y;;;;'12/07/2019 07:28:35;3;11142727;;LU;1;';';';';';;;;;;;;';SSV_IMPORT;'12/07/2019 07:29:37;;Y;;;;'12/07/2019 07:28:35
;;;Zoning;6807323;'20200219142313;W03-C-Antwerpen-West-FH07;6807323;'20200219142313;W03-C-Antwerpen-West-FH07;19084;FTTH-Cu;;';';;;;;;;13471476;'20191021143154;976576;'1630000;'1061;Kloosterstraat;'147;';2000;Antwerpen;;'151789,638;'211570,341;';N;IRREG;3;0;Unknown;Unknown;;None;;;';SSV_IMPORT;'12/07/2019 07:29:35;;Y;;;;'12/07/2019 07:28:35;4;11142728;;LU;1;';';';';';;;;;;;;';SSV_IMPORT;'12/07/2019 07:29:38;;Y;;;;'12/07/2019 07:28:35
;;;Zoning;6807323;'20200219142313;W03-C-Antwerpen-West-FH07;6807323;'20200219142313;W03-C-Antwerpen-West-FH07;19084;FTTH-Cu;;';';;;;;;;13471476;'20191021143154;976576;'1630000;'1061;Kloosterstraat;'147;';2000;Antwerpen;;'151789,638;'211570,341;';N;IRREG;3;0;Unknown;Unknown;;None;;;';SSV_IMPORT;'12/07/2019 07:29:35;;Y;;;;'12/07/2019 07:28:35;5;11142729;;LU;1;';';';';';;;;;;;;';SSV_IMPORT;'12/07/2019 07:29:38;;Y;;;;'12/07/2019 07:28:35
;;;Zoning;6807323;'20200219142313;W03-C-Antwerpen-West-FH07;6807323;'20200219142313;W03-C-Antwerpen-West-FH07;19084;FTTH-Cu;;';';;;;;;;13471476;'20191021143154;976576;'1630000;'1061;Kloosterstraat;'147;';2000;Antwerpen;;'151789,638;'211570,341;';N;IRREG;3;0;Unknown;Unknown;;None;;;';SSV_IMPORT;'12/07/2019 07:29:35;;Y;;;;'12/07/2019 07:28:35;6;11142730;;LU;1;';';';';';;;;;;;;';SSV_IMPORT;'12/07/2019 07:29:39;;Y;;;;'12/07/2019 07:28:35
;;;Zoning;6807323;'20200219142313;W03-C-Antwerpen-West-FH07;6807323;'20200219142313;W03-C-Antwerpen-West-FH07;19084;FTTH-Cu;;';';;;;;;;726243;'20191021143634;976577;'1630000;'1061;Kloosterstraat;'149;';2000;Antwerpen;;'151778,565;'211537,275;';N;IRREG;3;12;Unknown;Unknown;;None;;;';;';;Y;;;;'18/01/2019 12:08:19;1;1659477;;LU;1;';';';';';Y;;APTBLD;APPARTEMENTSGEBOUW - IMMEUBLE A APPARTEMENTS;NA;;;';;';;Y;;;;'18/01/2019 12:08:19
;;;Zoning;6807323;'20200219142313;W03-C-Antwerpen-West-FH07;6807323;'20200219142313;W03-C-Antwerpen-West-FH07;19084;FTTH-Cu;;';';;;;;;;726243;'20191021143634;976577;'1630000;'1061;Kloosterstraat;'149;';2000;Antwerpen;;'151778,565;'211537,275;';N;IRREG;3;12;Unknown;Unknown;;None;;;';;';;Y;;;;'18/01/2019 12:08:19;2;10362382;;LU;1;';';';';';Y;;APTBLD;APPARTEMENTSGEBOUW - IMMEUBLE A APPARTEMENTS;NA;;;';;';;Y;;;;'18/01/2019 12:08:19
;;;Zoning;6807323;'20200219142313;W03-C-Antwerpen-West-FH07;6807323;'20200219142313;W03-C-Antwerpen-West-FH07;19084;FTTH-Cu;;';';;;;;;;726243;'20191021143634;976577;'1630000;'1061;Kloosterstraat;'149;';2000;Antwerpen;;'151778,565;'211537,275;';N;IRREG;3;12;Unknown;Unknown;;None;;;';;';;Y;;;;'18/01/2019 12:08:19;3;10362383;;LU;1;';';';';';Y;;APTBLD;APPARTEMENTSGEBOUW - IMMEUBLE A APPARTEMENTS;NA;;;';;';;Y;;;;'18/01/2019 12:08:19
;;;Zoning;6807323;'20200219142313;W03-C-Antwerpen-West-FH07;6807323;'20200219142313;W03-C-Antwerpen-West-FH07;19084;FTTH-Cu;;';';;;;;;;726097;'20191021150451;973306;'1630000;'1061;Kloosterstraat;'159;';2000;Antwerpen;;'151778,726;'211471,693;';N;ORN;1;0;Unknown;Unknown;;None;;;';IFH_BATCH;'12/07/2019 07:30:32;;Y;;;;'12/07/2019 07:28:35;1;1666058;;BU;1;';';';';';Y;;COMM;HANDELSZAAK - COMMERCE;NA;;;';;';;Y;;;;'12/07/2019 07:28:35
;;;Zoning;6807323;'20200219142313;W03-C-Antwerpen-West-FH07;6807323;'20200219142313;W03-C-Antwerpen-West-FH07;19084;FTTH-Cu;;';';;;;;;;11378576;'20191021151239;1737843;'1630000;'1061;Kloosterstraat;'161;';2000;Antwerpen;;'151778,106;'211464,919;';N;ORN;4;0;Unknown;Unknown;;None;;;';IFH_BATCH;'12/07/2019 07:30:37;;Y;;;;'12/07/2019 07:28:35;1;11086156;;LU;1;';';';';';;;;;;;;';;';;Y;;;;'12/07/2019 07:28:35
;;;Zoning;6807323;'20200219142313;W03-C-Antwerpen-West-FH07;6807323;'20200219142313;W03-C-Antwerpen-West-FH07;19084;FTTH-Cu;;';';;;;;;;11378576;'20191021151239;1737843;'1630000;'1061;Kloosterstraat;'161;';2000;Antwerpen;;'151778,106;'211464,919;';N;ORN;4;0;Unknown;Unknown;;None;;;';IFH_BATCH;'12/07/2019 07:30:37;;Y;;;;'12/07/2019 07:28:35;2;11086157;;LU;1;';';';';';;;;;;;;';;';;Y;;;;'12/07/2019 07:28:35
;;;Zoning;6807323;'20200219142313;W03-C-Antwerpen-West-FH07;6807323;'20200219142313;W03-C-Antwerpen-West-FH07;19084;FTTH-Cu;;';';;;;;;;11378576;'20191021151239;1737843;'1630000;'1061;Kloosterstraat;'161;';2000;Antwerpen;;'151778,106;'211464,919;';N;ORN;4;0;Unknown;Unknown;;None;;;';IFH_BATCH;'12/07/2019 07:30:37;;Y;;;;'12/07/2019 07:28:35;3;11086158;;LU;1;';';';';';;;;;;;;';;';;Y;;;;'12/07/2019 07:28:35
;;;Zoning;6807323;'20200219142313;W03-C-Antwerpen-West-FH07;6807323;'20200219142313;W03-C-Antwerpen-West-FH07;19084;FTTH-Cu;;';';;;;;;;624656;'20200113135857;1737844;'1630000;'1061;Kloosterstraat;'163;';2000;Antwerpen;;'151778,693;'211460,032;';Y;NA;4;4;Unknown;Unknown;;None;;;';IFH_BATCH;'12/07/2019 07:30:35;;Y;;;;'12/07/2019 07:28:35;1;1670210;;LU;1;';';';';';Y;#A1/KAVEL 2/;APPART;DEEL_APP_GEBOUW - PARTIE_IMMEUBLE_APP;APPART;;;';;';;Y;;;;'12/07/2019 07:28:35
;;;Zoning;6807323;'20200219142313;W03-C-Antwerpen-West-FH07;6807323;'20200219142313;W03-C-Antwerpen-West-FH07;19084;FTTH-Cu;;';';;;;;;;624656;'20200113135857;1737844;'1630000;'1061;Kloosterstraat;'163;';2000;Antwerpen;;'151778,693;'211460,032;';Y;NA;4;4;Unknown;Unknown;;None;;;';IFH_BATCH;'12/07/2019 07:30:35;;Y;;;;'12/07/2019 07:28:35;2;1670221;;LU;1;';';';';';Y;#A2.3/KAVEL 3/;APPART;DEEL_APP_GEBOUW - PARTIE_IMMEUBLE_APP;APPART;;;';;';;Y;;;;'12/07/2019 07:28:35
;;;Zoning;6807323;'20200219142313;W03-C-Antwerpen-West-FH07;6807323;'20200219142313;W03-C-Antwerpen-West-FH07;19084;FTTH-Cu;;';';;;;;;;11378762;'20200110140958;4517189;'1630000;'1061;Kloosterstraat;'165;';2000;Antwerpen;;'151783,272;'211461,353;';Y;NA;1;4;Unknown;Unknown;;None;;;';IFH_BATCH;'12/07/2019 07:30:39;;Y;;;;'12/07/2019 07:28:35;1;11086223;;BU;1;';';';';';;;;;;;;';;';;Y;;;;'12/07/2019 07:28:35
;;;Zoning;6807323;'20200219142313;W03-C-Antwerpen-West-FH07;6807323;'20200219142313;W03-C-Antwerpen-West-FH07;19084;FTTH-Cu;;';';;;;;;;624657;'20191021151206;1737845;'1630000;'1061;Kloosterstraat;'167;';2000;Antwerpen;;'151780,69;'211454,688;';Y;NA;4;12;Unknown;Unknown;;None;;;';;';;Y;;;;'15/01/2019 12:41:18;1;1671559;;LU;1;';';';';';Y;;HOUSE;WONING - MAISON;NA;;;';;';;Y;;;;'15/01/2019 12:41:18
;;;Zoning;6807323;'20200219142313;W03-C-Antwerpen-West-FH07;6807323;'20200219142313;W03-C-Antwerpen-West-FH07;19084;FTTH-Cu;;';';;;;;;;624657;'20191021151206;1737845;'1630000;'1061;Kloosterstraat;'167;';2000;Antwerpen;;'151780,69;'211454,688;';Y;NA;4;12;Unknown;Unknown;;None;;;';;';;Y;;;;'15/01/2019 12:41:18;2;1671560;;LU;1;';';';';';Y;;HOUSE;WONING - MAISON;NA;;;';;';;Y;;;;'15/01/2019 12:41:18
;;;Zoning;6807323;'20200219142313;W03-C-Antwerpen-West-FH07;6807323;'20200219142313;W03-C-Antwerpen-West-FH07;19084;FTTH-Cu;;';';;;;;;;624657;'20191021151206;1737845;'1630000;'1061;Kloosterstraat;'167;';2000;Antwerpen;;'151780,69;'211454,688;';Y;NA;4;12;Unknown;Unknown;;None;;;';;';;Y;;;;'15/01/2019 12:41:18;3;11086641;;BU;1;';';';';';;;;;;;;';;';;Y;;;;'15/01/2019 12:41:18
;;;Zoning;6807323;'20200219142313;W03-C-Antwerpen-West-FH07;6807323;'20200219142313;W03-C-Antwerpen-West-FH07;19084;FTTH-Cu;;';';;;;;;;624657;'20191021151206;1737845;'1630000;'1061;Kloosterstraat;'167;';2000;Antwerpen;;'151780,69;'211454,688;';Y;NA;4;12;Unknown;Unknown;;None;;;';;';;Y;;;;'15/01/2019 12:41:18;4;11086642;;LU;1;';';';';';;;;;;;;';;';;Y;;;;'15/01/2019 12:41:18
;;;Zoning;6807323;'20200219142313;W03-C-Antwerpen-West-FH07;6807323;'20200219142313;W03-C-Antwerpen-West-FH07;19084;FTTH-Cu;;';';;;;;;;624658;'20191021151206;1737846;'1630000;'1061;Kloosterstraat;'169;';2000;Antwerpen;;'151780,892;'211450,786;';Y;NA;4;12;Unknown;Unknown;;None;;;';;';;Y;;;;'15/01/2019 12:41:18;1;1672036;;LU;1;';';';';';Y;;HOUSE;WONING - MAISON;NA;;;';;';;Y;;;;'15/01/2019 12:41:18
;;;Zoning;6807323;'20200219142313;W03-C-Antwerpen-West-FH07;6807323;'20200219142313;W03-C-Antwerpen-West-FH07;19084;FTTH-Cu;;';';;;;;;;624658;'20191021151206;1737846;'1630000;'1061;Kloosterstraat;'169;';2000;Antwerpen;;'151780,892;'211450,786;';Y;NA;4;12;Unknown;Unknown;;None;;;';;';;Y;;;;'15/01/2019 12:41:18;2;11086643;;LU;1;';';';';';;;;;;;;';;';;Y;;;;'15/01/2019 12:41:18
;;;Zoning;6807323;'20200219142313;W03-C-Antwerpen-West-FH07;6807323;'20200219142313;W03-C-Antwerpen-West-FH07;19084;FTTH-Cu;;';';;;;;;;624659;'20191021151206;1737847;'1630000;'1061;Kloosterstraat;'171;';2000;Antwerpen;;'151781,236;'211446,367;';Y;NA;4;12;Unknown;Unknown;;None;;;';;';;Y;;;;'15/01/2019 12:41:18;1;1675965;;LU;1;';';';';';Y;;HOUSE;WONING - MAISON;NA;;;';;';;Y;;;;'15/01/2019 12:41:18
;;;Zoning;6807323;'20200219142313;W03-C-Antwerpen-West-FH07;6807323;'20200219142313;W03-C-Antwerpen-West-FH07;19084;FTTH-Cu;;';';;;;;;;624659;'20191021151206;1737847;'1630000;'1061;Kloosterstraat;'171;';2000;Antwerpen;;'151781,236;'211446,367;';Y;NA;4;12;Unknown;Unknown;;None;;;';;';;Y;;;;'15/01/2019 12:41:18;2;1675966;;LU;1;';';';';';Y;;HOUSE;WONING - MAISON;NA;;;';;';;Y;;;;'15/01/2019 12:41:18
;;;Zoning;6807323;'20200219142313;W03-C-Antwerpen-West-FH07;6807323;'20200219142313;W03-C-Antwerpen-West-FH07;19084;FTTH-Cu;;';';;;;;;;624659;'20191021151206;1737847;'1630000;'1061;Kloosterstraat;'171;';2000;Antwerpen;;'151781,236;'211446,367;';Y;NA;4;12;Unknown;Unknown;;None;;;';;';;Y;;;;'15/01/2019 12:41:18;3;1675967;;LU;1;';';';';';Y;;HOUSE;WONING - MAISON;NA;;;';;';;Y;;;;'15/01/2019 12:41:18
;;;Zoning;6807323;'20200219142313;W03-C-Antwerpen-West-FH07;6807323;'20200219142313;W03-C-Antwerpen-West-FH07;19084;FTTH-Cu;;';';;;;;;;624659;'20191021151206;1737847;'1630000;'1061;Kloosterstraat;'171;';2000;Antwerpen;;'151781,236;'211446,367;';Y;NA;4;12;Unknown;Unknown;;None;;;';;';;Y;;;;'15/01/2019 12:41:18;4;1675968;;BU;1;';';';';';Y;;HOUSE;WONING - MAISON;NA;;;';;';;Y;;;;'15/01/2019 12:41:18
;;;Zoning;6807323;'20200219142313;W03-C-Antwerpen-West-FH07;6807323;'20200219142313;W03-C-Antwerpen-West-FH07;19084;FTTH-Cu;;';';;;;;;;624661;'20191021151206;1737849;'1630000;'1061;Kloosterstraat;'175;';2000;Antwerpen;;'151782,163;'211436,574;';Y;NA;4;12;Unknown;Unknown;;None;;;';;';;Y;;;;'15/01/2019 12:41:18;1;1676915;;LU;1;';';';';';Y;;HOUSE;WONING - MAISON;NA;;;';;';;Y;;;;'15/01/2019 12:41:18
;;;Zoning;6807323;'20200219142313;W03-C-Antwerpen-West-FH07;6807323;'20200219142313;W03-C-Antwerpen-West-FH07;19084;FTTH-Cu;;';';;;;;;;624661;'20191021151206;1737849;'1630000;'1061;Kloosterstraat;'175;';2000;Antwerpen;;'151782,163;'211436,574;';Y;NA;4;12;Unknown;Unknown;;None;;;';;';;Y;;;;'15/01/2019 12:41:18;2;1676916;;LU;1;';';';';';Y;;HOUSE;WONING - MAISON;NA;;;';;';;Y;;;;'15/01/2019 12:41:18
;;;Zoning;6807323;'20200219142313;W03-C-Antwerpen-West-FH07;6807323;'20200219142313;W03-C-Antwerpen-West-FH07;19084;FTTH-Cu;;';';;;;;;;624661;'20191021151206;1737849;'1630000;'1061;Kloosterstraat;'175;';2000;Antwerpen;;'151782,163;'211436,574;';Y;NA;4;12;Unknown;Unknown;;None;;;';;';;Y;;;;'15/01/2019 12:41:18;3;1676917;;LU;1;';';';';';Y;;HOUSE;WONING - MAISON;NA;;;';;';;Y;;;;'15/01/2019 12:41:18
;;;Zoning;6807323;'20200219142313;W03-C-Antwerpen-West-FH07;6807323;'20200219142313;W03-C-Antwerpen-West-FH07;19084;FTTH-Cu;;';';;;;;;;624661;'20191021151206;1737849;'1630000;'1061;Kloosterstraat;'175;';2000;Antwerpen;;'151782,163;'211436,574;';Y;NA;4;12;Unknown;Unknown;;None;;;';;';;Y;;;;'15/01/2019 12:41:18;4;11086644;;BU;1;';';';';';;;;;;;;';;';;Y;;;;'15/01/2019 12:41:18
;;;Zoning;6807323;'20200219142313;W03-C-Antwerpen-West-FH07;6807323;'20200219142313;W03-C-Antwerpen-West-FH07;19084;FTTH-Cu;;';';;;;;;;624662;'20191021151207;1737850;'1630000;'1061;Kloosterstraat;'177;';2000;Antwerpen;;'151782,315;'211432,375;';Y;NA;4;12;Unknown;Unknown;;None;;;';;';;Y;;;;'15/01/2019 12:41:18;1;1677325;;LU;1;';';';';';Y;;HOUSE;WONING - MAISON;NA;;;';;';;Y;;;;'15/01/2019 12:41:18
;;;Zoning;6807323;'20200219142313;W03-C-Antwerpen-West-FH07;6807323;'20200219142313;W03-C-Antwerpen-West-FH07;19084;FTTH-Cu;;';';;;;;;;624662;'20191021151207;1737850;'1630000;'1061;Kloosterstraat;'177;';2000;Antwerpen;;'151782,315;'211432,375;';Y;NA;4;12;Unknown;Unknown;;None;;;';;';;Y;;;;'15/01/2019 12:41:18;2;1677326;;LU;1;';';';';';Y;;HOUSE;WONING - MAISON;NA;;;';;';;Y;;;;'15/01/2019 12:41:18
;;;Zoning;6807323;'20200219142313;W03-C-Antwerpen-West-FH07;6807323;'20200219142313;W03-C-Antwerpen-West-FH07;19084;FTTH-Cu;;';';;;;;;;624662;'20191021151207;1737850;'1630000;'1061;Kloosterstraat;'177;';2000;Antwerpen;;'151782,315;'211432,375;';Y;NA;4;12;Unknown;Unknown;;None;;;';;';;Y;;;;'15/01/2019 12:41:18;3;1677327;;LU;1;';';';';';Y;;HOUSE;WONING - MAISON;NA;;;';;';;Y;;;;'15/01/2019 12:41:18
;;;Zoning;6807323;'20200219142313;W03-C-Antwerpen-West-FH07;6807323;'20200219142313;W03-C-Antwerpen-West-FH07;19084;FTTH-Cu;;';';;;;;;;624662;'20191021151207;1737850;'1630000;'1061;Kloosterstraat;'177;';2000;Antwerpen;;'151782,315;'211432,375;';Y;NA;4;12;Unknown;Unknown;;None;;;';;';;Y;;;;'15/01/2019 12:41:18;4;11086645;;BU;1;';';';';';;;;;;;;';;';;Y;;;;'15/01/2019 12:41:18
;;;Zoning;6807323;'20200219142313;W03-C-Antwerpen-West-FH07;6807323;'20200219142313;W03-C-Antwerpen-West-FH07;19084;FTTH-Cu;;';';;;;;;;624663;'20200113142814;1737851;'1630000;'1061;Kloosterstraat;'179;';2000;Antwerpen;;'151781,989;'211428,326;';Y;NA;4;12;Unknown;Unknown;;None;;;';;';;Y;;;;'15/01/2019 12:41:18;1;1677686;;LU;1;';';';';';Y;;HOUSE;WONING - MAISON;NA;;;';;';;Y;;;;'15/01/2019 12:41:18
;;;Zoning;6807323;'20200219142313;W03-C-Antwerpen-West-FH07;6807323;'20200219142313;W03-C-Antwerpen-West-FH07;19084;FTTH-Cu;;';';;;;;;;624663;'20200113142814;1737851;'1630000;'1061;Kloosterstraat;'179;';2000;Antwerpen;;'151781,989;'211428,326;';Y;NA;4;12;Unknown;Unknown;;None;;;';;';;Y;;;;'15/01/2019 12:41:18;2;11086646;;LU;1;';';';';';;;;;;;;';;';;Y;;;;'15/01/2019 12:41:18
;;;Zoning;6807323;'20200219142313;W03-C-Antwerpen-West-FH07;6807323;'20200219142313;W03-C-Antwerpen-West-FH07;19084;FTTH-Cu;;';';;;;;;;624663;'20200113142814;1737851;'1630000;'1061;Kloosterstraat;'179;';2000;Antwerpen;;'151781,989;'211428,326;';Y;NA;4;12;Unknown;Unknown;;None;;;';;';;Y;;;;'15/01/2019 12:41:18;3;11086647;;LU;1;';';';';';;;;;;;;';;';;Y;;;;'15/01/2019 12:41:18
;;;Zoning;6807323;'20200219142313;W03-C-Antwerpen-West-FH07;6807323;'20200219142313;W03-C-Antwerpen-West-FH07;19084;FTTH-Cu;;';';;;;;;;624663;'20200113142814;1737851;'1630000;'1061;Kloosterstraat;'179;';2000;Antwerpen;;'151781,989;'211428,326;';Y;NA;4;12;Unknown;Unknown;;None;;;';;';;Y;;;;'15/01/2019 12:41:18;4;11086648;;LU;1;';';';';';;;;;;;;';;';;Y;;;;'15/01/2019 12:41:18
;;;Zoning;6807323;'20200219142313;W03-C-Antwerpen-West-FH07;6807323;'20200219142313;W03-C-Antwerpen-West-FH07;19084;FTTH-Cu;;';';;;;;;;624663;'20200113142814;1737851;'1630000;'1061;Kloosterstraat;'179;';2000;Antwerpen;;'151781,989;'211428,326;';Y;NA;4;12;Unknown;Unknown;;None;;;';;';;Y;;;;'15/01/2019 12:41:18;5;11086649;;LU;1;';';';';';;;;;;;;';;';;Y;;;;'15/01/2019 12:41:18
;;;Zoning;6807323;'20200219142313;W03-C-Antwerpen-West-FH07;6807323;'20200219142313;W03-C-Antwerpen-West-FH07;19084;FTTH-Cu;;';';;;;;;;624664;'20200110122244;1737852;'1630000;'1061;Kloosterstraat;'181;';2000;Antwerpen;;'151782,625;'211419,169;';Y;NA;4;12;Unknown;Unknown;;None;;;';;';;Y;;;;'15/01/2019 12:41:18;1;1681175;;LU;1;';';';';';Y;#A1/A-1/K-1;APPART;DEEL_APP_GEBOUW - PARTIE_IMMEUBLE_APP;APPART;;;';;';;Y;;;;'15/01/2019 12:41:18
;;;Zoning;6807323;'20200219142313;W03-C-Antwerpen-West-FH07;6807323;'20200219142313;W03-C-Antwerpen-West-FH07;19084;FTTH-Cu;;';';;;;;;;624664;'20200110122244;1737852;'1630000;'1061;Kloosterstraat;'181;';2000;Antwerpen;;'151782,625;'211419,169;';Y;NA;4;12;Unknown;Unknown;;None;;;';;';;Y;;;;'15/01/2019 12:41:18;2;1681196;;LU;1;';';';';';Y;#A2/K2;APPART;DEEL_APP_GEBOUW - PARTIE_IMMEUBLE_APP;APPART;;;';;';;Y;;;;'15/01/2019 12:41:18
;;;Zoning;6807323;'20200219142313;W03-C-Antwerpen-West-FH07;6807323;'20200219142313;W03-C-Antwerpen-West-FH07;19084;FTTH-Cu;;';';;;;;;;624664;'20200110122244;1737852;'1630000;'1061;Kloosterstraat;'181;';2000;Antwerpen;;'151782,625;'211419,169;';Y;NA;4;12;Unknown;Unknown;;None;;;';;';;Y;;;;'15/01/2019 12:41:18;3;1681210;;LU;1;';';';';';Y;#A3/L/K3;APPART;DEEL_APP_GEBOUW - PARTIE_IMMEUBLE_APP;APPART;;;';;';;Y;;;;'15/01/2019 12:41:18
;;;Zoning;6807323;'20200219142313;W03-C-Antwerpen-West-FH07;6807323;'20200219142313;W03-C-Antwerpen-West-FH07;19084;FTTH-Cu;;';';;;;;;;624664;'20200110122244;1737852;'1630000;'1061;Kloosterstraat;'181;';2000;Antwerpen;;'151782,625;'211419,169;';Y;NA;4;12;Unknown;Unknown;;None;;;';;';;Y;;;;'15/01/2019 12:41:18;4;1681215;;LU;1;';';';';';Y;#A3/R/K4;APPART;DEEL_APP_GEBOUW - PARTIE_IMMEUBLE_APP;APPART;;;';;';;Y;;;;'15/01/2019 12:41:18
;;;Zoning;6807323;'20200219142313;W03-C-Antwerpen-West-FH07;6807323;'20200219142313;W03-C-Antwerpen-West-FH07;19084;FTTH-Cu;;';';;;;;;;624664;'20200110122244;1737852;'1630000;'1061;Kloosterstraat;'181;';2000;Antwerpen;;'151782,625;'211419,169;';Y;NA;4;12;Unknown;Unknown;;None;;;';;';;Y;;;;'15/01/2019 12:41:18;5;1681247;;BU;1;';';';';';Y;#HA.GV/HR/KH;APPART;DEEL_APP_GEBOUW - PARTIE_IMMEUBLE_APP;COMM;;;';;';;Y;;;;'15/01/2019 12:41:18
;;;Zoning;6807323;'20200219142313;W03-C-Antwerpen-West-FH07;6807323;'20200219142313;W03-C-Antwerpen-West-FH07;19084;FTTH-Cu;;';';;;;;;;624664;'20200110122244;1737852;'1630000;'1061;Kloosterstraat;'181;';2000;Antwerpen;;'151782,625;'211419,169;';Y;NA;4;12;Unknown;Unknown;;None;;;';;';;Y;;;;'15/01/2019 12:41:18;6;11086650;;LU;1;';';';';';;;;;;;;';;';;Y;;;;'15/01/2019 12:41:18
;;;Zoning;6807323;'20200219142313;W03-C-Antwerpen-West-FH07;6807323;'20200219142313;W03-C-Antwerpen-West-FH07;19084;FTTH-Cu;;';';;;;;;;624664;'20200110122244;1737852;'1630000;'1061;Kloosterstraat;'181;';2000;Antwerpen;;'151782,625;'211419,169;';Y;NA;4;12;Unknown;Unknown;;None;;;';;';;Y;;;;'15/01/2019 12:41:18;7;11086651;;LU;1;';';';';';;;;;;;;';;';;Y;;;;'15/01/2019 12:41:18
;;;Zoning;6807323;'20200219142313;W03-C-Antwerpen-West-FH07;6807323;'20200219142313;W03-C-Antwerpen-West-FH07;19084;FTTH-Cu;;';';;;;;;;624664;'20200110122244;1737852;'1630000;'1061;Kloosterstraat;'181;';2000;Antwerpen;;'151782,625;'211419,169;';Y;NA;4;12;Unknown;Unknown;;None;;;';;';;Y;;;;'15/01/2019 12:41:18;8;11086652;;LU;1;';';';';';;;;;;;;';;';;Y;;;;'15/01/2019 12:41:18
;;;Zoning;6807323;'20200219142313;W03-C-Antwerpen-West-FH07;6807323;'20200219142313;W03-C-Antwerpen-West-FH07;19084;FTTH-Cu;;';';;;;;;;624664;'20200110122244;1737852;'1630000;'1061;Kloosterstraat;'181;';2000;Antwerpen;;'151782,625;'211419,169;';Y;NA;4;12;Unknown;Unknown;;None;;;';;';;Y;;;;'15/01/2019 12:41:18;9;11086653;;LU;1;';';';';';;;;;;;;';;';;Y;;;;'15/01/2019 12:41:18
;;;Zoning;6807323;'20200219142313;W03-C-Antwerpen-West-FH07;6807323;'20200219142313;W03-C-Antwerpen-West-FH07;19084;FTTH-Cu;;';';;;;;;;624664;'20200110122244;1737852;'1630000;'1061;Kloosterstraat;'181;';2000;Antwerpen;;'151782,625;'211419,169;';Y;NA;4;12;Unknown;Unknown;;None;;;';;';;Y;;;;'15/01/2019 12:41:18;10;11086654;;LU;1;';';';';';;;;;;;;';;';;Y;;;;'15/01/2019 12:41:18
;;;Zoning;6807323;'20200219142313;W03-C-Antwerpen-West-FH07;6807323;'20200219142313;W03-C-Antwerpen-West-FH07;19084;FTTH-Cu;;';';;;;;;;624664;'20200110122244;1737852;'1630000;'1061;Kloosterstraat;'181;';2000;Antwerpen;;'151782,625;'211419,169;';Y;NA;4;12;Unknown;Unknown;;None;;;';;';;Y;;;;'15/01/2019 12:41:18;11;11086655;;LU;1;';';';';';;;;;;;;';;';;Y;;;;'15/01/2019 12:41:18
;;;Zoning;6807323;'20200219142313;W03-C-Antwerpen-West-FH07;6807323;'20200219142313;W03-C-Antwerpen-West-FH07;19084;FTTH-Cu;;';';;;;;;;624664;'20200110122244;1737852;'1630000;'1061;Kloosterstraat;'181;';2000;Antwerpen;;'151782,625;'211419,169;';Y;NA;4;12;Unknown;Unknown;;None;;;';;';;Y;;;;'15/01/2019 12:41:18;12;11086656;;LU;1;';';';';';;;;;;;;';;';;Y;;;;'15/01/2019 12:41:18
;;;Zoning;6807323;'20200219142313;W03-C-Antwerpen-West-FH07;6807323;'20200219142313;W03-C-Antwerpen-West-FH07;19084;FTTH-Cu;;';';;;;;;;624664;'20200110122244;1737852;'1630000;'1061;Kloosterstraat;'181;';2000;Antwerpen;;'151782,625;'211419,169;';Y;NA;4;12;Unknown;Unknown;;None;;;';;';;Y;;;;'15/01/2019 12:41:18;13;11086657;;LU;1;';';';';';;;;;;;;';;';;Y;;;;'15/01/2019 12:41:18
;;;Zoning;6807323;'20200219142313;W03-C-Antwerpen-West-FH07;6807323;'20200219142313;W03-C-Antwerpen-West-FH07;19084;FTTH-Cu;;';';;;;;;;624664;'20200110122244;1737852;'1630000;'1061;Kloosterstraat;'181;';2000;Antwerpen;;'151782,625;'211419,169;';Y;NA;4;12;Unknown;Unknown;;None;;;';;';;Y;;;;'15/01/2019 12:41:18;14;11086658;;LU;1;';';';';';;;;;;;;';;';;Y;;;;'15/01/2019 12:41:18
;;;Zoning;6807323;'20200219142313;W03-C-Antwerpen-West-FH07;6807323;'20200219142313;W03-C-Antwerpen-West-FH07;19084;FTTH-Cu;;';';;;;;;;624664;'20200110122244;1737852;'1630000;'1061;Kloosterstraat;'181;';2000;Antwerpen;;'151782,625;'211419,169;';Y;NA;4;12;Unknown;Unknown;;None;;;';;';;Y;;;;'15/01/2019 12:41:18;15;11086659;;LU;1;';';';';';;;;;;;;';;';;Y;;;;'15/01/2019 12:41:18
;;;Zoning;6807323;'20200219142313;W03-C-Antwerpen-West-FH07;6807323;'20200219142313;W03-C-Antwerpen-West-FH07;19084;FTTH-Cu;;';';;;;;;;624664;'20200110122244;1737852;'1630000;'1061;Kloosterstraat;'181;';2000;Antwerpen;;'151782,625;'211419,169;';Y;NA;4;12;Unknown;Unknown;;None;;;';;';;Y;;;;'15/01/2019 12:41:18;16;11086660;;LU;1;';';';';';;;;;;;;';;';;Y;;;;'15/01/2019 12:41:18
;;;Zoning;6807323;'20200219142313;W03-C-Antwerpen-West-FH07;6807323;'20200219142313;W03-C-Antwerpen-West-FH07;19084;FTTH-Cu;;';';;;;;;;624665;'20191021151131;1737853;'1630000;'1061;Kloosterstraat;'183;';2000;Antwerpen;;'151783,162;'211412,284;';Y;NA;4;12;Unknown;Unknown;;None;;;';;';;Y;;;;'15/01/2019 12:41:18;1;1681788;;BU;1;';';';';';Y;;COMM;HANDELSZAAK - COMMERCE;NA;;;';;';;Y;;;;'15/01/2019 12:41:18
;;;Zoning;6807323;'20200219142313;W03-C-Antwerpen-West-FH07;6807323;'20200219142313;W03-C-Antwerpen-West-FH07;19084;FTTH-Cu;;';';;;;;;;624665;'20191021151131;1737853;'1630000;'1061;Kloosterstraat;'183;';2000;Antwerpen;;'151783,162;'211412,284;';Y;NA;4;12;Unknown;Unknown;;None;;;';;';;Y;;;;'15/01/2019 12:41:18;2;1681789;;LU;1;';';';';';Y;;COMM;HANDELSZAAK - COMMERCE;NA;;;';;';;Y;;;;'15/01/2019 12:41:18
;;;Zoning;6807323;'20200219142313;W03-C-Antwerpen-West-FH07;6807323;'20200219142313;W03-C-Antwerpen-West-FH07;19084;FTTH-Cu;;';';;;;;;;624665;'20191021151131;1737853;'1630000;'1061;Kloosterstraat;'183;';2000;Antwerpen;;'151783,162;'211412,284;';Y;NA;4;12;Unknown;Unknown;;None;;;';;';;Y;;;;'15/01/2019 12:41:18;3;1681790;;LU;1;';';';';';Y;;COMM;HANDELSZAAK - COMMERCE;NA;;;';;';;Y;;;;'15/01/2019 12:41:18
;;;Zoning;6807323;'20200219142313;W03-C-Antwerpen-West-FH07;6807323;'20200219142313;W03-C-Antwerpen-West-FH07;19084;FTTH-Cu;;';';;;;;;;624665;'20191021151131;1737853;'1630000;'1061;Kloosterstraat;'183;';2000;Antwerpen;;'151783,162;'211412,284;';Y;NA;4;12;Unknown;Unknown;;None;;;';;';;Y;;;;'15/01/2019 12:41:18;4;1681791;;LU;1;';';';';';Y;;COMM;HANDELSZAAK - COMMERCE;NA;;;';;';;Y;;;;'15/01/2019 12:41:18
;;;Zoning;6807323;'20200219142313;W03-C-Antwerpen-West-FH07;6807323;'20200219142313;W03-C-Antwerpen-West-FH07;19084;FTTH-Cu;;';';;;;;;;624665;'20191021151131;1737853;'1630000;'1061;Kloosterstraat;'183;';2000;Antwerpen;;'151783,162;'211412,284;';Y;NA;4;12;Unknown;Unknown;;None;;;';;';;Y;;;;'15/01/2019 12:41:18;5;11086661;;LU;1;';';';';';;;;;;;;';;';;Y;;;;'15/01/2019 12:41:18
;;;Zoning;6807323;'20200219142313;W03-C-Antwerpen-West-FH07;6807323;'20200219142313;W03-C-Antwerpen-West-FH07;19084;FTTH-Cu;;';';;;;;;;624665;'20191021151131;1737853;'1630000;'1061;Kloosterstraat;'183;';2000;Antwerpen;;'151783,162;'211412,284;';Y;NA;4;12;Unknown;Unknown;;None;;;';;';;Y;;;;'15/01/2019 12:41:18;6;11086662;;LU;1;';';';';';;;;;;;;';;';;Y;;;;'15/01/2019 12:41:18
;;;Zoning;6807323;'20200219142313;W03-C-Antwerpen-West-FH07;6807323;'20200219142313;W03-C-Antwerpen-West-FH07;19084;FTTH-Cu;;';';;;;;;;624665;'20191021151131;1737853;'1630000;'1061;Kloosterstraat;'183;';2000;Antwerpen;;'151783,162;'211412,284;';Y;NA;4;12;Unknown;Unknown;;None;;;';;';;Y;;;;'15/01/2019 12:41:18;7;11086663;;LU;1;';';';';';;;;;;;;';;';;Y;;;;'15/01/2019 12:41:18
;;;Zoning;6807323;'20200219142313;W03-C-Antwerpen-West-FH07;6807323;'20200219142313;W03-C-Antwerpen-West-FH07;19084;FTTH-Cu;;';';;;;;;;624666;'20190115201309;1737854;'1630000;'1061;Kloosterstraat;'185;';2000;Antwerpen;;'151783,44;'211405,13;';Y;NA;3;9;Unknown;Unknown;;None;;;';;';;Y;;;;'15/01/2019 12:41:18;1;1682419;;LU;1;';';';';';Y;;HOUSE;WONING - MAISON;NA;;;';;';;Y;;;;'15/01/2019 12:41:18
;;;Zoning;6807323;'20200219142313;W03-C-Antwerpen-West-FH07;6807323;'20200219142313;W03-C-Antwerpen-West-FH07;19084;FTTH-Cu;;';';;;;;;;624666;'20190115201309;1737854;'1630000;'1061;Kloosterstraat;'185;';2000;Antwerpen;;'151783,44;'211405,13;';Y;NA;3;9;Unknown;Unknown;;None;;;';;';;Y;;;;'15/01/2019 12:41:18;2;1682420;;LU;1;';';';';';Y;;HOUSE;WONING - MAISON;NA;;;';;';;Y;;;;'15/01/2019 12:41:18
;;;Zoning;6807323;'20200219142313;W03-C-Antwerpen-West-FH07;6807323;'20200219142313;W03-C-Antwerpen-West-FH07;19084;FTTH-Cu;;';';;;;;;;624666;'20190115201309;1737854;'1630000;'1061;Kloosterstraat;'185;';2000;Antwerpen;;'151783,44;'211405,13;';Y;NA;3;9;Unknown;Unknown;;None;;;';;';;Y;;;;'15/01/2019 12:41:18;3;11086664;;BU;1;';';';';';;;;;;;;';;';;Y;;;;'15/01/2019 12:41:18
;;;Zoning;6807323;'20200219142313;W03-C-Antwerpen-West-FH07;6807323;'20200219142313;W03-C-Antwerpen-West-FH07;19084;FTTH-Cu;;';';;;;;;;726096;'20190115201311;973305;'1630000;'1061;Kloosterstraat;'187;';2000;Antwerpen;;'151783,619;'211397,531;';Y;NA;4;12;Unknown;Unknown;;None;;;';;';;Y;;;;'15/01/2019 12:41:18;1;1682812;;LU;1;';';';';';Y;;HOUSE;WONING - MAISON;NA;;;';;';;Y;;;;'15/01/2019 12:41:18
;;;Zoning;6807323;'20200219142313;W03-C-Antwerpen-West-FH07;6807323;'20200219142313;W03-C-Antwerpen-West-FH07;19084;FTTH-Cu;;';';;;;;;;726096;'20190115201311;973305;'1630000;'1061;Kloosterstraat;'187;';2000;Antwerpen;;'151783,619;'211397,531;';Y;NA;4;12;Unknown;Unknown;;None;;;';;';;Y;;;;'15/01/2019 12:41:18;2;1682813;;LU;1;';';';';';Y;;HOUSE;WONING - MAISON;NA;;;';;';;Y;;;;'15/01/2019 12:41:18
;;;Zoning;6807323;'20200219142313;W03-C-Antwerpen-West-FH07;6807323;'20200219142313;W03-C-Antwerpen-West-FH07;19084;FTTH-Cu;;';';;;;;;;726096;'20190115201311;973305;'1630000;'1061;Kloosterstraat;'187;';2000;Antwerpen;;'151783,619;'211397,531;';Y;NA;4;12;Unknown;Unknown;;None;;;';;';;Y;;;;'15/01/2019 12:41:18;3;1682814;;LU;1;';';';';';Y;;HOUSE;WONING - MAISON;NA;;;';;';;Y;;;;'15/01/2019 12:41:18
;;;Zoning;6807323;'20200219142313;W03-C-Antwerpen-West-FH07;6807323;'20200219142313;W03-C-Antwerpen-West-FH07;19084;FTTH-Cu;;';';;;;;;;726096;'20190115201311;973305;'1630000;'1061;Kloosterstraat;'187;';2000;Antwerpen;;'151783,619;'211397,531;';Y;NA;4;12;Unknown;Unknown;;None;;;';;';;Y;;;;'15/01/2019 12:41:18;4;11086665;;BU;1;';';';';';;;;;;;;';;';;Y;;;;'15/01/2019 12:41:18
;;;Zoning;6807323;'20200219142313;W03-C-Antwerpen-West-FH07;6807323;'20200219142313;W03-C-Antwerpen-West-FH07;19084;FTTH-Cu;;';';;;;;;;671172;'20190604080307;2047275;'1630000;'25979;Korte Riddersstraat;'1;';2000;Antwerpen;;'152053,275;'211987,912;';Y;NA;4;12;Unknown;Unknown;;None;;;';;';;Y;;;;'15/01/2019 12:41:18;1;1615176;;LU;1;';';';';';Y;;HOUSE;WONING - MAISON;NA;;;';;';;Y;;;;'15/01/2019 12:41:18
;;;Zoning;6807323;'20200219142313;W03-C-Antwerpen-West-FH07;6807323;'20200219142313;W03-C-Antwerpen-West-FH07;19084;FTTH-Cu;;';';;;;;;;720593;'20190712080939;719031;'1630000;'25979;Korte Riddersstraat;'2;';2000;Antwerpen;;'152044,87;'211990,314;';N;MON;3;0;Unknown;Unknown;;None;;;';IFH_BATCH;'12/07/2019 07:35:58;;Y;;;;'12/07/2019 07:28:35;1;1693718;;LU;1;';';';';';Y;;HOUSE;WONING - MAISON;NA;;;';;';;Y;;;;'12/07/2019 07:28:35
;;;Zoning;6807323;'20200219142313;W03-C-Antwerpen-West-FH07;6807323;'20200219142313;W03-C-Antwerpen-West-FH07;19084;FTTH-Cu;;';';;;;;;;695990;'20190604080307;4230472;'1630000;'25979;Korte Riddersstraat;'3;';2000;Antwerpen;;'152053,401;'211982,73;';Y;NA;3;9;Unknown;Unknown;;None;;;';;';;Y;;;;'15/01/2019 12:41:18;1;1741709;;LU;1;';';';';';Y;;HOUSE;WONING - MAISON;NA;;;';;';;Y;;;;'15/01/2019 12:41:18
;;;Zoning;6807323;'20200219142313;W03-C-Antwerpen-West-FH07;6807323;'20200219142313;W03-C-Antwerpen-West-FH07;19084;FTTH-Cu;;';';;;;;;;706071;'20191016141427;4505108;'1630000;'25979;Korte Riddersstraat;'4;';2000;Antwerpen;;'152041,232;'211984,454;';Y;NA;3;4;Unknown;Unknown;;None;;;';IFH_BATCH;'12/07/2019 07:36:01;;Y;;;;'12/07/2019 07:28:35;1;1775875;;LU;1;';';';';';Y;;HOUSE;WONING - MAISON;NA;;;';;';;Y;;;;'12/07/2019 07:28:35
;;;Zoning;6807323;'20200219142313;W03-C-Antwerpen-West-FH07;6807323;'20200219142313;W03-C-Antwerpen-West-FH07;19084;FTTH-Cu;;';';;;;;;;671173;'20190604080307;2047276;'1630000;'25979;Korte Riddersstraat;'5;';2000;Antwerpen;;'152054,475;'211979,065;';Y;NA;3;9;Unknown;Unknown;;None;;;';;';;Y;;;;'15/01/2019 12:41:18;1;1802919;;LU;1;';';';';';Y;;HOUSE;WONING - MAISON;NA;;;';;';;Y;;;;'15/01/2019 12:41:18
;;;Zoning;6807323;'20200219142313;W03-C-Antwerpen-West-FH07;6807323;'20200219142313;W03-C-Antwerpen-West-FH07;19084;FTTH-Cu;;';';;;;;;;671173;'20190604080307;2047276;'1630000;'25979;Korte Riddersstraat;'5;';2000;Antwerpen;;'152054,475;'211979,065;';Y;NA;3;9;Unknown;Unknown;;None;;;';;';;Y;;;;'15/01/2019 12:41:18;2;1802920;;LU;1;';';';';';Y;;HOUSE;WONING - MAISON;NA;;;';;';;Y;;;;'15/01/2019 12:41:18
;;;Zoning;6807323;'20200219142313;W03-C-Antwerpen-West-FH07;6807323;'20200219142313;W03-C-Antwerpen-West-FH07;19084;FTTH-Cu;;';';;;;;;;671173;'20190604080307;2047276;'1630000;'25979;Korte Riddersstraat;'5;';2000;Antwerpen;;'152054,475;'211979,065;';Y;NA;3;9;Unknown;Unknown;;None;;;';;';;Y;;;;'15/01/2019 12:41:18;3;1802921;;LU;1;';';';';';Y;;HOUSE;WONING - MAISON;NA;;;';;';;Y;;;;'15/01/2019 12:41:18
;;;Zoning;6807323;'20200219142313;W03-C-Antwerpen-West-FH07;6807323;'20200219142313;W03-C-Antwerpen-West-FH07;19084;FTTH-Cu;;';';;;;;;;695660;'20191016141427;4215083;'1630000;'25979;Korte Riddersstraat;'6;';2000;Antwerpen;;'152039,716;'211980,978;';Y;NA;3;4;Unknown;Unknown;;None;;;';IFH_BATCH;'12/07/2019 07:36:03;;Y;;;;'12/07/2019 07:28:35;1;1824246;;LU;1;';';';';';Y;;HOUSE;WONING - MAISON;NA;;;';;';;Y;;;;'12/07/2019 07:28:35
;;;Zoning;6807323;'20200219142313;W03-C-Antwerpen-West-FH07;6807323;'20200219142313;W03-C-Antwerpen-West-FH07;19084;FTTH-Cu;;';';;;;;;;706072;'20191016141427;4505109;'1630000;'25979;Korte Riddersstraat;'8;';2000;Antwerpen;;'152040,095;'211975,67;';Y;NA;3;4;Unknown;Unknown;;None;;;';IFH_BATCH;'12/07/2019 07:36:05;;Y;;;;'12/07/2019 07:28:35;1;1855866;;LU;1;';';';';';Y;;HOUSE;WONING - MAISON;NA;;;';;';;Y;;;;'12/07/2019 07:28:35
;;;Zoning;6807323;'20200219142313;W03-C-Antwerpen-West-FH07;6807323;'20200219142313;W03-C-Antwerpen-West-FH07;19084;FTTH-Cu;11382496;'20190604080309;'11 A - 11 B - 13 A - 13 B;;;;;;;671174;'20190604080307;2047277;'1630000;'25979;Korte Riddersstraat;'11;';2000;Antwerpen;;'152053,789;'211968,718;';N;IRREG;4;12;Unknown;Unknown;;None;;;';;';;Y;;;;'15/01/2019 12:41:18;1;1630578;;LU;1;';';';';';Y;;APTBLD;APPARTEMENTSGEBOUW - IMMEUBLE A APPARTEMENTS;NA;;;';;';;Y;;;;'15/01/2019 12:41:18
;;;Zoning;6807323;'20200219142313;W03-C-Antwerpen-West-FH07;6807323;'20200219142313;W03-C-Antwerpen-West-FH07;19084;FTTH-Cu;11382496;'20190604080309;'11 A - 11 B - 13 A - 13 B;;;;;;;671174;'20190604080307;2047277;'1630000;'25979;Korte Riddersstraat;'11;';2000;Antwerpen;;'152053,789;'211968,718;';N;IRREG;4;12;Unknown;Unknown;;None;;;';;';;Y;;;;'15/01/2019 12:41:18;2;1630579;;LU;1;';';';';';Y;;APTBLD;APPARTEMENTSGEBOUW - IMMEUBLE A APPARTEMENTS;NA;;;';;';;Y;;;;'15/01/2019 12:41:18
;;;Zoning;6807323;'20200219142313;W03-C-Antwerpen-West-FH07;6807323;'20200219142313;W03-C-Antwerpen-West-FH07;19084;FTTH-Cu;11382496;'20190604080309;'11 A - 11 B - 13 A - 13 B;;;;;;;671174;'20190604080307;2047277;'1630000;'25979;Korte Riddersstraat;'11;';2000;Antwerpen;;'152053,789;'211968,718;';N;IRREG;4;12;Unknown;Unknown;;None;;;';;';;Y;;;;'15/01/2019 12:41:18;3;1630580;;LU;1;';';';';';Y;;APTBLD;APPARTEMENTSGEBOUW - IMMEUBLE A APPARTEMENTS;NA;;;';;';;Y;;;;'15/01/2019 12:41:18
;;;Zoning;6807323;'20200219142313;W03-C-Antwerpen-West-FH07;6807323;'20200219142313;W03-C-Antwerpen-West-FH07;19084;FTTH-Cu;11382496;'20190604080309;'11 A - 11 B - 13 A - 13 B;;;;;;;671175;'20190604080307;2047279;'1630000;'25979;Korte Riddersstraat;'13;';2000;Antwerpen;;'152047,848;'211954,78;';N;IRREG;4;12;Unknown;Unknown;;None;;;';;';;Y;;;;'15/01/2019 12:41:18;1;1647929;;LU;1;';';';';';Y;;APTBLD;APPARTEMENTSGEBOUW - IMMEUBLE A APPARTEMENTS;NA;;;';;';;Y;;;;'15/01/2019 12:41:18
;;;Zoning;6807323;'20200219142313;W03-C-Antwerpen-West-FH07;6807323;'20200219142313;W03-C-Antwerpen-West-FH07;19084;FTTH-Cu;11382496;'20190604080309;'11 A - 11 B - 13 A - 13 B;;;;;;;671175;'20190604080307;2047279;'1630000;'25979;Korte Riddersstraat;'13;';2000;Antwerpen;;'152047,848;'211954,78;';N;IRREG;4;12;Unknown;Unknown;;None;;;';;';;Y;;;;'15/01/2019 12:41:18;2;1647930;;LU;1;';';';';';Y;;APTBLD;APPARTEMENTSGEBOUW - IMMEUBLE A APPARTEMENTS;NA;;;';;';;Y;;;;'15/01/2019 12:41:18
;;;Zoning;6807323;'20200219142313;W03-C-Antwerpen-West-FH07;6807323;'20200219142313;W03-C-Antwerpen-West-FH07;19084;FTTH-Cu;11382496;'20190604080309;'11 A - 11 B - 13 A - 13 B;;;;;;;671175;'20190604080307;2047279;'1630000;'25979;Korte Riddersstraat;'13;';2000;Antwerpen;;'152047,848;'211954,78;';N;IRREG;4;12;Unknown;Unknown;;None;;;';;';;Y;;;;'15/01/2019 12:41:18;3;1647931;;LU;1;';';';';';Y;;APTBLD;APPARTEMENTSGEBOUW - IMMEUBLE A APPARTEMENTS;NA;;;';;';;Y;;;;'15/01/2019 12:41:18
;;;Zoning;6807323;'20200219142313;W03-C-Antwerpen-West-FH07;6807323;'20200219142313;W03-C-Antwerpen-West-FH07;19084;FTTH-Cu;11382573;'20200219143017;'Korte ridderstraat 20 -16 - 14 en Oever 9 - 11 - 13;;;;;;;11377722;'20200113113521;2047282;'1630000;'25979;Korte Riddersstraat;'14;';2000;Antwerpen;;'152027,315;'211965,477;';Y;NA;4;4;Unknown;Unknown;;None;;;';IFH_BATCH;'12/07/2019 07:36:20;;Y;;;;'12/07/2019 07:28:35;1;11085907;;BU;1;';';';';';;;;;;;;';;';;Y;;;;'12/07/2019 07:28:35
;;;Zoning;6807323;'20200219142313;W03-C-Antwerpen-West-FH07;6807323;'20200219142313;W03-C-Antwerpen-West-FH07;19084;FTTH-Cu;11382573;'20200219143017;'Korte ridderstraat 20 -16 - 14 en Oever 9 - 11 - 13;;;;;;;11377722;'20200113113521;2047282;'1630000;'25979;Korte Riddersstraat;'14;';2000;Antwerpen;;'152027,315;'211965,477;';Y;NA;4;4;Unknown;Unknown;;None;;;';IFH_BATCH;'12/07/2019 07:36:20;;Y;;;;'12/07/2019 07:28:35;2;11085908;;LU;1;';';';';';;;;;;;;';;';;Y;;;;'12/07/2019 07:28:35
;;;Zoning;6807323;'20200219142313;W03-C-Antwerpen-West-FH07;6807323;'20200219142313;W03-C-Antwerpen-West-FH07;19084;FTTH-Cu;11382573;'20200219143017;'Korte ridderstraat 20 -16 - 14 en Oever 9 - 11 - 13;;;;;;;11377722;'20200113113521;2047282;'1630000;'25979;Korte Riddersstraat;'14;';2000;Antwerpen;;'152027,315;'211965,477;';Y;NA;4;4;Unknown;Unknown;;None;;;';IFH_BATCH;'12/07/2019 07:36:20;;Y;;;;'12/07/2019 07:28:35;3;11085909;;LU;1;';';';';';;;;;;;;';;';;Y;;;;'12/07/2019 07:28:35
;;;Zoning;6807323;'20200219142313;W03-C-Antwerpen-West-FH07;6807323;'20200219142313;W03-C-Antwerpen-West-FH07;19084;FTTH-Cu;11382573;'20200219143017;'Korte ridderstraat 20 -16 - 14 en Oever 9 - 11 - 13;;;;;;;11377722;'20200113113521;2047282;'1630000;'25979;Korte Riddersstraat;'14;';2000;Antwerpen;;'152027,315;'211965,477;';Y;NA;4;4;Unknown;Unknown;;None;;;';IFH_BATCH;'12/07/2019 07:36:20;;Y;;;;'12/07/2019 07:28:35;4;11085910;;LU;1;';';';';';;;;;;;;';;';;Y;;;;'12/07/2019 07:28:35
;;;Zoning;6807323;'20200219142313;W03-C-Antwerpen-West-FH07;6807323;'20200219142313;W03-C-Antwerpen-West-FH07;19084;FTTH-Cu;11382573;'20200219143017;'Korte ridderstraat 20 -16 - 14 en Oever 9 - 11 - 13;;;;;;;11377722;'20200113113521;2047282;'1630000;'25979;Korte Riddersstraat;'14;';2000;Antwerpen;;'152027,315;'211965,477;';Y;NA;4;4;Unknown;Unknown;;None;;;';IFH_BATCH;'12/07/2019 07:36:20;;Y;;;;'12/07/2019 07:28:35;5;11085911;;LU;1;';';';';';;;;;;;;';;';;Y;;;;'12/07/2019 07:28:35
;;;Zoning;6807323;'20200219142313;W03-C-Antwerpen-West-FH07;6807323;'20200219142313;W03-C-Antwerpen-West-FH07;19084;FTTH-Cu;11382573;'20200219143017;'Korte ridderstraat 20 -16 - 14 en Oever 9 - 11 - 13;;;;;;;11377722;'20200113113521;2047282;'1630000;'25979;Korte Riddersstraat;'14;';2000;Antwerpen;;'152027,315;'211965,477;';Y;NA;4;4;Unknown;Unknown;;None;;;';IFH_BATCH;'12/07/2019 07:36:20;;Y;;;;'12/07/2019 07:28:35;6;11085912;;LU;1;';';';';';;;;;;;;';;';;Y;;;;'12/07/2019 07:28:35
;;;Zoning;6807323;'20200219142313;W03-C-Antwerpen-West-FH07;6807323;'20200219142313;W03-C-Antwerpen-West-FH07;19084;FTTH-Cu;11382573;'20200219143017;'Korte ridderstraat 20 -16 - 14 en Oever 9 - 11 - 13;;;;;;;11377722;'20200113113521;2047282;'1630000;'25979;Korte Riddersstraat;'14;';2000;Antwerpen;;'152027,315;'211965,477;';Y;NA;4;4;Unknown;Unknown;;None;;;';IFH_BATCH;'12/07/2019 07:36:20;;Y;;;;'12/07/2019 07:28:35;7;11085913;;LU;1;';';';';';;;;;;;;';;';;Y;;;;'12/07/2019 07:28:35
;;;Zoning;6807323;'20200219142313;W03-C-Antwerpen-West-FH07;6807323;'20200219142313;W03-C-Antwerpen-West-FH07;19084;FTTH-Cu;11382573;'20200219143017;'Korte ridderstraat 20 -16 - 14 en Oever 9 - 11 - 13;;;;;;;11377722;'20200113113521;2047282;'1630000;'25979;Korte Riddersstraat;'14;';2000;Antwerpen;;'152027,315;'211965,477;';Y;NA;4;4;Unknown;Unknown;;None;;;';IFH_BATCH;'12/07/2019 07:36:20;;Y;;;;'12/07/2019 07:28:35;8;11085914;;LU;1;';';';';';;;;;;;;';;';;Y;;;;'12/07/2019 07:28:35
;;;Zoning;6807323;'20200219142313;W03-C-Antwerpen-West-FH07;6807323;'20200219142313;W03-C-Antwerpen-West-FH07;19084;FTTH-Cu;11382573;'20200219143017;'Korte ridderstraat 20 -16 - 14 en Oever 9 - 11 - 13;;;;;;;11377722;'20200113113521;2047282;'1630000;'25979;Korte Riddersstraat;'14;';2000;Antwerpen;;'152027,315;'211965,477;';Y;NA;4;4;Unknown;Unknown;;None;;;';IFH_BATCH;'12/07/2019 07:36:20;;Y;;;;'12/07/2019 07:28:35;9;11085915;;LU;1;';';';';';;;;;;;;';;';;Y;;;;'12/07/2019 07:28:35
;;;Zoning;6807323;'20200219142313;W03-C-Antwerpen-West-FH07;6807323;'20200219142313;W03-C-Antwerpen-West-FH07;19084;FTTH-Cu;11382573;'20200219143017;'Korte ridderstraat 20 -16 - 14 en Oever 9 - 11 - 13;;;;;;;11377722;'20200113113521;2047282;'1630000;'25979;Korte Riddersstraat;'14;';2000;Antwerpen;;'152027,315;'211965,477;';Y;NA;4;4;Unknown;Unknown;;None;;;';IFH_BATCH;'12/07/2019 07:36:20;;Y;;;;'12/07/2019 07:28:35;10;11085916;;LU;1;';';';';';;;;;;;;';;';;Y;;;;'12/07/2019 07:28:35
;;;Zoning;6807323;'20200219142313;W03-C-Antwerpen-West-FH07;6807323;'20200219142313;W03-C-Antwerpen-West-FH07;19084;FTTH-Cu;11382573;'20200219143017;'Korte ridderstraat 20 -16 - 14 en Oever 9 - 11 - 13;;;;;;;11377722;'20200113113521;2047282;'1630000;'25979;Korte Riddersstraat;'14;';2000;Antwerpen;;'152027,315;'211965,477;';Y;NA;4;4;Unknown;Unknown;;None;;;';IFH_BATCH;'12/07/2019 07:36:20;;Y;;;;'12/07/2019 07:28:35;11;11085917;;LU;1;';';';';';;;;;;;;';;';;Y;;;;'12/07/2019 07:28:35
;;;Zoning;6807323;'20200219142313;W03-C-Antwerpen-West-FH07;6807323;'20200219142313;W03-C-Antwerpen-West-FH07;19084;FTTH-Cu;11382573;'20200219143017;'Korte ridderstraat 20 -16 - 14 en Oever 9 - 11 - 13;;;;;;;11377722;'20200113113521;2047282;'1630000;'25979;Korte Riddersstraat;'14;';2000;Antwerpen;;'152027,315;'211965,477;';Y;NA;4;4;Unknown;Unknown;;None;;;';IFH_BATCH;'12/07/2019 07:36:20;;Y;;;;'12/07/2019 07:28:35;12;11085918;;LU;1;';';';';';;;;;;;;';;';;Y;;;;'12/07/2019 07:28:35
;;;Zoning;6807323;'20200219142313;W03-C-Antwerpen-West-FH07;6807323;'20200219142313;W03-C-Antwerpen-West-FH07;19084;FTTH-Cu;11382573;'20200219143017;'Korte ridderstraat 20 -16 - 14 en Oever 9 - 11 - 13;;;;;;;11377722;'20200113113521;2047282;'1630000;'25979;Korte Riddersstraat;'14;';2000;Antwerpen;;'152027,315;'211965,477;';Y;NA;4;4;Unknown;Unknown;;None;;;';IFH_BATCH;'12/07/2019 07:36:20;;Y;;;;'12/07/2019 07:28:35;13;11085919;;LU;1;';';';';';;;;;;;;';;';;Y;;;;'12/07/2019 07:28:35
;;;Zoning;6807323;'20200219142313;W03-C-Antwerpen-West-FH07;6807323;'20200219142313;W03-C-Antwerpen-West-FH07;19084;FTTH-Cu;11382573;'20200219143017;'Korte ridderstraat 20 -16 - 14 en Oever 9 - 11 - 13;;;;;;;11377722;'20200113113521;2047282;'1630000;'25979;Korte Riddersstraat;'14;';2000;Antwerpen;;'152027,315;'211965,477;';Y;NA;4;4;Unknown;Unknown;;None;;;';IFH_BATCH;'12/07/2019 07:36:20;;Y;;;;'12/07/2019 07:28:35;14;11085920;;LU;1;';';';';';;;;;;;;';;';;Y;;;;'12/07/2019 07:28:35
;;;Zoning;6807323;'20200219142313;W03-C-Antwerpen-West-FH07;6807323;'20200219142313;W03-C-Antwerpen-West-FH07;19084;FTTH-Cu;11382573;'20200219143017;'Korte ridderstraat 20 -16 - 14 en Oever 9 - 11 - 13;;;;;;;11377722;'20200113113521;2047282;'1630000;'25979;Korte Riddersstraat;'14;';2000;Antwerpen;;'152027,315;'211965,477;';Y;NA;4;4;Unknown;Unknown;;None;;;';IFH_BATCH;'12/07/2019 07:36:20;;Y;;;;'12/07/2019 07:28:35;15;11085921;;LU;1;';';';';';;;;;;;;';;';;Y;;;;'12/07/2019 07:28:35
;;;Zoning;6807323;'20200219142313;W03-C-Antwerpen-West-FH07;6807323;'20200219142313;W03-C-Antwerpen-West-FH07;19084;FTTH-Cu;11382573;'20200219143017;'Korte ridderstraat 20 -16 - 14 en Oever 9 - 11 - 13;;;;;;;11377722;'20200113113521;2047282;'1630000;'25979;Korte Riddersstraat;'14;';2000;Antwerpen;;'152027,315;'211965,477;';Y;NA;4;4;Unknown;Unknown;;None;;;';IFH_BATCH;'12/07/2019 07:36:20;;Y;;;;'12/07/2019 07:28:35;16;11085922;;LU;1;';';';';';;;;;;;;';;';;Y;;;;'12/07/2019 07:28:35
;;;Zoning;6807323;'20200219142313;W03-C-Antwerpen-West-FH07;6807323;'20200219142313;W03-C-Antwerpen-West-FH07;19084;FTTH-Cu;11382573;'20200219143017;'Korte ridderstraat 20 -16 - 14 en Oever 9 - 11 - 13;;;;;;;11377722;'20200113113521;2047282;'1630000;'25979;Korte Riddersstraat;'14;';2000;Antwerpen;;'152027,315;'211965,477;';Y;NA;4;4;Unknown;Unknown;;None;;;';IFH_BATCH;'12/07/2019 07:36:20;;Y;;;;'12/07/2019 07:28:35;17;11085923;;LU;1;';';';';';;;;;;;;';;';;Y;;;;'12/07/2019 07:28:35
;;;Zoning;6807323;'20200219142313;W03-C-Antwerpen-West-FH07;6807323;'20200219142313;W03-C-Antwerpen-West-FH07;19084;FTTH-Cu;11382573;'20200219143017;'Korte ridderstraat 20 -16 - 14 en Oever 9 - 11 - 13;;;;;;;11377722;'20200113113521;2047282;'1630000;'25979;Korte Riddersstraat;'14;';2000;Antwerpen;;'152027,315;'211965,477;';Y;NA;4;4;Unknown;Unknown;;None;;;';IFH_BATCH;'12/07/2019 07:36:20;;Y;;;;'12/07/2019 07:28:35;18;11085924;;LU;1;';';';';';;;;;;;;';;';;Y;;;;'12/07/2019 07:28:35
;;;Zoning;6807323;'20200219142313;W03-C-Antwerpen-West-FH07;6807323;'20200219142313;W03-C-Antwerpen-West-FH07;19084;FTTH-Cu;11382573;'20200219143017;'Korte ridderstraat 20 -16 - 14 en Oever 9 - 11 - 13;;;;;;;11377722;'20200113113521;2047282;'1630000;'25979;Korte Riddersstraat;'14;';2000;Antwerpen;;'152027,315;'211965,477;';Y;NA;4;4;Unknown;Unknown;;None;;;';IFH_BATCH;'12/07/2019 07:36:20;;Y;;;;'12/07/2019 07:28:35;19;11085925;;LU;1;';';';';';;;;;;;;';;';;Y;;;;'12/07/2019 07:28:35
;;;Zoning;6807323;'20200219142313;W03-C-Antwerpen-West-FH07;6807323;'20200219142313;W03-C-Antwerpen-West-FH07;19084;FTTH-Cu;11382573;'20200219143017;'Korte ridderstraat 20 -16 - 14 en Oever 9 - 11 - 13;;;;;;;11377722;'20200113113521;2047282;'1630000;'25979;Korte Riddersstraat;'14;';2000;Antwerpen;;'152027,315;'211965,477;';Y;NA;4;4;Unknown;Unknown;;None;;;';IFH_BATCH;'12/07/2019 07:36:20;;Y;;;;'12/07/2019 07:28:35;20;11085926;;LU;1;';';';';';;;;;;;;';;';;Y;;;;'12/07/2019 07:28:35
;;;Zoning;6807323;'20200219142313;W03-C-Antwerpen-West-FH07;6807323;'20200219142313;W03-C-Antwerpen-West-FH07;19084;FTTH-Cu;11382573;'20200219143017;'Korte ridderstraat 20 -16 - 14 en Oever 9 - 11 - 13;;;;;;;11377722;'20200113113521;2047282;'1630000;'25979;Korte Riddersstraat;'14;';2000;Antwerpen;;'152027,315;'211965,477;';Y;NA;4;4;Unknown;Unknown;;None;;;';IFH_BATCH;'12/07/2019 07:36:20;;Y;;;;'12/07/2019 07:28:35;21;11085927;;LU;1;';';';';';;;;;;;;';;';;Y;;;;'12/07/2019 07:28:35
;;;Zoning;6807323;'20200219142313;W03-C-Antwerpen-West-FH07;6807323;'20200219142313;W03-C-Antwerpen-West-FH07;19084;FTTH-Cu;11382573;'20200219143017;'Korte ridderstraat 20 -16 - 14 en Oever 9 - 11 - 13;;;;;;;11377722;'20200113113521;2047282;'1630000;'25979;Korte Riddersstraat;'14;';2000;Antwerpen;;'152027,315;'211965,477;';Y;NA;4;4;Unknown;Unknown;;None;;;';IFH_BATCH;'12/07/2019 07:36:20;;Y;;;;'12/07/2019 07:28:35;22;11085928;;LU;1;';';';';';;;;;;;;';;';;Y;;;;'12/07/2019 07:28:35
;;;Zoning;6807323;'20200219142313;W03-C-Antwerpen-West-FH07;6807323;'20200219142313;W03-C-Antwerpen-West-FH07;19084;FTTH-Cu;11382573;'20200219143017;'Korte ridderstraat 20 -16 - 14 en Oever 9 - 11 - 13;;;;;;;11377722;'20200113113521;2047282;'1630000;'25979;Korte Riddersstraat;'14;';2000;Antwerpen;;'152027,315;'211965,477;';Y;NA;4;4;Unknown;Unknown;;None;;;';IFH_BATCH;'12/07/2019 07:36:20;;Y;;;;'12/07/2019 07:28:35;23;11085929;;LU;1;';';';';';;;;;;;;';;';;Y;;;;'12/07/2019 07:28:35
;;;Zoning;6807323;'20200219142313;W03-C-Antwerpen-West-FH07;6807323;'20200219142313;W03-C-Antwerpen-West-FH07;19084;FTTH-Cu;11382573;'20200219143017;'Korte ridderstraat 20 -16 - 14 en Oever 9 - 11 - 13;;;;;;;11377722;'20200113113521;2047282;'1630000;'25979;Korte Riddersstraat;'14;';2000;Antwerpen;;'152027,315;'211965,477;';Y;NA;4;4;Unknown;Unknown;;None;;;';IFH_BATCH;'12/07/2019 07:36:20;;Y;;;;'12/07/2019 07:28:35;24;11085930;;LU;1;';';';';';;;;;;;;';;';;Y;;;;'12/07/2019 07:28:35
;;;Zoning;6807323;'20200219142313;W03-C-Antwerpen-West-FH07;6807323;'20200219142313;W03-C-Antwerpen-West-FH07;19084;FTTH-Cu;11382573;'20200219143017;'Korte ridderstraat 20 -16 - 14 en Oever 9 - 11 - 13;;;;;;;11377722;'20200113113521;2047282;'1630000;'25979;Korte Riddersstraat;'14;';2000;Antwerpen;;'152027,315;'211965,477;';Y;NA;4;4;Unknown;Unknown;;None;;;';IFH_BATCH;'12/07/2019 07:36:20;;Y;;;;'12/07/2019 07:28:35;25;11085931;;LU;1;';';';';';;;;;;;;';;';;Y;;;;'12/07/2019 07:28:35
;;;Zoning;6807323;'20200219142313;W03-C-Antwerpen-West-FH07;6807323;'20200219142313;W03-C-Antwerpen-West-FH07;19084;FTTH-Cu;11382573;'20200219143017;'Korte ridderstraat 20 -16 - 14 en Oever 9 - 11 - 13;;;;;;;11377722;'20200113113521;2047282;'1630000;'25979;Korte Riddersstraat;'14;';2000;Antwerpen;;'152027,315;'211965,477;';Y;NA;4;4;Unknown;Unknown;;None;;;';IFH_BATCH;'12/07/2019 07:36:20;;Y;;;;'12/07/2019 07:28:35;26;11085932;;LU;1;';';';';';;;;;;;;';;';;Y;;;;'12/07/2019 07:28:35
;;;Zoning;6807323;'20200219142313;W03-C-Antwerpen-West-FH07;6807323;'20200219142313;W03-C-Antwerpen-West-FH07;19084;FTTH-Cu;11382573;'20200219143017;'Korte ridderstraat 20 -16 - 14 en Oever 9 - 11 - 13;;;;;;;11377722;'20200113113521;2047282;'1630000;'25979;Korte Riddersstraat;'14;';2000;Antwerpen;;'152027,315;'211965,477;';Y;NA;4;4;Unknown;Unknown;;None;;;';IFH_BATCH;'12/07/2019 07:36:20;;Y;;;;'12/07/2019 07:28:35;27;11085933;;LU;1;';';';';';;;;;;;;';;';;Y;;;;'12/07/2019 07:28:35
;;;Zoning;6807323;'20200219142313;W03-C-Antwerpen-West-FH07;6807323;'20200219142313;W03-C-Antwerpen-West-FH07;19084;FTTH-Cu;11382573;'20200219143017;'Korte ridderstraat 20 -16 - 14 en Oever 9 - 11 - 13;;;;;;;11377722;'20200113113521;2047282;'1630000;'25979;Korte Riddersstraat;'14;';2000;Antwerpen;;'152027,315;'211965,477;';Y;NA;4;4;Unknown;Unknown;;None;;;';IFH_BATCH;'12/07/2019 07:36:20;;Y;;;;'12/07/2019 07:28:35;28;11085934;;LU;1;';';';';';;;;;;;;';;';;Y;;;;'12/07/2019 07:28:35
;;;Zoning;6807323;'20200219142313;W03-C-Antwerpen-West-FH07;6807323;'20200219142313;W03-C-Antwerpen-West-FH07;19084;FTTH-Cu;;';';;;;;;;671176;'20190604080307;2047284;'1630000;'25979;Korte Riddersstraat;'15;';2000;Antwerpen;;'152072,675;'211933,882;';N;IRREG;2;6;Unknown;Unknown;;None;;;';;';;Y;;;;'15/01/2019 12:41:18;1;1661968;;LU;1;';';';';';Y;;APTBLD;APPARTEMENTSGEBOUW - IMMEUBLE A APPARTEMENTS;NA;;;';;';;Y;;;;'15/01/2019 12:41:18
;;;Zoning;6807323;'20200219142313;W03-C-Antwerpen-West-FH07;6807323;'20200219142313;W03-C-Antwerpen-West-FH07;19084;FTTH-Cu;;';';;;;;;;11377557;'20190604080310;2047285;'1630000;'25979;Korte Riddersstraat;'15;'2;2000;Antwerpen;;'152073;'211937;';N;IRREG;3;9;Unknown;Unknown;;None;;;';;';;Y;;;;'15/01/2019 12:41:18;1;11085895;;LU;1;';';';';';;;;;;;;';;';;Y;;;;'15/01/2019 12:41:18
;;;Zoning;6807323;'20200219142313;W03-C-Antwerpen-West-FH07;6807323;'20200219142313;W03-C-Antwerpen-West-FH07;19084;FTTH-Cu;;';';;;;;;;11377558;'20190604080311;6089004;'1630000;'25979;Korte Riddersstraat;'15;'3;2000;Antwerpen;;'152060,415;'211925,224;';N;IRREG;4;12;Unknown;Unknown;;None;;;';;';;Y;;;;'15/01/2019 12:41:18;1;11085896;;LU;1;';';';';';;;;;;;;';;';;Y;;;;'15/01/2019 12:41:18
;;;Zoning;6807323;'20200219142313;W03-C-Antwerpen-West-FH07;6807323;'20200219142313;W03-C-Antwerpen-West-FH07;19084;FTTH-Cu;;';';;;;;;;11377558;'20190604080311;6089004;'1630000;'25979;Korte Riddersstraat;'15;'3;2000;Antwerpen;;'152060,415;'211925,224;';N;IRREG;4;12;Unknown;Unknown;;None;;;';;';;Y;;;;'15/01/2019 12:41:18;2;11085897;;LU;1;';';';';';;;;;;;;';;';;Y;;;;'15/01/2019 12:41:18
;;;Zoning;6807323;'20200219142313;W03-C-Antwerpen-West-FH07;6807323;'20200219142313;W03-C-Antwerpen-West-FH07;19084;FTTH-Cu;;';';;;;;;;11377558;'20190604080311;6089004;'1630000;'25979;Korte Riddersstraat;'15;'3;2000;Antwerpen;;'152060,415;'211925,224;';N;IRREG;4;12;Unknown;Unknown;;None;;;';;';;Y;;;;'15/01/2019 12:41:18;3;11085898;;LU;1;';';';';';;;;;;;;';;';;Y;;;;'15/01/2019 12:41:18
;;;Zoning;6807323;'20200219142313;W03-C-Antwerpen-West-FH07;6807323;'20200219142313;W03-C-Antwerpen-West-FH07;19084;FTTH-Cu;;';';;;;;;;11377558;'20190604080311;6089004;'1630000;'25979;Korte Riddersstraat;'15;'3;2000;Antwerpen;;'152060,415;'211925,224;';N;IRREG;4;12;Unknown;Unknown;;None;;;';;';;Y;;;;'15/01/2019 12:41:18;4;11085899;;LU;1;';';';';';;;;;;;;';;';;Y;;;;'15/01/2019 12:41:18
;;;Zoning;6807323;'20200219142313;W03-C-Antwerpen-West-FH07;6807323;'20200219142313;W03-C-Antwerpen-West-FH07;19084;FTTH-Cu;;';';;;;;;;11377558;'20190604080311;6089004;'1630000;'25979;Korte Riddersstraat;'15;'3;2000;Antwerpen;;'152060,415;'211925,224;';N;IRREG;4;12;Unknown;Unknown;;None;;;';;';;Y;;;;'15/01/2019 12:41:18;5;11085900;;LU;1;';';';';';;;;;;;;';;';;Y;;;;'15/01/2019 12:41:18
;;;Zoning;6807323;'20200219142313;W03-C-Antwerpen-West-FH07;6807323;'20200219142313;W03-C-Antwerpen-West-FH07;19084;FTTH-Cu;;';';;;;;;;11377558;'20190604080311;6089004;'1630000;'25979;Korte Riddersstraat;'15;'3;2000;Antwerpen;;'152060,415;'211925,224;';N;IRREG;4;12;Unknown;Unknown;;None;;;';;';;Y;;;;'15/01/2019 12:41:18;6;11085901;;LU;1;';';';';';;;;;;;;';;';;Y;;;;'15/01/2019 12:41:18
;;;Zoning;6807323;'20200219142313;W03-C-Antwerpen-West-FH07;6807323;'20200219142313;W03-C-Antwerpen-West-FH07;19084;FTTH-Cu;;';';;;;;;;11377563;'20190604080310;6525998;'1630000;'25979;Korte Riddersstraat;'15;'4;2000;Antwerpen;;'152060,163;'211945,699;';N;IRREG;4;12;Unknown;Unknown;;None;;;';;';;Y;;;;'15/01/2019 12:41:18;1;11085902;;LU;1;';';';';';;;;;;;;';;';;Y;;;;'15/01/2019 12:41:18
;;;Zoning;6807323;'20200219142313;W03-C-Antwerpen-West-FH07;6807323;'20200219142313;W03-C-Antwerpen-West-FH07;19084;FTTH-Cu;;';';;;;;;;691184;'20190604080310;3928245;'1630000;'25979;Korte Riddersstraat;'17;';2000;Antwerpen;;'152048,099;'211917,613;';N;IRREG;2;6;Unknown;Unknown;;None;;;';;';;Y;;;;'15/01/2019 12:41:18;1;1674518;;LU;1;';';';';';Y;;APTBLD;APPARTEMENTSGEBOUW - IMMEUBLE A APPARTEMENTS;NA;;;';;';;Y;;;;'15/01/2019 12:41:18
;;;Zoning;6807323;'20200219142313;W03-C-Antwerpen-West-FH07;6807323;'20200219142313;W03-C-Antwerpen-West-FH07;19084;FTTH-Cu;;';';;;;;;;11377555;'20190604080311;2047287;'1630000;'25979;Korte Riddersstraat;'17;'2;2000;Antwerpen;;'152056,118;'211915,303;';N;IRREG;4;12;Unknown;Unknown;;None;;;';;';;Y;;;;'15/01/2019 12:41:18;1;11085889;;LU;1;';';';';';;;;;;;;';;';;Y;;;;'15/01/2019 12:41:18
;;;Zoning;6807323;'20200219142313;W03-C-Antwerpen-West-FH07;6807323;'20200219142313;W03-C-Antwerpen-West-FH07;19084;FTTH-Cu;;';';;;;;;;11377555;'20190604080311;2047287;'1630000;'25979;Korte Riddersstraat;'17;'2;2000;Antwerpen;;'152056,118;'211915,303;';N;IRREG;4;12;Unknown;Unknown;;None;;;';;';;Y;;;;'15/01/2019 12:41:18;2;11085890;;LU;1;';';';';';;;;;;;;';;';;Y;;;;'15/01/2019 12:41:18
;;;Zoning;6807323;'20200219142313;W03-C-Antwerpen-West-FH07;6807323;'20200219142313;W03-C-Antwerpen-West-FH07;19084;FTTH-Cu;;';';;;;;;;11377555;'20190604080311;2047287;'1630000;'25979;Korte Riddersstraat;'17;'2;2000;Antwerpen;;'152056,118;'211915,303;';N;IRREG;4;12;Unknown;Unknown;;None;;;';;';;Y;;;;'15/01/2019 12:41:18;3;11085891;;LU;1;';';';';';;;;;;;;';;';;Y;;;;'15/01/2019 12:41:18
;;;Zoning;6807323;'20200219142313;W03-C-Antwerpen-West-FH07;6807323;'20200219142313;W03-C-Antwerpen-West-FH07;19084;FTTH-Cu;;';';;;;;;;11377555;'20190604080311;2047287;'1630000;'25979;Korte Riddersstraat;'17;'2;2000;Antwerpen;;'152056,118;'211915,303;';N;IRREG;4;12;Unknown;Unknown;;None;;;';;';;Y;;;;'15/01/2019 12:41:18;4;11085892;;LU;1;';';';';';;;;;;;;';;';;Y;;;;'15/01/2019 12:41:18
;;;Zoning;6807323;'20200219142313;W03-C-Antwerpen-West-FH07;6807323;'20200219142313;W03-C-Antwerpen-West-FH07;19084;FTTH-Cu;;';';;;;;;;11377555;'20190604080311;2047287;'1630000;'25979;Korte Riddersstraat;'17;'2;2000;Antwerpen;;'152056,118;'211915,303;';N;IRREG;4;12;Unknown;Unknown;;None;;;';;';;Y;;;;'15/01/2019 12:41:18;5;11085893;;LU;1;';';';';';;;;;;;;';;';;Y;;;;'15/01/2019 12:41:18
;;;Zoning;6807323;'20200219142313;W03-C-Antwerpen-West-FH07;6807323;'20200219142313;W03-C-Antwerpen-West-FH07;19084;FTTH-Cu;;';';;;;;;;11377555;'20190604080311;2047287;'1630000;'25979;Korte Riddersstraat;'17;'2;2000;Antwerpen;;'152056,118;'211915,303;';N;IRREG;4;12;Unknown;Unknown;;None;;;';;';;Y;;;;'15/01/2019 12:41:18;6;11085894;;LU;1;';';';';';;;;;;;;';;';;Y;;;;'15/01/2019 12:41:18
;;;Zoning;6807323;'20200219142313;W03-C-Antwerpen-West-FH07;6807323;'20200219142313;W03-C-Antwerpen-West-FH07;19084;FTTH-Cu;11382573;'20200219143017;'Korte ridderstraat 20 -16 - 14 en Oever 9 - 11 - 13;;;;;;;11377725;'20190712080952;2047288;'1630000;'25979;Korte Riddersstraat;'18;';2000;Antwerpen;;'152009,734;'211929,774;';N;ORN;4;0;Unknown;Unknown;;None;;;';IFH_BATCH;'12/07/2019 07:43:39;;Y;;;;'12/07/2019 07:28:35;1;11085935;;BU;1;';';';';';;;;;;;;';;';;Y;;;;'12/07/2019 07:28:35
;;;Zoning;6807323;'20200219142313;W03-C-Antwerpen-West-FH07;6807323;'20200219142313;W03-C-Antwerpen-West-FH07;19084;FTTH-Cu;;';';;;;;;;671177;'20191016142425;2047289;'1630000;'25979;Korte Riddersstraat;'19;';2000;Antwerpen;;'152027,786;'211929,409;';N;IRREG;4;12;Unknown;Unknown;;None;;;';;';;Y;;;;'15/01/2019 12:41:18;1;1685728;;LU;1;';';';';';Y;;APTBLD;APPARTEMENTSGEBOUW - IMMEUBLE A APPARTEMENTS;NA;;;';;';;Y;;;;'15/01/2019 12:41:18
;;;Zoning;6807323;'20200219142313;W03-C-Antwerpen-West-FH07;6807323;'20200219142313;W03-C-Antwerpen-West-FH07;19084;FTTH-Cu;;';';;;;;;;671177;'20191016142425;2047289;'1630000;'25979;Korte Riddersstraat;'19;';2000;Antwerpen;;'152027,786;'211929,409;';N;IRREG;4;12;Unknown;Unknown;;None;;;';;';;Y;;;;'15/01/2019 12:41:18;2;1685729;;LU;1;';';';';';Y;;APTBLD;APPARTEMENTSGEBOUW - IMMEUBLE A APPARTEMENTS;NA;;;';;';;Y;;;;'15/01/2019 12:41:18
;;;Zoning;6807323;'20200219142313;W03-C-Antwerpen-West-FH07;6807323;'20200219142313;W03-C-Antwerpen-West-FH07;19084;FTTH-Cu;;';';;;;;;;671177;'20191016142425;2047289;'1630000;'25979;Korte Riddersstraat;'19;';2000;Antwerpen;;'152027,786;'211929,409;';N;IRREG;4;12;Unknown;Unknown;;None;;;';;';;Y;;;;'15/01/2019 12:41:18;3;1685730;;LU;1;';';';';';Y;;APTBLD;APPARTEMENTSGEBOUW - IMMEUBLE A APPARTEMENTS;NA;;;';;';;Y;;;;'15/01/2019 12:41:18
;;;Zoning;6807323;'20200219142313;W03-C-Antwerpen-West-FH07;6807323;'20200219142313;W03-C-Antwerpen-West-FH07;19084;FTTH-Cu;;';';;;;;;;671177;'20191016142425;2047289;'1630000;'25979;Korte Riddersstraat;'19;';2000;Antwerpen;;'152027,786;'211929,409;';N;IRREG;4;12;Unknown;Unknown;;None;;;';;';;Y;;;;'15/01/2019 12:41:18;4;1685731;;LU;1;';';';';';Y;;APTBLD;APPARTEMENTSGEBOUW - IMMEUBLE A APPARTEMENTS;NA;;;';;';;Y;;;;'15/01/2019 12:41:18
;;;Zoning;6807323;'20200219142313;W03-C-Antwerpen-West-FH07;6807323;'20200219142313;W03-C-Antwerpen-West-FH07;19084;FTTH-Cu;;';';;;;;;;671177;'20191016142425;2047289;'1630000;'25979;Korte Riddersstraat;'19;';2000;Antwerpen;;'152027,786;'211929,409;';N;IRREG;4;12;Unknown;Unknown;;None;;;';;';;Y;;;;'15/01/2019 12:41:18;5;1685732;;LU;1;';';';';';Y;;APTBLD;APPARTEMENTSGEBOUW - IMMEUBLE A APPARTEMENTS;NA;;;';;';;Y;;;;'15/01/2019 12:41:18
;;;Zoning;6807323;'20200219142313;W03-C-Antwerpen-West-FH07;6807323;'20200219142313;W03-C-Antwerpen-West-FH07;19084;FTTH-Cu;;';';;;;;;;671177;'20191016142425;2047289;'1630000;'25979;Korte Riddersstraat;'19;';2000;Antwerpen;;'152027,786;'211929,409;';N;IRREG;4;12;Unknown;Unknown;;None;;;';;';;Y;;;;'15/01/2019 12:41:18;6;1685733;;LU;1;';';';';';Y;;APTBLD;APPARTEMENTSGEBOUW - IMMEUBLE A APPARTEMENTS;NA;;;';;';;Y;;;;'15/01/2019 12:41:18
;;;Zoning;6807323;'20200219142313;W03-C-Antwerpen-West-FH07;6807323;'20200219142313;W03-C-Antwerpen-West-FH07;19084;FTTH-Cu;11382573;'20200219143017;'Korte ridderstraat 20 -16 - 14 en Oever 9 - 11 - 13;;;;;;;616623;'20200110162501;1329079;'1630000;'25979;Korte Riddersstraat;'20;';2000;Antwerpen;;'152004,489;'211921,749;';N;GLASS;3;12;Unknown;Unknown;;None;;;';;';;Y;;;;'15/01/2019 12:41:18;1;1696898;;LU;1;';';';';';Y;#ELEK.CABIN;APPART;DEEL_APP_GEBOUW - PARTIE_IMMEUBLE_APP;NA;;;';;';;Y;;;;'15/01/2019 12:41:18
;;;Zoning;6807323;'20200219142313;W03-C-Antwerpen-West-FH07;6807323;'20200219142313;W03-C-Antwerpen-West-FH07;19084;FTTH-Cu;11382573;'20200219143017;'Korte ridderstraat 20 -16 - 14 en Oever 9 - 11 - 13;;;;;;;616623;'20200110162501;1329079;'1630000;'25979;Korte Riddersstraat;'20;';2000;Antwerpen;;'152004,489;'211921,749;';N;GLASS;3;12;Unknown;Unknown;;None;;;';;';;Y;;;;'15/01/2019 12:41:18;2;1698406;;LU;1;';';';';';Y;;APPART;DEEL_APP_GEBOUW - PARTIE_IMMEUBLE_APP;NA;;;';;';;Y;;;;'15/01/2019 12:41:18
;;;Zoning;6807323;'20200219142313;W03-C-Antwerpen-West-FH07;6807323;'20200219142313;W03-C-Antwerpen-West-FH07;19084;FTTH-Cu;11382573;'20200219143017;'Korte ridderstraat 20 -16 - 14 en Oever 9 - 11 - 13;;;;;;;616623;'20200110162501;1329079;'1630000;'25979;Korte Riddersstraat;'20;';2000;Antwerpen;;'152004,489;'211921,749;';N;GLASS;3;12;Unknown;Unknown;;None;;;';;';;Y;;;;'15/01/2019 12:41:18;3;11087147;;LU;1;';';';';';;;;;;;;';;';;Y;;;;'15/01/2019 12:41:18
;;;Zoning;6807323;'20200219142313;W03-C-Antwerpen-West-FH07;6807323;'20200219142313;W03-C-Antwerpen-West-FH07;19084;FTTH-Cu;11382573;'20200219143017;'Korte ridderstraat 20 -16 - 14 en Oever 9 - 11 - 13;;;;;;;616623;'20200110162501;1329079;'1630000;'25979;Korte Riddersstraat;'20;';2000;Antwerpen;;'152004,489;'211921,749;';N;GLASS;3;12;Unknown;Unknown;;None;;;';;';;Y;;;;'15/01/2019 12:41:18;4;11087148;;LU;1;';';';';';;;;;;;;';;';;Y;;;;'15/01/2019 12:41:18
;;;Zoning;6807323;'20200219142313;W03-C-Antwerpen-West-FH07;6807323;'20200219142313;W03-C-Antwerpen-West-FH07;19084;FTTH-Cu;11382573;'20200219143017;'Korte ridderstraat 20 -16 - 14 en Oever 9 - 11 - 13;;;;;;;616623;'20200110162501;1329079;'1630000;'25979;Korte Riddersstraat;'20;';2000;Antwerpen;;'152004,489;'211921,749;';N;GLASS;3;12;Unknown;Unknown;;None;;;';;';;Y;;;;'15/01/2019 12:41:18;5;11087149;;LU;1;';';';';';;;;;;;;';;';;Y;;;;'15/01/2019 12:41:18
;;;Zoning;6807323;'20200219142313;W03-C-Antwerpen-West-FH07;6807323;'20200219142313;W03-C-Antwerpen-West-FH07;19084;FTTH-Cu;11382573;'20200219143017;'Korte ridderstraat 20 -16 - 14 en Oever 9 - 11 - 13;;;;;;;616623;'20200110162501;1329079;'1630000;'25979;Korte Riddersstraat;'20;';2000;Antwerpen;;'152004,489;'211921,749;';N;GLASS;3;12;Unknown;Unknown;;None;;;';;';;Y;;;;'15/01/2019 12:41:18;6;11087150;;LU;1;';';';';';;;;;;;;';;';;Y;;;;'15/01/2019 12:41:18
;;;Zoning;6807323;'20200219142313;W03-C-Antwerpen-West-FH07;6807323;'20200219142313;W03-C-Antwerpen-West-FH07;19084;FTTH-Cu;11382573;'20200219143017;'Korte ridderstraat 20 -16 - 14 en Oever 9 - 11 - 13;;;;;;;616623;'20200110162501;1329079;'1630000;'25979;Korte Riddersstraat;'20;';2000;Antwerpen;;'152004,489;'211921,749;';N;GLASS;3;12;Unknown;Unknown;;None;;;';;';;Y;;;;'15/01/2019 12:41:18;7;11087151;;LU;1;';';';';';;;;;;;;';;';;Y;;;;'15/01/2019 12:41:18
;;;Zoning;6807323;'20200219142313;W03-C-Antwerpen-West-FH07;6807323;'20200219142313;W03-C-Antwerpen-West-FH07;19084;FTTH-Cu;11382573;'20200219143017;'Korte ridderstraat 20 -16 - 14 en Oever 9 - 11 - 13;;;;;;;616623;'20200110162501;1329079;'1630000;'25979;Korte Riddersstraat;'20;';2000;Antwerpen;;'152004,489;'211921,749;';N;GLASS;3;12;Unknown;Unknown;;None;;;';;';;Y;;;;'15/01/2019 12:41:18;8;11087152;;LU;1;';';';';';;;;;;;;';;';;Y;;;;'15/01/2019 12:41:18
;;;Zoning;6807323;'20200219142313;W03-C-Antwerpen-West-FH07;6807323;'20200219142313;W03-C-Antwerpen-West-FH07;19084;FTTH-Cu;11382573;'20200219143017;'Korte ridderstraat 20 -16 - 14 en Oever 9 - 11 - 13;;;;;;;616623;'20200110162501;1329079;'1630000;'25979;Korte Riddersstraat;'20;';2000;Antwerpen;;'152004,489;'211921,749;';N;GLASS;3;12;Unknown;Unknown;;None;;;';;';;Y;;;;'15/01/2019 12:41:18;9;11087153;;LU;1;';';';';';;;;;;;;';;';;Y;;;;'15/01/2019 12:41:18
;;;Zoning;6807323;'20200219142313;W03-C-Antwerpen-West-FH07;6807323;'20200219142313;W03-C-Antwerpen-West-FH07;19084;FTTH-Cu;11382573;'20200219143017;'Korte ridderstraat 20 -16 - 14 en Oever 9 - 11 - 13;;;;;;;616623;'20200110162501;1329079;'1630000;'25979;Korte Riddersstraat;'20;';2000;Antwerpen;;'152004,489;'211921,749;';N;GLASS;3;12;Unknown;Unknown;;None;;;';;';;Y;;;;'15/01/2019 12:41:18;10;11087154;;LU;1;';';';';';;;;;;;;';;';;Y;;;;'15/01/2019 12:41:18
;;;Zoning;6807323;'20200219142313;W03-C-Antwerpen-West-FH07;6807323;'20200219142313;W03-C-Antwerpen-West-FH07;19084;FTTH-Cu;11382573;'20200219143017;'Korte ridderstraat 20 -16 - 14 en Oever 9 - 11 - 13;;;;;;;616623;'20200110162501;1329079;'1630000;'25979;Korte Riddersstraat;'20;';2000;Antwerpen;;'152004,489;'211921,749;';N;GLASS;3;12;Unknown;Unknown;;None;;;';;';;Y;;;;'15/01/2019 12:41:18;11;11087155;;LU;1;';';';';';;;;;;;;';;';;Y;;;;'15/01/2019 12:41:18
;;;Zoning;6807323;'20200219142313;W03-C-Antwerpen-West-FH07;6807323;'20200219142313;W03-C-Antwerpen-West-FH07;19084;FTTH-Cu;11382573;'20200219143017;'Korte ridderstraat 20 -16 - 14 en Oever 9 - 11 - 13;;;;;;;616623;'20200110162501;1329079;'1630000;'25979;Korte Riddersstraat;'20;';2000;Antwerpen;;'152004,489;'211921,749;';N;GLASS;3;12;Unknown;Unknown;;None;;;';;';;Y;;;;'15/01/2019 12:41:18;12;11087156;;LU;1;';';';';';;;;;;;;';;';;Y;;;;'15/01/2019 12:41:18
;;;Zoning;6807323;'20200219142313;W03-C-Antwerpen-West-FH07;6807323;'20200219142313;W03-C-Antwerpen-West-FH07;19084;FTTH-Cu;11382573;'20200219143017;'Korte ridderstraat 20 -16 - 14 en Oever 9 - 11 - 13;;;;;;;616623;'20200110162501;1329079;'1630000;'25979;Korte Riddersstraat;'20;';2000;Antwerpen;;'152004,489;'211921,749;';N;GLASS;3;12;Unknown;Unknown;;None;;;';;';;Y;;;;'15/01/2019 12:41:18;13;11087157;;LU;1;';';';';';;;;;;;;';;';;Y;;;;'15/01/2019 12:41:18
;;;Zoning;6807323;'20200219142313;W03-C-Antwerpen-West-FH07;6807323;'20200219142313;W03-C-Antwerpen-West-FH07;19084;FTTH-Cu;11382573;'20200219143017;'Korte ridderstraat 20 -16 - 14 en Oever 9 - 11 - 13;;;;;;;616623;'20200110162501;1329079;'1630000;'25979;Korte Riddersstraat;'20;';2000;Antwerpen;;'152004,489;'211921,749;';N;GLASS;3;12;Unknown;Unknown;;None;;;';;';;Y;;;;'15/01/2019 12:41:18;14;11087158;;LU;1;';';';';';;;;;;;;';;';;Y;;;;'15/01/2019 12:41:18
;;;Zoning;6807323;'20200219142313;W03-C-Antwerpen-West-FH07;6807323;'20200219142313;W03-C-Antwerpen-West-FH07;19084;FTTH-Cu;11382573;'20200219143017;'Korte ridderstraat 20 -16 - 14 en Oever 9 - 11 - 13;;;;;;;616623;'20200110162501;1329079;'1630000;'25979;Korte Riddersstraat;'20;';2000;Antwerpen;;'152004,489;'211921,749;';N;GLASS;3;12;Unknown;Unknown;;None;;;';;';;Y;;;;'15/01/2019 12:41:18;15;11087159;;LU;1;';';';';';;;;;;;;';;';;Y;;;;'15/01/2019 12:41:18
;;;Zoning;6807323;'20200219142313;W03-C-Antwerpen-West-FH07;6807323;'20200219142313;W03-C-Antwerpen-West-FH07;19084;FTTH-Cu;11382573;'20200219143017;'Korte ridderstraat 20 -16 - 14 en Oever 9 - 11 - 13;;;;;;;616623;'20200110162501;1329079;'1630000;'25979;Korte Riddersstraat;'20;';2000;Antwerpen;;'152004,489;'211921,749;';N;GLASS;3;12;Unknown;Unknown;;None;;;';;';;Y;;;;'15/01/2019 12:41:18;16;11087160;;LU;1;';';';';';;;;;;;;';;';;Y;;;;'15/01/2019 12:41:18
;;;Zoning;6807323;'20200219142313;W03-C-Antwerpen-West-FH07;6807323;'20200219142313;W03-C-Antwerpen-West-FH07;19084;FTTH-Cu;11382573;'20200219143017;'Korte ridderstraat 20 -16 - 14 en Oever 9 - 11 - 13;;;;;;;616623;'20200110162501;1329079;'1630000;'25979;Korte Riddersstraat;'20;';2000;Antwerpen;;'152004,489;'211921,749;';N;GLASS;3;12;Unknown;Unknown;;None;;;';;';;Y;;;;'15/01/2019 12:41:18;17;11087161;;LU;1;';';';';';;;;;;;;';;';;Y;;;;'15/01/2019 12:41:18
;;;Zoning;6807323;'20200219142313;W03-C-Antwerpen-West-FH07;6807323;'20200219142313;W03-C-Antwerpen-West-FH07;19084;FTTH-Cu;11382573;'20200219143017;'Korte ridderstraat 20 -16 - 14 en Oever 9 - 11 - 13;;;;;;;616623;'20200110162501;1329079;'1630000;'25979;Korte Riddersstraat;'20;';2000;Antwerpen;;'152004,489;'211921,749;';N;GLASS;3;12;Unknown;Unknown;;None;;;';;';;Y;;;;'15/01/2019 12:41:18;18;11087162;;LU;1;';';';';';;;;;;;;';;';;Y;;;;'15/01/2019 12:41:18
;;;Zoning;6807323;'20200219142313;W03-C-Antwerpen-West-FH07;6807323;'20200219142313;W03-C-Antwerpen-West-FH07;19084;FTTH-Cu;11382573;'20200219143017;'Korte ridderstraat 20 -16 - 14 en Oever 9 - 11 - 13;;;;;;;616623;'20200110162501;1329079;'1630000;'25979;Korte Riddersstraat;'20;';2000;Antwerpen;;'152004,489;'211921,749;';N;GLASS;3;12;Unknown;Unknown;;None;;;';;';;Y;;;;'15/01/2019 12:41:18;19;11087163;;LU;1;';';';';';;;;;;;;';;';;Y;;;;'15/01/2019 12:41:18
;;;Zoning;6807323;'20200219142313;W03-C-Antwerpen-West-FH07;6807323;'20200219142313;W03-C-Antwerpen-West-FH07;19084;FTTH-Cu;11382573;'20200219143017;'Korte ridderstraat 20 -16 - 14 en Oever 9 - 11 - 13;;;;;;;616623;'20200110162501;1329079;'1630000;'25979;Korte Riddersstraat;'20;';2000;Antwerpen;;'152004,489;'211921,749;';N;GLASS;3;12;Unknown;Unknown;;None;;;';;';;Y;;;;'15/01/2019 12:41:18;20;11087164;;LU;1;';';';';';;;;;;;;';;';;Y;;;;'15/01/2019 12:41:18
;;;Zoning;6807323;'20200219142313;W03-C-Antwerpen-West-FH07;6807323;'20200219142313;W03-C-Antwerpen-West-FH07;19084;FTTH-Cu;11382573;'20200219143017;'Korte ridderstraat 20 -16 - 14 en Oever 9 - 11 - 13;;;;;;;616623;'20200110162501;1329079;'1630000;'25979;Korte Riddersstraat;'20;';2000;Antwerpen;;'152004,489;'211921,749;';N;GLASS;3;12;Unknown;Unknown;;None;;;';;';;Y;;;;'15/01/2019 12:41:18;21;11087165;;LU;1;';';';';';;;;;;;;';;';;Y;;;;'15/01/2019 12:41:18
;;;Zoning;6807323;'20200219142313;W03-C-Antwerpen-West-FH07;6807323;'20200219142313;W03-C-Antwerpen-West-FH07;19084;FTTH-Cu;11382573;'20200219143017;'Korte ridderstraat 20 -16 - 14 en Oever 9 - 11 - 13;;;;;;;616623;'20200110162501;1329079;'1630000;'25979;Korte Riddersstraat;'20;';2000;Antwerpen;;'152004,489;'211921,749;';N;GLASS;3;12;Unknown;Unknown;;None;;;';;';;Y;;;;'15/01/2019 12:41:18;22;11087166;;LU;1;';';';';';;;;;;;;';;';;Y;;;;'15/01/2019 12:41:18
;;;Zoning;6807323;'20200219142313;W03-C-Antwerpen-West-FH07;6807323;'20200219142313;W03-C-Antwerpen-West-FH07;19084;FTTH-Cu;11382573;'20200219143017;'Korte ridderstraat 20 -16 - 14 en Oever 9 - 11 - 13;;;;;;;616623;'20200110162501;1329079;'1630000;'25979;Korte Riddersstraat;'20;';2000;Antwerpen;;'152004,489;'211921,749;';N;GLASS;3;12;Unknown;Unknown;;None;;;';;';;Y;;;;'15/01/2019 12:41:18;23;11087167;;LU;1;';';';';';;;;;;;;';;';;Y;;;;'15/01/2019 12:41:18
;;;Zoning;6807323;'20200219142313;W03-C-Antwerpen-West-FH07;6807323;'20200219142313;W03-C-Antwerpen-West-FH07;19084;FTTH-Cu;11382573;'20200219143017;'Korte ridderstraat 20 -16 - 14 en Oever 9 - 11 - 13;;;;;;;616623;'20200110162501;1329079;'1630000;'25979;Korte Riddersstraat;'20;';2000;Antwerpen;;'152004,489;'211921,749;';N;GLASS;3;12;Unknown;Unknown;;None;;;';;';;Y;;;;'15/01/2019 12:41:18;24;11087168;;LU;1;';';';';';;;;;;;;';;';;Y;;;;'15/01/2019 12:41:18
;;;Zoning;6807323;'20200219142313;W03-C-Antwerpen-West-FH07;6807323;'20200219142313;W03-C-Antwerpen-West-FH07;19084;FTTH-Cu;11382573;'20200219143017;'Korte ridderstraat 20 -16 - 14 en Oever 9 - 11 - 13;;;;;;;616623;'20200110162501;1329079;'1630000;'25979;Korte Riddersstraat;'20;';2000;Antwerpen;;'152004,489;'211921,749;';N;GLASS;3;12;Unknown;Unknown;;None;;;';;';;Y;;;;'15/01/2019 12:41:18;25;11087169;;LU;1;';';';';';;;;;;;;';;';;Y;;;;'15/01/2019 12:41:18
;;;Zoning;6807323;'20200219142313;W03-C-Antwerpen-West-FH07;6807323;'20200219142313;W03-C-Antwerpen-West-FH07;19084;FTTH-Cu;11382573;'20200219143017;'Korte ridderstraat 20 -16 - 14 en Oever 9 - 11 - 13;;;;;;;616623;'20200110162501;1329079;'1630000;'25979;Korte Riddersstraat;'20;';2000;Antwerpen;;'152004,489;'211921,749;';N;GLASS;3;12;Unknown;Unknown;;None;;;';;';;Y;;;;'15/01/2019 12:41:18;26;11087170;;LU;1;';';';';';;;;;;;;';;';;Y;;;;'15/01/2019 12:41:18
;;;Zoning;6807323;'20200219142313;W03-C-Antwerpen-West-FH07;6807323;'20200219142313;W03-C-Antwerpen-West-FH07;19084;FTTH-Cu;;';';;;;;;;695466;'20191016142436;4207021;'1630000;'25979;Korte Riddersstraat;'21;';2000;Antwerpen;;'152017,412;'211918,784;';N;MON;4;0;Unknown;Unknown;;None;;;';IFH_BATCH;'12/07/2019 07:36:13;;Y;;;;'12/07/2019 07:28:35;1;1703851;;LU;1;';';';';';Y;;APTBLD;APPARTEMENTSGEBOUW - IMMEUBLE A APPARTEMENTS;NA;;;';;';;Y;;;;'12/07/2019 07:28:35
;;;Zoning;6807323;'20200219142313;W03-C-Antwerpen-West-FH07;6807323;'20200219142313;W03-C-Antwerpen-West-FH07;19084;FTTH-Cu;;';';;;;;;;695466;'20191016142436;4207021;'1630000;'25979;Korte Riddersstraat;'21;';2000;Antwerpen;;'152017,412;'211918,784;';N;MON;4;0;Unknown;Unknown;;None;;;';IFH_BATCH;'12/07/2019 07:36:13;;Y;;;;'12/07/2019 07:28:35;2;1703852;;LU;1;';';';';';Y;;APTBLD;APPARTEMENTSGEBOUW - IMMEUBLE A APPARTEMENTS;NA;;;';;';;Y;;;;'12/07/2019 07:28:35
;;;Zoning;6807323;'20200219142313;W03-C-Antwerpen-West-FH07;6807323;'20200219142313;W03-C-Antwerpen-West-FH07;19084;FTTH-Cu;;';';;;;;;;695466;'20191016142436;4207021;'1630000;'25979;Korte Riddersstraat;'21;';2000;Antwerpen;;'152017,412;'211918,784;';N;MON;4;0;Unknown;Unknown;;None;;;';IFH_BATCH;'12/07/2019 07:36:13;;Y;;;;'12/07/2019 07:28:35;3;1703853;;LU;1;';';';';';Y;;APTBLD;APPARTEMENTSGEBOUW - IMMEUBLE A APPARTEMENTS;NA;;;';;';;Y;;;;'12/07/2019 07:28:35
;;;Zoning;6807323;'20200219142313;W03-C-Antwerpen-West-FH07;6807323;'20200219142313;W03-C-Antwerpen-West-FH07;19084;FTTH-Cu;11382549;'20190604080311;'Korte ridderstraat 23-25;;;;;;;691185;'20190712080928;3928247;'1630000;'25979;Korte Riddersstraat;'23;';2000;Antwerpen;;'152014,095;'211902,096;';N;ORN;3;0;Unknown;Unknown;;None;;;';IFH_BATCH;'12/07/2019 07:36:15;;Y;;;;'12/07/2019 07:28:35;1;1712958;;BU;1;';';';';';Y;;HOUSE;WONING - MAISON;NA;;;';;';;Y;;;;'12/07/2019 07:28:35
;;;Zoning;6807323;'20200219142313;W03-C-Antwerpen-West-FH07;6807323;'20200219142313;W03-C-Antwerpen-West-FH07;19084;FTTH-Cu;;';';;;;;;;11377564;'20190712080952;6525999;'1630000;'25979;Korte Riddersstraat;'23;'2;2000;Antwerpen;;'152057,109;'211898,778;';N;ORN;2;0;Unknown;Unknown;;None;;;';IFH_BATCH;'12/07/2019 07:36:23;;Y;;;;'12/07/2019 07:28:35;1;11085903;;LU;1;';';';';';;;;;;;;';;';;Y;;;;'12/07/2019 07:28:35
;;;Zoning;6807323;'20200219142313;W03-C-Antwerpen-West-FH07;6807323;'20200219142313;W03-C-Antwerpen-West-FH07;19084;FTTH-Cu;;';';;;;;;;11377704;'20190712080952;6526000;'1630000;'25979;Korte Riddersstraat;'23;'4;2000;Antwerpen;;'152034,949;'211907,467;';N;ORN;2;0;Unknown;Unknown;;None;;;';IFH_BATCH;'12/07/2019 07:36:26;;Y;;;;'12/07/2019 07:28:35;1;11085904;;LU;1;';';';';';;;;;;;;';;';;Y;;;;'12/07/2019 07:28:35
;;;Zoning;6807323;'20200219142313;W03-C-Antwerpen-West-FH07;6807323;'20200219142313;W03-C-Antwerpen-West-FH07;19084;FTTH-Cu;;';';;;;;;;11377719;'20190712080952;6526001;'1630000;'25979;Korte Riddersstraat;'23;'5;2000;Antwerpen;;'152055,676;'211883,833;';N;ORN;2;0;Unknown;Unknown;;None;;;';IFH_BATCH;'12/07/2019 07:36:28;;Y;;;;'12/07/2019 07:28:35;1;11085905;;LU;1;';';';';';;;;;;;;';;';;Y;;;;'12/07/2019 07:28:35
;;;Zoning;6807323;'20200219142313;W03-C-Antwerpen-West-FH07;6807323;'20200219142313;W03-C-Antwerpen-West-FH07;19084;FTTH-Cu;;';';;;;;;;11377720;'20190712080952;6526002;'1630000;'25979;Korte Riddersstraat;'23;'6;2000;Antwerpen;;'152057,635;'211888,762;';N;ORN;3;0;Unknown;Unknown;;None;;;';IFH_BATCH;'12/07/2019 07:36:30;;Y;;;;'12/07/2019 07:28:35;1;11085906;;LU;1;';';';';';;;;;;;;';;';;Y;;;;'12/07/2019 07:28:35
;;;Zoning;6807323;'20200219142313;W03-C-Antwerpen-West-FH07;6807323;'20200219142313;W03-C-Antwerpen-West-FH07;19084;FTTH-Cu;;';';;;;;;;671178;'20191016141451;2047292;'1630000;'25979;Korte Riddersstraat;'24;';2000;Antwerpen;;'151995,946;'211908,659;';Y;NA;4;4;Unknown;Unknown;;None;;;';IFH_BATCH;'12/07/2019 07:36:08;;Y;;;;'12/07/2019 07:28:35;1;1717343;;BU;1;';';';';';Y;;HOUSE;WONING - MAISON;NA;;;';;';;Y;;;;'12/07/2019 07:28:35
;;;Zoning;6807323;'20200219142313;W03-C-Antwerpen-West-FH07;6807323;'20200219142313;W03-C-Antwerpen-West-FH07;19084;FTTH-Cu;11382549;'20190604080311;'Korte ridderstraat 23-25;;;;;;;671179;'20190604080311;2047293;'1630000;'25979;Korte Riddersstraat;'25;';2000;Antwerpen;;'152010,366;'211908,731;';N;ORN;3;9;Unknown;Unknown;;None;;;';;';;Y;;;;'15/01/2019 12:41:18;1;1721335;;LU;1;';';';';';Y;;HOUSE;WONING - MAISON;NA;;;';;';;Y;;;;'15/01/2019 12:41:18
;;;Zoning;6807323;'20200219142313;W03-C-Antwerpen-West-FH07;6807323;'20200219142313;W03-C-Antwerpen-West-FH07;19084;FTTH-Cu;;';';;;;;;;671180;'20191016141501;2047294;'1630000;'25979;Korte Riddersstraat;'26;';2000;Antwerpen;;'151993,663;'211905,59;';Y;NA;4;4;Unknown;Unknown;;None;;;';IFH_BATCH;'12/07/2019 07:36:10;;Y;;;;'12/07/2019 07:28:35;1;1725214;;LU;1;';';';';';Y;;HOUSE;WONING - MAISON;NA;;;';;';;Y;;;;'12/07/2019 07:28:35
;;;Zoning;6807323;'20200219142313;W03-C-Antwerpen-West-FH07;6807323;'20200219142313;W03-C-Antwerpen-West-FH07;19084;FTTH-Cu;;';';;;;;;;671180;'20191016141501;2047294;'1630000;'25979;Korte Riddersstraat;'26;';2000;Antwerpen;;'151993,663;'211905,59;';Y;NA;4;4;Unknown;Unknown;;None;;;';IFH_BATCH;'12/07/2019 07:36:10;;Y;;;;'12/07/2019 07:28:35;2;11086854;;BU;1;';';';';';;;;;;;;';;';;Y;;;;'12/07/2019 07:28:35
;;;Zoning;6807323;'20200219142313;W03-C-Antwerpen-West-FH07;6807323;'20200219142313;W03-C-Antwerpen-West-FH07;19084;FTTH-Cu;;';';;;;;;;671181;'20190604080311;2047295;'1630000;'25979;Korte Riddersstraat;'27;';2000;Antwerpen;;'152006,433;'211903,675;';N;GLASS;3;9;Unknown;Unknown;;None;;;';;';;Y;;;;'15/01/2019 12:41:18;1;1728973;;BU;1;';';';';';Y;;COMM;HANDELSZAAK - COMMERCE;NA;;;';;';;Y;;;;'15/01/2019 12:41:18
;;;Zoning;6807323;'20200219142313;W03-C-Antwerpen-West-FH07;6807323;'20200219142313;W03-C-Antwerpen-West-FH07;19084;FTTH-Cu;;';';;;;;;;671181;'20190604080311;2047295;'1630000;'25979;Korte Riddersstraat;'27;';2000;Antwerpen;;'152006,433;'211903,675;';N;GLASS;3;9;Unknown;Unknown;;None;;;';;';;Y;;;;'15/01/2019 12:41:18;2;11086856;;LU;1;';';';';';;;;;;;;';;';;Y;;;;'15/01/2019 12:41:18
;;;Zoning;6807323;'20200219142313;W03-C-Antwerpen-West-FH07;6807323;'20200219142313;W03-C-Antwerpen-West-FH07;19084;FTTH-Cu;;';';;;;;;;720591;'20191016141510;719027;'1630000;'25979;Korte Riddersstraat;'28;';2000;Antwerpen;;'151990,316;'211900,344;';Y;NA;4;12;Unknown;Unknown;;None;;;';;';;Y;;;;'15/01/2019 12:41:18;1;1732649;;LU;1;';';';';';Y;;APTBLD;APPARTEMENTSGEBOUW - IMMEUBLE A APPARTEMENTS;NA;;;';;';;Y;;;;'15/01/2019 12:41:18
;;;Zoning;6807323;'20200219142313;W03-C-Antwerpen-West-FH07;6807323;'20200219142313;W03-C-Antwerpen-West-FH07;19084;FTTH-Cu;;';';;;;;;;720591;'20191016141510;719027;'1630000;'25979;Korte Riddersstraat;'28;';2000;Antwerpen;;'151990,316;'211900,344;';Y;NA;4;12;Unknown;Unknown;;None;;;';;';;Y;;;;'15/01/2019 12:41:18;2;1732650;;LU;1;';';';';';Y;;APTBLD;APPARTEMENTSGEBOUW - IMMEUBLE A APPARTEMENTS;NA;;;';;';;Y;;;;'15/01/2019 12:41:18
;;;Zoning;6807323;'20200219142313;W03-C-Antwerpen-West-FH07;6807323;'20200219142313;W03-C-Antwerpen-West-FH07;19084;FTTH-Cu;;';';;;;;;;720591;'20191016141510;719027;'1630000;'25979;Korte Riddersstraat;'28;';2000;Antwerpen;;'151990,316;'211900,344;';Y;NA;4;12;Unknown;Unknown;;None;;;';;';;Y;;;;'15/01/2019 12:41:18;3;1732651;;LU;1;';';';';';Y;;APTBLD;APPARTEMENTSGEBOUW - IMMEUBLE A APPARTEMENTS;NA;;;';;';;Y;;;;'15/01/2019 12:41:18
;;;Zoning;6807323;'20200219142313;W03-C-Antwerpen-West-FH07;6807323;'20200219142313;W03-C-Antwerpen-West-FH07;19084;FTTH-Cu;;';';;;;;;;720591;'20191016141510;719027;'1630000;'25979;Korte Riddersstraat;'28;';2000;Antwerpen;;'151990,316;'211900,344;';Y;NA;4;12;Unknown;Unknown;;None;;;';;';;Y;;;;'15/01/2019 12:41:18;4;11086855;;BU;1;';';';';';;;;;;;;';;';;Y;;;;'15/01/2019 12:41:18
;;;Zoning;6807323;'20200219142313;W03-C-Antwerpen-West-FH07;6807323;'20200219142313;W03-C-Antwerpen-West-FH07;19084;FTTH-Cu;;';';;;;;;;706200;'20190604080311;4505579;'1630000;'25979;Korte Riddersstraat;'29;';2000;Antwerpen;;'152006,638;'211900,579;';Y;NA;3;9;Unknown;Unknown;;None;;;';;';;Y;;;;'15/01/2019 12:41:18;1;1736267;;LU;1;';';';';';Y;;HOUSE;WONING - MAISON;NA;;;';;';;Y;;;;'15/01/2019 12:41:18
;;;Zoning;6807323;'20200219142313;W03-C-Antwerpen-West-FH07;6807323;'20200219142313;W03-C-Antwerpen-West-FH07;19084;FTTH-Cu;;';';;;;;;;706201;'20190712080939;4505580;'1630000;'25979;Korte Riddersstraat;'31;';2000;Antwerpen;;'152004,426;'211897,356;';N;ORN;3;0;Unknown;Unknown;;None;;;';IFH_BATCH;'12/07/2019 07:36:18;;Y;;;;'12/07/2019 07:28:35;1;1748607;;LU;1;';';';';';Y;;HOUSE;WONING - MAISON;NA;;;';;';;Y;;;;'12/07/2019 07:28:35
;;;Zoning;6807323;'20200219142313;W03-C-Antwerpen-West-FH07;6807323;'20200219142313;W03-C-Antwerpen-West-FH07;19084;FTTH-Cu;;';';;;;;;;700558;'20191018085156;44479;'1630000;'32830;Korte Vlierstraat;'1;';2000;Antwerpen;;'151832,396;'211721,964;';Y;NA;3;9;Unknown;Unknown;;None;;;';;';;Y;;;;'15/01/2019 12:41:18;1;1615266;;LU;1;';';';';';Y;;HOUSE;WONING - MAISON;NA;;;';;';;Y;;;;'15/01/2019 12:41:18
;;;Zoning;6807323;'20200219142313;W03-C-Antwerpen-West-FH07;6807323;'20200219142313;W03-C-Antwerpen-West-FH07;19084;FTTH-Cu;;';';;;;;;;11377774;'20191021134300;5692131;'1630000;'32830;Korte Vlierstraat;'2;';2000;Antwerpen;;'151824,375;'211703,903;';N;ORN;4;0;Unknown;Unknown;;None;;;';IFH_BATCH;'12/07/2019 07:39:40;;Y;;;;'12/07/2019 07:28:35;1;11085992;;LU;1;';';';';';;;;;;;;';;';;Y;;;;'12/07/2019 07:28:35
;;;Zoning;6807323;'20200219142313;W03-C-Antwerpen-West-FH07;6807323;'20200219142313;W03-C-Antwerpen-West-FH07;19084;FTTH-Cu;;';';;;;;;;11377774;'20191021134300;5692131;'1630000;'32830;Korte Vlierstraat;'2;';2000;Antwerpen;;'151824,375;'211703,903;';N;ORN;4;0;Unknown;Unknown;;None;;;';IFH_BATCH;'12/07/2019 07:39:40;;Y;;;;'12/07/2019 07:28:35;2;11085993;;LU;1;';';';';';;;;;;;;';;';;Y;;;;'12/07/2019 07:28:35
;;;Zoning;6807323;'20200219142313;W03-C-Antwerpen-West-FH07;6807323;'20200219142313;W03-C-Antwerpen-West-FH07;19084;FTTH-Cu;;';';;;;;;;11377774;'20191021134300;5692131;'1630000;'32830;Korte Vlierstraat;'2;';2000;Antwerpen;;'151824,375;'211703,903;';N;ORN;4;0;Unknown;Unknown;;None;;;';IFH_BATCH;'12/07/2019 07:39:40;;Y;;;;'12/07/2019 07:28:35;3;11085994;;LU;1;';';';';';;;;;;;;';;';;Y;;;;'12/07/2019 07:28:35
;;;Zoning;6807323;'20200219142313;W03-C-Antwerpen-West-FH07;6807323;'20200219142313;W03-C-Antwerpen-West-FH07;19084;FTTH-Cu;;';';;;;;;;11377774;'20191021134300;5692131;'1630000;'32830;Korte Vlierstraat;'2;';2000;Antwerpen;;'151824,375;'211703,903;';N;ORN;4;0;Unknown;Unknown;;None;;;';IFH_BATCH;'12/07/2019 07:39:40;;Y;;;;'12/07/2019 07:28:35;4;11085995;;LU;1;';';';';';;;;;;;;';;';;Y;;;;'12/07/2019 07:28:35
;;;Zoning;6807323;'20200219142313;W03-C-Antwerpen-West-FH07;6807323;'20200219142313;W03-C-Antwerpen-West-FH07;19084;FTTH-Cu;;';';;;;;;;11377774;'20191021134300;5692131;'1630000;'32830;Korte Vlierstraat;'2;';2000;Antwerpen;;'151824,375;'211703,903;';N;ORN;4;0;Unknown;Unknown;;None;;;';IFH_BATCH;'12/07/2019 07:39:40;;Y;;;;'12/07/2019 07:28:35;5;11085996;;LU;1;';';';';';;;;;;;;';;';;Y;;;;'12/07/2019 07:28:35
;;;Zoning;6807323;'20200219142313;W03-C-Antwerpen-West-FH07;6807323;'20200219142313;W03-C-Antwerpen-West-FH07;19084;FTTH-Cu;;';';;;;;;;11377774;'20191021134300;5692131;'1630000;'32830;Korte Vlierstraat;'2;';2000;Antwerpen;;'151824,375;'211703,903;';N;ORN;4;0;Unknown;Unknown;;None;;;';IFH_BATCH;'12/07/2019 07:39:40;;Y;;;;'12/07/2019 07:28:35;6;11085997;;LU;1;';';';';';;;;;;;;';;';;Y;;;;'12/07/2019 07:28:35
;;;Zoning;6807323;'20200219142313;W03-C-Antwerpen-West-FH07;6807323;'20200219142313;W03-C-Antwerpen-West-FH07;19084;FTTH-Cu;;';';;;;;;;11377774;'20191021134300;5692131;'1630000;'32830;Korte Vlierstraat;'2;';2000;Antwerpen;;'151824,375;'211703,903;';N;ORN;4;0;Unknown;Unknown;;None;;;';IFH_BATCH;'12/07/2019 07:39:40;;Y;;;;'12/07/2019 07:28:35;7;11085998;;LU;1;';';';';';;;;;;;;';;';;Y;;;;'12/07/2019 07:28:35
;;;Zoning;6807323;'20200219142313;W03-C-Antwerpen-West-FH07;6807323;'20200219142313;W03-C-Antwerpen-West-FH07;19084;FTTH-Cu;;';';;;;;;;11377774;'20191021134300;5692131;'1630000;'32830;Korte Vlierstraat;'2;';2000;Antwerpen;;'151824,375;'211703,903;';N;ORN;4;0;Unknown;Unknown;;None;;;';IFH_BATCH;'12/07/2019 07:39:40;;Y;;;;'12/07/2019 07:28:35;8;11085999;;LU;1;';';';';';;;;;;;;';;';;Y;;;;'12/07/2019 07:28:35
;;;Zoning;6807323;'20200219142313;W03-C-Antwerpen-West-FH07;6807323;'20200219142313;W03-C-Antwerpen-West-FH07;19084;FTTH-Cu;;';';;;;;;;11377774;'20191021134300;5692131;'1630000;'32830;Korte Vlierstraat;'2;';2000;Antwerpen;;'151824,375;'211703,903;';N;ORN;4;0;Unknown;Unknown;;None;;;';IFH_BATCH;'12/07/2019 07:39:40;;Y;;;;'12/07/2019 07:28:35;9;11086000;;LU;1;';';';';';;;;;;;;';;';;Y;;;;'12/07/2019 07:28:35
;;;Zoning;6807323;'20200219142313;W03-C-Antwerpen-West-FH07;6807323;'20200219142313;W03-C-Antwerpen-West-FH07;19084;FTTH-Cu;;';';;;;;;;11377774;'20191021134300;5692131;'1630000;'32830;Korte Vlierstraat;'2;';2000;Antwerpen;;'151824,375;'211703,903;';N;ORN;4;0;Unknown;Unknown;;None;;;';IFH_BATCH;'12/07/2019 07:39:40;;Y;;;;'12/07/2019 07:28:35;10;11086001;;LU;1;';';';';';;;;;;;;';;';;Y;;;;'12/07/2019 07:28:35
;;;Zoning;6807323;'20200219142313;W03-C-Antwerpen-West-FH07;6807323;'20200219142313;W03-C-Antwerpen-West-FH07;19084;FTTH-Cu;;';';;;;;;;11377774;'20191021134300;5692131;'1630000;'32830;Korte Vlierstraat;'2;';2000;Antwerpen;;'151824,375;'211703,903;';N;ORN;4;0;Unknown;Unknown;;None;;;';IFH_BATCH;'12/07/2019 07:39:40;;Y;;;;'12/07/2019 07:28:35;11;11086002;;LU;1;';';';';';;;;;;;;';;';;Y;;;;'12/07/2019 07:28:35
;;;Zoning;6807323;'20200219142313;W03-C-Antwerpen-West-FH07;6807323;'20200219142313;W03-C-Antwerpen-West-FH07;19084;FTTH-Cu;;';';;;;;;;683301;'20191018085213;2061328;'1630000;'32830;Korte Vlierstraat;'3;';2000;Antwerpen;;'151837,574;'211720,177;';Y;NA;3;9;Unknown;Unknown;;None;;;';;';;Y;;;;'15/01/2019 12:41:18;1;1741767;;LU;1;';';';';';Y;;HOUSE;WONING - MAISON;NA;;;';;';;Y;;;;'15/01/2019 12:41:18
;;;Zoning;6807323;'20200219142313;W03-C-Antwerpen-West-FH07;6807323;'20200219142313;W03-C-Antwerpen-West-FH07;19084;FTTH-Cu;;';';;;;;;;683301;'20191018085213;2061328;'1630000;'32830;Korte Vlierstraat;'3;';2000;Antwerpen;;'151837,574;'211720,177;';Y;NA;3;9;Unknown;Unknown;;None;;;';;';;Y;;;;'15/01/2019 12:41:18;2;1741768;;LU;1;';';';';';Y;;HOUSE;WONING - MAISON;NA;;;';;';;Y;;;;'15/01/2019 12:41:18
;;;Zoning;6807323;'20200219142313;W03-C-Antwerpen-West-FH07;6807323;'20200219142313;W03-C-Antwerpen-West-FH07;19084;FTTH-Cu;;';';;;;;;;683301;'20191018085213;2061328;'1630000;'32830;Korte Vlierstraat;'3;';2000;Antwerpen;;'151837,574;'211720,177;';Y;NA;3;9;Unknown;Unknown;;None;;;';;';;Y;;;;'15/01/2019 12:41:18;3;1741769;;LU;1;';';';';';Y;;HOUSE;WONING - MAISON;NA;;;';;';;Y;;;;'15/01/2019 12:41:18
;;;Zoning;6807323;'20200219142313;W03-C-Antwerpen-West-FH07;6807323;'20200219142313;W03-C-Antwerpen-West-FH07;19084;FTTH-Cu;;';';;;;;;;683301;'20191018085213;2061328;'1630000;'32830;Korte Vlierstraat;'3;';2000;Antwerpen;;'151837,574;'211720,177;';Y;NA;3;9;Unknown;Unknown;;None;;;';;';;Y;;;;'15/01/2019 12:41:18;4;11086953;;LU;1;';';';';';;;;;;;;';;';;Y;;;;'15/01/2019 12:41:18
;;;Zoning;6807323;'20200219142313;W03-C-Antwerpen-West-FH07;6807323;'20200219142313;W03-C-Antwerpen-West-FH07;19084;FTTH-Cu;;';';;;;;;;11377770;'20191021134309;972771;'1630000;'32830;Korte Vlierstraat;'4;';2000;Antwerpen;;'151834,456;'211699,544;';N;ORN;3;0;Unknown;Unknown;;None;;;';IFH_BATCH;'12/07/2019 07:39:37;;Y;;;;'12/07/2019 07:28:35;1;11085989;;LU;1;';';';';';;;;;;;;';;';;Y;;;;'12/07/2019 07:28:35
;;;Zoning;6807323;'20200219142313;W03-C-Antwerpen-West-FH07;6807323;'20200219142313;W03-C-Antwerpen-West-FH07;19084;FTTH-Cu;;';';;;;;;;11377770;'20191021134309;972771;'1630000;'32830;Korte Vlierstraat;'4;';2000;Antwerpen;;'151834,456;'211699,544;';N;ORN;3;0;Unknown;Unknown;;None;;;';IFH_BATCH;'12/07/2019 07:39:37;;Y;;;;'12/07/2019 07:28:35;2;11085990;;LU;1;';';';';';;;;;;;;';;';;Y;;;;'12/07/2019 07:28:35
;;;Zoning;6807323;'20200219142313;W03-C-Antwerpen-West-FH07;6807323;'20200219142313;W03-C-Antwerpen-West-FH07;19084;FTTH-Cu;;';';;;;;;;11377770;'20191021134309;972771;'1630000;'32830;Korte Vlierstraat;'4;';2000;Antwerpen;;'151834,456;'211699,544;';N;ORN;3;0;Unknown;Unknown;;None;;;';IFH_BATCH;'12/07/2019 07:39:37;;Y;;;;'12/07/2019 07:28:35;3;11085991;;LU;1;';';';';';;;;;;;;';;';;Y;;;;'12/07/2019 07:28:35
;;;Zoning;6807323;'20200219142313;W03-C-Antwerpen-West-FH07;6807323;'20200219142313;W03-C-Antwerpen-West-FH07;19084;FTTH-Cu;;';';;;;;;;683302;'20191018085214;2061329;'1630000;'32830;Korte Vlierstraat;'5;';2000;Antwerpen;;'151843,222;'211719,233;';Y;NA;3;9;Unknown;Unknown;;None;;;';;';;Y;;;;'15/01/2019 12:41:18;1;1803011;;LU;1;';';';';';Y;;HOUSE;WONING - MAISON;NA;;;';;';;Y;;;;'15/01/2019 12:41:18
;;;Zoning;6807323;'20200219142313;W03-C-Antwerpen-West-FH07;6807323;'20200219142313;W03-C-Antwerpen-West-FH07;19084;FTTH-Cu;;';';;;;;;;683302;'20191018085214;2061329;'1630000;'32830;Korte Vlierstraat;'5;';2000;Antwerpen;;'151843,222;'211719,233;';Y;NA;3;9;Unknown;Unknown;;None;;;';;';;Y;;;;'15/01/2019 12:41:18;2;1803012;;LU;1;';';';';';Y;;HOUSE;WONING - MAISON;NA;;;';;';;Y;;;;'15/01/2019 12:41:18
;;;Zoning;6807323;'20200219142313;W03-C-Antwerpen-West-FH07;6807323;'20200219142313;W03-C-Antwerpen-West-FH07;19084;FTTH-Cu;;';';;;;;;;683302;'20191018085214;2061329;'1630000;'32830;Korte Vlierstraat;'5;';2000;Antwerpen;;'151843,222;'211719,233;';Y;NA;3;9;Unknown;Unknown;;None;;;';;';;Y;;;;'15/01/2019 12:41:18;3;1803013;;BU;1;';';';';';Y;;HOUSE;WONING - MAISON;NA;;;';;';;Y;;;;'15/01/2019 12:41:18
;;;Zoning;6807323;'20200219142313;W03-C-Antwerpen-West-FH07;6807323;'20200219142313;W03-C-Antwerpen-West-FH07;19084;FTTH-Cu;;';';;;;;;;637748;'20191021134319;182846;'1630000;'32830;Korte Vlierstraat;'6;';2000;Antwerpen;;'151845,095;'211695,051;';N;ORN;3;0;Unknown;Unknown;;None;;;';IFH_BATCH;'12/07/2019 07:39:29;;Y;;;;'12/07/2019 07:28:35;1;1824238;;LU;1;';';';';';Y;;PUBL;OPENBAAR GEBOUW - BATIMENT PUBLIC;NA;;;';;';;Y;;;;'12/07/2019 07:28:35
;;;Zoning;6807323;'20200219142313;W03-C-Antwerpen-West-FH07;6807323;'20200219142313;W03-C-Antwerpen-West-FH07;19084;FTTH-Cu;;';';;;;;;;637748;'20191021134319;182846;'1630000;'32830;Korte Vlierstraat;'6;';2000;Antwerpen;;'151845,095;'211695,051;';N;ORN;3;0;Unknown;Unknown;;None;;;';IFH_BATCH;'12/07/2019 07:39:29;;Y;;;;'12/07/2019 07:28:35;2;11086957;;LU;1;';';';';';;;;;;;;';;';;Y;;;;'12/07/2019 07:28:35
;;;Zoning;6807323;'20200219142313;W03-C-Antwerpen-West-FH07;6807323;'20200219142313;W03-C-Antwerpen-West-FH07;19084;FTTH-Cu;;';';;;;;;;637748;'20191021134319;182846;'1630000;'32830;Korte Vlierstraat;'6;';2000;Antwerpen;;'151845,095;'211695,051;';N;ORN;3;0;Unknown;Unknown;;None;;;';IFH_BATCH;'12/07/2019 07:39:29;;Y;;;;'12/07/2019 07:28:35;3;11086958;;LU;1;';';';';';;;;;;;;';;';;Y;;;;'12/07/2019 07:28:35
;;;Zoning;6807323;'20200219142313;W03-C-Antwerpen-West-FH07;6807323;'20200219142313;W03-C-Antwerpen-West-FH07;19084;FTTH-Cu;;';';;;;;;;637748;'20191021134319;182846;'1630000;'32830;Korte Vlierstraat;'6;';2000;Antwerpen;;'151845,095;'211695,051;';N;ORN;3;0;Unknown;Unknown;;None;;;';IFH_BATCH;'12/07/2019 07:39:29;;Y;;;;'12/07/2019 07:28:35;4;11086959;;LU;1;';';';';';;;;;;;;';;';;Y;;;;'12/07/2019 07:28:35
;;;Zoning;6807323;'20200219142313;W03-C-Antwerpen-West-FH07;6807323;'20200219142313;W03-C-Antwerpen-West-FH07;19084;FTTH-Cu;;';';;;;;;;637748;'20191021134319;182846;'1630000;'32830;Korte Vlierstraat;'6;';2000;Antwerpen;;'151845,095;'211695,051;';N;ORN;3;0;Unknown;Unknown;;None;;;';IFH_BATCH;'12/07/2019 07:39:29;;Y;;;;'12/07/2019 07:28:35;5;11086960;;LU;1;';';';';';;;;;;;;';;';;Y;;;;'12/07/2019 07:28:35
;;;Zoning;6807323;'20200219142313;W03-C-Antwerpen-West-FH07;6807323;'20200219142313;W03-C-Antwerpen-West-FH07;19084;FTTH-Cu;;';';;;;;;;637748;'20191021134319;182846;'1630000;'32830;Korte Vlierstraat;'6;';2000;Antwerpen;;'151845,095;'211695,051;';N;ORN;3;0;Unknown;Unknown;;None;;;';IFH_BATCH;'12/07/2019 07:39:29;;Y;;;;'12/07/2019 07:28:35;6;11086961;;LU;1;';';';';';;;;;;;;';;';;Y;;;;'12/07/2019 07:28:35
;;;Zoning;6807323;'20200219142313;W03-C-Antwerpen-West-FH07;6807323;'20200219142313;W03-C-Antwerpen-West-FH07;19084;FTTH-Cu;;';';;;;;;;637748;'20191021134319;182846;'1630000;'32830;Korte Vlierstraat;'6;';2000;Antwerpen;;'151845,095;'211695,051;';N;ORN;3;0;Unknown;Unknown;;None;;;';IFH_BATCH;'12/07/2019 07:39:29;;Y;;;;'12/07/2019 07:28:35;7;11086962;;LU;1;';';';';';;;;;;;;';;';;Y;;;;'12/07/2019 07:28:35
;;;Zoning;6807323;'20200219142313;W03-C-Antwerpen-West-FH07;6807323;'20200219142313;W03-C-Antwerpen-West-FH07;19084;FTTH-Cu;;';';;;;;;;637748;'20191021134319;182846;'1630000;'32830;Korte Vlierstraat;'6;';2000;Antwerpen;;'151845,095;'211695,051;';N;ORN;3;0;Unknown;Unknown;;None;;;';IFH_BATCH;'12/07/2019 07:39:29;;Y;;;;'12/07/2019 07:28:35;8;11086963;;LU;1;';';';';';;;;;;;;';;';;Y;;;;'12/07/2019 07:28:35
;;;Zoning;6807323;'20200219142313;W03-C-Antwerpen-West-FH07;6807323;'20200219142313;W03-C-Antwerpen-West-FH07;19084;FTTH-Cu;;';';;;;;;;637748;'20191021134319;182846;'1630000;'32830;Korte Vlierstraat;'6;';2000;Antwerpen;;'151845,095;'211695,051;';N;ORN;3;0;Unknown;Unknown;;None;;;';IFH_BATCH;'12/07/2019 07:39:29;;Y;;;;'12/07/2019 07:28:35;9;11086964;;LU;1;';';';';';;;;;;;;';;';;Y;;;;'12/07/2019 07:28:35
;;;Zoning;6807323;'20200219142313;W03-C-Antwerpen-West-FH07;6807323;'20200219142313;W03-C-Antwerpen-West-FH07;19084;FTTH-Cu;;';';;;;;;;637748;'20191021134319;182846;'1630000;'32830;Korte Vlierstraat;'6;';2000;Antwerpen;;'151845,095;'211695,051;';N;ORN;3;0;Unknown;Unknown;;None;;;';IFH_BATCH;'12/07/2019 07:39:29;;Y;;;;'12/07/2019 07:28:35;10;11086965;;LU;1;';';';';';;;;;;;;';;';;Y;;;;'12/07/2019 07:28:35
;;;Zoning;6807323;'20200219142313;W03-C-Antwerpen-West-FH07;6807323;'20200219142313;W03-C-Antwerpen-West-FH07;19084;FTTH-Cu;;';';;;;;;;637748;'20191021134319;182846;'1630000;'32830;Korte Vlierstraat;'6;';2000;Antwerpen;;'151845,095;'211695,051;';N;ORN;3;0;Unknown;Unknown;;None;;;';IFH_BATCH;'12/07/2019 07:39:29;;Y;;;;'12/07/2019 07:28:35;11;11086966;;LU;1;';';';';';;;;;;;;';;';;Y;;;;'12/07/2019 07:28:35
;;;Zoning;6807323;'20200219142313;W03-C-Antwerpen-West-FH07;6807323;'20200219142313;W03-C-Antwerpen-West-FH07;19084;FTTH-Cu;;';';;;;;;;637748;'20191021134319;182846;'1630000;'32830;Korte Vlierstraat;'6;';2000;Antwerpen;;'151845,095;'211695,051;';N;ORN;3;0;Unknown;Unknown;;None;;;';IFH_BATCH;'12/07/2019 07:39:29;;Y;;;;'12/07/2019 07:28:35;12;11086967;;LU;1;';';';';';;;;;;;;';;';;Y;;;;'12/07/2019 07:28:35
;;;Zoning;6807323;'20200219142313;W03-C-Antwerpen-West-FH07;6807323;'20200219142313;W03-C-Antwerpen-West-FH07;19084;FTTH-Cu;;';';;;;;;;637748;'20191021134319;182846;'1630000;'32830;Korte Vlierstraat;'6;';2000;Antwerpen;;'151845,095;'211695,051;';N;ORN;3;0;Unknown;Unknown;;None;;;';IFH_BATCH;'12/07/2019 07:39:29;;Y;;;;'12/07/2019 07:28:35;13;11086968;;LU;1;';';';';';;;;;;;;';;';;Y;;;;'12/07/2019 07:28:35
;;;Zoning;6807323;'20200219142313;W03-C-Antwerpen-West-FH07;6807323;'20200219142313;W03-C-Antwerpen-West-FH07;19084;FTTH-Cu;;';';;;;;;;637748;'20191021134319;182846;'1630000;'32830;Korte Vlierstraat;'6;';2000;Antwerpen;;'151845,095;'211695,051;';N;ORN;3;0;Unknown;Unknown;;None;;;';IFH_BATCH;'12/07/2019 07:39:29;;Y;;;;'12/07/2019 07:28:35;14;11086969;;LU;1;';';';';';;;;;;;;';;';;Y;;;;'12/07/2019 07:28:35
;;;Zoning;6807323;'20200219142313;W03-C-Antwerpen-West-FH07;6807323;'20200219142313;W03-C-Antwerpen-West-FH07;19084;FTTH-Cu;;';';;;;;;;637748;'20191021134319;182846;'1630000;'32830;Korte Vlierstraat;'6;';2000;Antwerpen;;'151845,095;'211695,051;';N;ORN;3;0;Unknown;Unknown;;None;;;';IFH_BATCH;'12/07/2019 07:39:29;;Y;;;;'12/07/2019 07:28:35;15;11086970;;LU;1;';';';';';;;;;;;;';;';;Y;;;;'12/07/2019 07:28:35
;;;Zoning;6807323;'20200219142313;W03-C-Antwerpen-West-FH07;6807323;'20200219142313;W03-C-Antwerpen-West-FH07;19084;FTTH-Cu;;';';;;;;;;637748;'20191021134319;182846;'1630000;'32830;Korte Vlierstraat;'6;';2000;Antwerpen;;'151845,095;'211695,051;';N;ORN;3;0;Unknown;Unknown;;None;;;';IFH_BATCH;'12/07/2019 07:39:29;;Y;;;;'12/07/2019 07:28:35;16;11086971;;LU;1;';';';';';;;;;;;;';;';;Y;;;;'12/07/2019 07:28:35
;;;Zoning;6807323;'20200219142313;W03-C-Antwerpen-West-FH07;6807323;'20200219142313;W03-C-Antwerpen-West-FH07;19084;FTTH-Cu;;';';;;;;;;637748;'20191021134319;182846;'1630000;'32830;Korte Vlierstraat;'6;';2000;Antwerpen;;'151845,095;'211695,051;';N;ORN;3;0;Unknown;Unknown;;None;;;';IFH_BATCH;'12/07/2019 07:39:29;;Y;;;;'12/07/2019 07:28:35;17;11086972;;LU;1;';';';';';;;;;;;;';;';;Y;;;;'12/07/2019 07:28:35
;;;Zoning;6807323;'20200219142313;W03-C-Antwerpen-West-FH07;6807323;'20200219142313;W03-C-Antwerpen-West-FH07;19084;FTTH-Cu;;';';;;;;;;637748;'20191021134319;182846;'1630000;'32830;Korte Vlierstraat;'6;';2000;Antwerpen;;'151845,095;'211695,051;';N;ORN;3;0;Unknown;Unknown;;None;;;';IFH_BATCH;'12/07/2019 07:39:29;;Y;;;;'12/07/2019 07:28:35;18;11086973;;LU;1;';';';';';;;;;;;;';;';;Y;;;;'12/07/2019 07:28:35
;;;Zoning;6807323;'20200219142313;W03-C-Antwerpen-West-FH07;6807323;'20200219142313;W03-C-Antwerpen-West-FH07;19084;FTTH-Cu;;';';;;;;;;637748;'20191021134319;182846;'1630000;'32830;Korte Vlierstraat;'6;';2000;Antwerpen;;'151845,095;'211695,051;';N;ORN;3;0;Unknown;Unknown;;None;;;';IFH_BATCH;'12/07/2019 07:39:29;;Y;;;;'12/07/2019 07:28:35;19;11086974;;LU;1;';';';';';;;;;;;;';;';;Y;;;;'12/07/2019 07:28:35
;;;Zoning;6807323;'20200219142313;W03-C-Antwerpen-West-FH07;6807323;'20200219142313;W03-C-Antwerpen-West-FH07;19084;FTTH-Cu;;';';;;;;;;637748;'20191021134319;182846;'1630000;'32830;Korte Vlierstraat;'6;';2000;Antwerpen;;'151845,095;'211695,051;';N;ORN;3;0;Unknown;Unknown;;None;;;';IFH_BATCH;'12/07/2019 07:39:29;;Y;;;;'12/07/2019 07:28:35;20;11086975;;LU;1;';';';';';;;;;;;;';;';;Y;;;;'12/07/2019 07:28:35
;;;Zoning;6807323;'20200219142313;W03-C-Antwerpen-West-FH07;6807323;'20200219142313;W03-C-Antwerpen-West-FH07;19084;FTTH-Cu;;';';;;;;;;637748;'20191021134319;182846;'1630000;'32830;Korte Vlierstraat;'6;';2000;Antwerpen;;'151845,095;'211695,051;';N;ORN;3;0;Unknown;Unknown;;None;;;';IFH_BATCH;'12/07/2019 07:39:29;;Y;;;;'12/07/2019 07:28:35;21;11086976;;LU;1;';';';';';;;;;;;;';;';;Y;;;;'12/07/2019 07:28:35
;;;Zoning;6807323;'20200219142313;W03-C-Antwerpen-West-FH07;6807323;'20200219142313;W03-C-Antwerpen-West-FH07;19084;FTTH-Cu;;';';;;;;;;637748;'20191021134319;182846;'1630000;'32830;Korte Vlierstraat;'6;';2000;Antwerpen;;'151845,095;'211695,051;';N;ORN;3;0;Unknown;Unknown;;None;;;';IFH_BATCH;'12/07/2019 07:39:29;;Y;;;;'12/07/2019 07:28:35;22;11086977;;LU;1;';';';';';;;;;;;;';;';;Y;;;;'12/07/2019 07:28:35
;;;Zoning;6807323;'20200219142313;W03-C-Antwerpen-West-FH07;6807323;'20200219142313;W03-C-Antwerpen-West-FH07;19084;FTTH-Cu;;';';;;;;;;683303;'20191018085223;2061330;'1630000;'32830;Korte Vlierstraat;'7;';2000;Antwerpen;;'151847,936;'211716,581;';Y;NA;3;9;Unknown;Unknown;;None;;;';;';;Y;;;;'15/01/2019 12:41:18;1;1841861;;LU;1;';';';';';Y;;HOUSE;WONING - MAISON;NA;;;';;';;Y;;;;'15/01/2019 12:41:18
;;;Zoning;6807323;'20200219142313;W03-C-Antwerpen-West-FH07;6807323;'20200219142313;W03-C-Antwerpen-West-FH07;19084;FTTH-Cu;;';';;;;;;;683303;'20191018085223;2061330;'1630000;'32830;Korte Vlierstraat;'7;';2000;Antwerpen;;'151847,936;'211716,581;';Y;NA;3;9;Unknown;Unknown;;None;;;';;';;Y;;;;'15/01/2019 12:41:18;2;1841862;;LU;1;';';';';';Y;;HOUSE;WONING - MAISON;NA;;;';;';;Y;;;;'15/01/2019 12:41:18
;;;Zoning;6807323;'20200219142313;W03-C-Antwerpen-West-FH07;6807323;'20200219142313;W03-C-Antwerpen-West-FH07;19084;FTTH-Cu;;';';;;;;;;706094;'20191018085223;4505175;'1630000;'32830;Korte Vlierstraat;'9;';2000;Antwerpen;;'151852,542;'211714,146;';Y;NA;3;9;Unknown;Unknown;;None;;;';;';;Y;;;;'15/01/2019 12:41:18;1;1867689;;BU;1;';';';';';Y;;COMM;HANDELSZAAK - COMMERCE;NA;;;';;';;Y;;;;'15/01/2019 12:41:18
;;;Zoning;6807323;'20200219142313;W03-C-Antwerpen-West-FH07;6807323;'20200219142313;W03-C-Antwerpen-West-FH07;19084;FTTH-Cu;;';';;;;;;;706094;'20191018085223;4505175;'1630000;'32830;Korte Vlierstraat;'9;';2000;Antwerpen;;'151852,542;'211714,146;';Y;NA;3;9;Unknown;Unknown;;None;;;';;';;Y;;;;'15/01/2019 12:41:18;2;1867690;;LU;1;';';';';';Y;;COMM;HANDELSZAAK - COMMERCE;NA;;;';;';;Y;;;;'15/01/2019 12:41:18
;;;Zoning;6807323;'20200219142313;W03-C-Antwerpen-West-FH07;6807323;'20200219142313;W03-C-Antwerpen-West-FH07;19084;FTTH-Cu;;';';;;;;;;706094;'20191018085223;4505175;'1630000;'32830;Korte Vlierstraat;'9;';2000;Antwerpen;;'151852,542;'211714,146;';Y;NA;3;9;Unknown;Unknown;;None;;;';;';;Y;;;;'15/01/2019 12:41:18;3;1867691;;LU;1;';';';';';Y;;COMM;HANDELSZAAK - COMMERCE;NA;;;';;';;Y;;;;'15/01/2019 12:41:18
;;;Zoning;6807323;'20200219142313;W03-C-Antwerpen-West-FH07;6807323;'20200219142313;W03-C-Antwerpen-West-FH07;19084;FTTH-Cu;;';';;;;;;;11377767;'20191021135340;972770;'1630000;'32830;Korte Vlierstraat;'10;';2000;Antwerpen;;'151872,372;'211681,534;';N;ORN;5;0;Unknown;Unknown;;None;;;';IFH_BATCH;'12/07/2019 07:39:35;;Y;;;;'12/07/2019 07:28:35;1;11085981;;LU;1;';';';';';;;;;;;;';;';;Y;;;;'12/07/2019 07:28:35
;;;Zoning;6807323;'20200219142313;W03-C-Antwerpen-West-FH07;6807323;'20200219142313;W03-C-Antwerpen-West-FH07;19084;FTTH-Cu;;';';;;;;;;11377767;'20191021135340;972770;'1630000;'32830;Korte Vlierstraat;'10;';2000;Antwerpen;;'151872,372;'211681,534;';N;ORN;5;0;Unknown;Unknown;;None;;;';IFH_BATCH;'12/07/2019 07:39:35;;Y;;;;'12/07/2019 07:28:35;2;11085982;;LU;1;';';';';';;;;;;;;';;';;Y;;;;'12/07/2019 07:28:35
;;;Zoning;6807323;'20200219142313;W03-C-Antwerpen-West-FH07;6807323;'20200219142313;W03-C-Antwerpen-West-FH07;19084;FTTH-Cu;;';';;;;;;;11377767;'20191021135340;972770;'1630000;'32830;Korte Vlierstraat;'10;';2000;Antwerpen;;'151872,372;'211681,534;';N;ORN;5;0;Unknown;Unknown;;None;;;';IFH_BATCH;'12/07/2019 07:39:35;;Y;;;;'12/07/2019 07:28:35;3;11085983;;LU;1;';';';';';;;;;;;;';;';;Y;;;;'12/07/2019 07:28:35
;;;Zoning;6807323;'20200219142313;W03-C-Antwerpen-West-FH07;6807323;'20200219142313;W03-C-Antwerpen-West-FH07;19084;FTTH-Cu;;';';;;;;;;11377767;'20191021135340;972770;'1630000;'32830;Korte Vlierstraat;'10;';2000;Antwerpen;;'151872,372;'211681,534;';N;ORN;5;0;Unknown;Unknown;;None;;;';IFH_BATCH;'12/07/2019 07:39:35;;Y;;;;'12/07/2019 07:28:35;4;11085984;;LU;1;';';';';';;;;;;;;';;';;Y;;;;'12/07/2019 07:28:35
;;;Zoning;6807323;'20200219142313;W03-C-Antwerpen-West-FH07;6807323;'20200219142313;W03-C-Antwerpen-West-FH07;19084;FTTH-Cu;;';';;;;;;;11377767;'20191021135340;972770;'1630000;'32830;Korte Vlierstraat;'10;';2000;Antwerpen;;'151872,372;'211681,534;';N;ORN;5;0;Unknown;Unknown;;None;;;';IFH_BATCH;'12/07/2019 07:39:35;;Y;;;;'12/07/2019 07:28:35;5;11085985;;LU;1;';';';';';;;;;;;;';;';;Y;;;;'12/07/2019 07:28:35
;;;Zoning;6807323;'20200219142313;W03-C-Antwerpen-West-FH07;6807323;'20200219142313;W03-C-Antwerpen-West-FH07;19084;FTTH-Cu;;';';;;;;;;11377767;'20191021135340;972770;'1630000;'32830;Korte Vlierstraat;'10;';2000;Antwerpen;;'151872,372;'211681,534;';N;ORN;5;0;Unknown;Unknown;;None;;;';IFH_BATCH;'12/07/2019 07:39:35;;Y;;;;'12/07/2019 07:28:35;6;11085986;;LU;1;';';';';';;;;;;;;';;';;Y;;;;'12/07/2019 07:28:35
;;;Zoning;6807323;'20200219142313;W03-C-Antwerpen-West-FH07;6807323;'20200219142313;W03-C-Antwerpen-West-FH07;19084;FTTH-Cu;;';';;;;;;;11377767;'20191021135340;972770;'1630000;'32830;Korte Vlierstraat;'10;';2000;Antwerpen;;'151872,372;'211681,534;';N;ORN;5;0;Unknown;Unknown;;None;;;';IFH_BATCH;'12/07/2019 07:39:35;;Y;;;;'12/07/2019 07:28:35;7;11085987;;LU;1;';';';';';;;;;;;;';;';;Y;;;;'12/07/2019 07:28:35
;;;Zoning;6807323;'20200219142313;W03-C-Antwerpen-West-FH07;6807323;'20200219142313;W03-C-Antwerpen-West-FH07;19084;FTTH-Cu;;';';;;;;;;11377767;'20191021135340;972770;'1630000;'32830;Korte Vlierstraat;'10;';2000;Antwerpen;;'151872,372;'211681,534;';N;ORN;5;0;Unknown;Unknown;;None;;;';IFH_BATCH;'12/07/2019 07:39:35;;Y;;;;'12/07/2019 07:28:35;8;11085988;;LU;1;';';';';';;;;;;;;';;';;Y;;;;'12/07/2019 07:28:35
;;;Zoning;6807323;'20200219142313;W03-C-Antwerpen-West-FH07;6807323;'20200219142313;W03-C-Antwerpen-West-FH07;19084;FTTH-Cu;;';';;;;;;;683304;'20191018085232;2061331;'1630000;'32830;Korte Vlierstraat;'11;';2000;Antwerpen;;'151858,85;'211711,777;';Y;NA;3;4;Unknown;Unknown;;None;;;';IFH_BATCH;'12/07/2019 07:39:26;;Y;;;;'12/07/2019 07:28:35;1;1630641;;LU;1;';';';';';Y;;HOUSE;WONING - MAISON;NA;;;';;';;Y;;;;'12/07/2019 07:28:35
;;;Zoning;6807323;'20200219142313;W03-C-Antwerpen-West-FH07;6807323;'20200219142313;W03-C-Antwerpen-West-FH07;19084;FTTH-Cu;;';';;;;;;;683304;'20191018085232;2061331;'1630000;'32830;Korte Vlierstraat;'11;';2000;Antwerpen;;'151858,85;'211711,777;';Y;NA;3;4;Unknown;Unknown;;None;;;';IFH_BATCH;'12/07/2019 07:39:26;;Y;;;;'12/07/2019 07:28:35;2;1630642;;LU;1;';';';';';Y;;HOUSE;WONING - MAISON;NA;;;';;';;Y;;;;'12/07/2019 07:28:35
;;;Zoning;6807323;'20200219142313;W03-C-Antwerpen-West-FH07;6807323;'20200219142313;W03-C-Antwerpen-West-FH07;19084;FTTH-Cu;;';';;;;;;;683305;'20191018085245;2061332;'1630000;'32830;Korte Vlierstraat;'13;';2000;Antwerpen;;'151865,812;'211709,635;';Y;ORN;3;9;Unknown;Unknown;;None;;;';;';;Y;;;;'15/01/2019 12:41:18;1;1648092;;BU;1;';';';';';Y;;COMM;HANDELSZAAK - COMMERCE;NA;;;';;';;Y;;;;'15/01/2019 12:41:18
;;;Zoning;6807323;'20200219142313;W03-C-Antwerpen-West-FH07;6807323;'20200219142313;W03-C-Antwerpen-West-FH07;19084;FTTH-Cu;;';';;;;;;;683305;'20191018085245;2061332;'1630000;'32830;Korte Vlierstraat;'13;';2000;Antwerpen;;'151865,812;'211709,635;';Y;ORN;3;9;Unknown;Unknown;;None;;;';;';;Y;;;;'15/01/2019 12:41:18;2;11086954;;LU;1;';';';';';;;;;;;;';;';;Y;;;;'15/01/2019 12:41:18
;;;Zoning;6807323;'20200219142313;W03-C-Antwerpen-West-FH07;6807323;'20200219142313;W03-C-Antwerpen-West-FH07;19084;FTTH-Cu;11382499;'20191018095255;'Korte Vlierstraat 15 - 17;;;;;;;683306;'20191018095001;2061333;'1630000;'32830;Korte Vlierstraat;'15;';2000;Antwerpen;;'151870,875;'211706,022;';Y;NA;4;12;Unknown;Unknown;;None;;;';;';;Y;;;;'15/01/2019 12:41:18;1;1662023;;LU;1;';';';';';Y;;APTBLD;APPARTEMENTSGEBOUW - IMMEUBLE A APPARTEMENTS;NA;;;';;';;Y;;;;'15/01/2019 12:41:18
;;;Zoning;6807323;'20200219142313;W03-C-Antwerpen-West-FH07;6807323;'20200219142313;W03-C-Antwerpen-West-FH07;19084;FTTH-Cu;11382499;'20191018095255;'Korte Vlierstraat 15 - 17;;;;;;;683306;'20191018095001;2061333;'1630000;'32830;Korte Vlierstraat;'15;';2000;Antwerpen;;'151870,875;'211706,022;';Y;NA;4;12;Unknown;Unknown;;None;;;';;';;Y;;;;'15/01/2019 12:41:18;2;1662024;;LU;1;';';';';';Y;;APTBLD;APPARTEMENTSGEBOUW - IMMEUBLE A APPARTEMENTS;NA;;;';;';;Y;;;;'15/01/2019 12:41:18
;;;Zoning;6807323;'20200219142313;W03-C-Antwerpen-West-FH07;6807323;'20200219142313;W03-C-Antwerpen-West-FH07;19084;FTTH-Cu;11382499;'20191018095255;'Korte Vlierstraat 15 - 17;;;;;;;683306;'20191018095001;2061333;'1630000;'32830;Korte Vlierstraat;'15;';2000;Antwerpen;;'151870,875;'211706,022;';Y;NA;4;12;Unknown;Unknown;;None;;;';;';;Y;;;;'15/01/2019 12:41:18;3;1662025;;LU;1;';';';';';Y;;APTBLD;APPARTEMENTSGEBOUW - IMMEUBLE A APPARTEMENTS;NA;;;';;';;Y;;;;'15/01/2019 12:41:18
;;;Zoning;6807323;'20200219142313;W03-C-Antwerpen-West-FH07;6807323;'20200219142313;W03-C-Antwerpen-West-FH07;19084;FTTH-Cu;11382499;'20191018095255;'Korte Vlierstraat 15 - 17;;;;;;;683306;'20191018095001;2061333;'1630000;'32830;Korte Vlierstraat;'15;';2000;Antwerpen;;'151870,875;'211706,022;';Y;NA;4;12;Unknown;Unknown;;None;;;';;';;Y;;;;'15/01/2019 12:41:18;4;1662026;;LU;1;';';';';';Y;;APTBLD;APPARTEMENTSGEBOUW - IMMEUBLE A APPARTEMENTS;NA;;;';;';;Y;;;;'15/01/2019 12:41:18
;;;Zoning;6807323;'20200219142313;W03-C-Antwerpen-West-FH07;6807323;'20200219142313;W03-C-Antwerpen-West-FH07;19084;FTTH-Cu;11382499;'20191018095255;'Korte Vlierstraat 15 - 17;;;;;;;683306;'20191018095001;2061333;'1630000;'32830;Korte Vlierstraat;'15;';2000;Antwerpen;;'151870,875;'211706,022;';Y;NA;4;12;Unknown;Unknown;;None;;;';;';;Y;;;;'15/01/2019 12:41:18;5;1662027;;BU;1;';';';';';Y;;APTBLD;APPARTEMENTSGEBOUW - IMMEUBLE A APPARTEMENTS;NA;;;';;';;Y;;;;'15/01/2019 12:41:18
;;;Zoning;6807323;'20200219142313;W03-C-Antwerpen-West-FH07;6807323;'20200219142313;W03-C-Antwerpen-West-FH07;19084;FTTH-Cu;11382499;'20191018095255;'Korte Vlierstraat 15 - 17;;;;;;;20912600;'20191020010056;2061334;'1630000;'32830;Korte Vlierstraat;'17;';2000;Antwerpen;;'151876,098;'211703,675;';Y;NA;;;Unknown;Fiber;;None;;;';;';;Y;;;;';1;11188759;;BU;1;';';';';';N;;;;;;;';;';;Y;;;;'
;;;Zoning;6807323;'20200219142313;W03-C-Antwerpen-West-FH07;6807323;'20200219142313;W03-C-Antwerpen-West-FH07;19084;FTTH-Cu;;';';;;;;;;683307;'20191018085956;2061335;'1630000;'32830;Korte Vlierstraat;'19;';2000;Antwerpen;;'151880,732;'211701,297;';Y;NA;3;9;Unknown;Unknown;;None;;;';;';;Y;;;;'15/01/2019 12:41:18;1;1685780;;LU;1;';';';';';Y;;HOUSE;WONING - MAISON;NA;;;';;';;Y;;;;'15/01/2019 12:41:18
;;;Zoning;6807323;'20200219142313;W03-C-Antwerpen-West-FH07;6807323;'20200219142313;W03-C-Antwerpen-West-FH07;19084;FTTH-Cu;;';';;;;;;;683307;'20191018085956;2061335;'1630000;'32830;Korte Vlierstraat;'19;';2000;Antwerpen;;'151880,732;'211701,297;';Y;NA;3;9;Unknown;Unknown;;None;;;';;';;Y;;;;'15/01/2019 12:41:18;2;11086955;;LU;1;';';';';';;;;;;;;';;';;Y;;;;'15/01/2019 12:41:18
;;;Zoning;6807323;'20200219142313;W03-C-Antwerpen-West-FH07;6807323;'20200219142313;W03-C-Antwerpen-West-FH07;19084;FTTH-Cu;;';';;;;;;;683307;'20191018085956;2061335;'1630000;'32830;Korte Vlierstraat;'19;';2000;Antwerpen;;'151880,732;'211701,297;';Y;NA;3;9;Unknown;Unknown;;None;;;';;';;Y;;;;'15/01/2019 12:41:18;3;11086956;;LU;1;';';';';';;;;;;;;';;';;Y;;;;'15/01/2019 12:41:18
;;;Zoning;6807323;'20200219142313;W03-C-Antwerpen-West-FH07;6807323;'20200219142313;W03-C-Antwerpen-West-FH07;19084;FTTH-Cu;;';';;;;;;;701055;'20190115201320;44629;'1630000;'32830;Korte Vlierstraat;'21;';2000;Antwerpen;;'151885,884;'211699,155;';Y;NA;3;9;Unknown;Unknown;;None;;;';;';;Y;;;;'15/01/2019 12:41:18;1;1703885;;LU;1;';';';';';Y;;HOUSE;WONING - MAISON;NA;;;';;';;Y;;;;'15/01/2019 12:41:18
;;;Zoning;6807323;'20200219142313;W03-C-Antwerpen-West-FH07;6807323;'20200219142313;W03-C-Antwerpen-West-FH07;19084;FTTH-Cu;;';';;;;;;;700564;'20191016092516;44480;'1630000;'32830;Korte Vlierstraat;'23;';2000;Antwerpen;;'151888,708;'211697,665;';Y;IRREG;4;12;Unknown;Unknown;;None;;;';;';;Y;;;;'15/01/2019 12:41:18;1;1713040;;LU;1;';';';';';Y;;HOUSE;WONING - MAISON;NA;;;';;';;Y;;;;'15/01/2019 12:41:18
;;;Zoning;6807323;'20200219142313;W03-C-Antwerpen-West-FH07;6807323;'20200219142313;W03-C-Antwerpen-West-FH07;19084;FTTH-Cu;;';';;;;;;;726093;'20190131101525;973299;'1630000;'17252;Kronenburgstraat;'1;';2000;Antwerpen;;'151789,808;'211397,336;';Y;NA;3;9;Unknown;Unknown;;None;;;';;';;Y;;;;'15/01/2019 12:41:18;1;1615242;;LU;1;';';';';';Y;;HOUSE;WONING - MAISON;NA;;;';;';;Y;;;;'15/01/2019 12:41:18
;;;Zoning;6807323;'20200219142313;W03-C-Antwerpen-West-FH07;6807323;'20200219142313;W03-C-Antwerpen-West-FH07;19084;FTTH-Cu;;';';;;;;;;726093;'20190131101525;973299;'1630000;'17252;Kronenburgstraat;'1;';2000;Antwerpen;;'151789,808;'211397,336;';Y;NA;3;9;Unknown;Unknown;;None;;;';;';;Y;;;;'15/01/2019 12:41:18;2;1615243;;LU;1;';';';';';Y;;HOUSE;WONING - MAISON;NA;;;';;';;Y;;;;'15/01/2019 12:41:18
;;;Zoning;6807323;'20200219142313;W03-C-Antwerpen-West-FH07;6807323;'20200219142313;W03-C-Antwerpen-West-FH07;19084;FTTH-Cu;;';';;;;;;;726185;'20190131100652;976232;'1630000;'17252;Kronenburgstraat;'2;';2000;Antwerpen;;'151785,346;'211368,447;';N;ORN;4;12;Unknown;Unknown;;None;;;';;';;Y;;;;'15/01/2019 12:41:18;1;1689204;;LU;1;';';';';';Y;#A1/L/K10;APPART;DEEL_APP_GEBOUW - PARTIE_IMMEUBLE_APP;APPART;;;';;';;Y;;;;'15/01/2019 12:41:18
;;;Zoning;6807323;'20200219142313;W03-C-Antwerpen-West-FH07;6807323;'20200219142313;W03-C-Antwerpen-West-FH07;19084;FTTH-Cu;;';';;;;;;;726185;'20190131100652;976232;'1630000;'17252;Kronenburgstraat;'2;';2000;Antwerpen;;'151785,346;'211368,447;';N;ORN;4;12;Unknown;Unknown;;None;;;';;';;Y;;;;'15/01/2019 12:41:18;2;1689778;;LU;1;';';';';';Y;#A2/L/K 2.6.9;APPART;DEEL_APP_GEBOUW - PARTIE_IMMEUBLE_APP;APPART;;;';;';;Y;;;;'15/01/2019 12:41:18
;;;Zoning;6807323;'20200219142313;W03-C-Antwerpen-West-FH07;6807323;'20200219142313;W03-C-Antwerpen-West-FH07;19084;FTTH-Cu;;';';;;;;;;726185;'20190131100652;976232;'1630000;'17252;Kronenburgstraat;'2;';2000;Antwerpen;;'151785,346;'211368,447;';N;ORN;4;12;Unknown;Unknown;;None;;;';;';;Y;;;;'15/01/2019 12:41:18;3;1690220;;LU;1;';';';';';Y;#A3/L/K7.8;APPART;DEEL_APP_GEBOUW - PARTIE_IMMEUBLE_APP;APPART;;;';;';;Y;;;;'15/01/2019 12:41:18
;;;Zoning;6807323;'20200219142313;W03-C-Antwerpen-West-FH07;6807323;'20200219142313;W03-C-Antwerpen-West-FH07;19084;FTTH-Cu;;';';;;;;;;654581;'20190131101516;1971910;'1630000;'17252;Kronenburgstraat;'3;';2000;Antwerpen;;'151796,16;'211396,579;';Y;NA;4;12;Unknown;Unknown;;None;;;';;';;Y;;;;'15/01/2019 12:41:18;1;1741752;;LU;1;';';';';';Y;;HOUSE;WONING - MAISON;NA;;;';;';;Y;;;;'15/01/2019 12:41:18
;;;Zoning;6807323;'20200219142313;W03-C-Antwerpen-West-FH07;6807323;'20200219142313;W03-C-Antwerpen-West-FH07;19084;FTTH-Cu;;';';;;;;;;654581;'20190131101516;1971910;'1630000;'17252;Kronenburgstraat;'3;';2000;Antwerpen;;'151796,16;'211396,579;';Y;NA;4;12;Unknown;Unknown;;None;;;';;';;Y;;;;'15/01/2019 12:41:18;2;11086685;;LU;1;';';';';';;;;;;;;';;';;Y;;;;'15/01/2019 12:41:18
;;;Zoning;6807323;'20200219142313;W03-C-Antwerpen-West-FH07;6807323;'20200219142313;W03-C-Antwerpen-West-FH07;19084;FTTH-Cu;;';';;;;;;;654581;'20190131101516;1971910;'1630000;'17252;Kronenburgstraat;'3;';2000;Antwerpen;;'151796,16;'211396,579;';Y;NA;4;12;Unknown;Unknown;;None;;;';;';;Y;;;;'15/01/2019 12:41:18;3;11086686;;LU;1;';';';';';;;;;;;;';;';;Y;;;;'15/01/2019 12:41:18
;;;Zoning;6807323;'20200219142313;W03-C-Antwerpen-West-FH07;6807323;'20200219142313;W03-C-Antwerpen-West-FH07;19084;FTTH-Cu;;';';;;;;;;654581;'20190131101516;1971910;'1630000;'17252;Kronenburgstraat;'3;';2000;Antwerpen;;'151796,16;'211396,579;';Y;NA;4;12;Unknown;Unknown;;None;;;';;';;Y;;;;'15/01/2019 12:41:18;4;11086687;;LU;1;';';';';';;;;;;;;';;';;Y;;;;'15/01/2019 12:41:18
;;;Zoning;6807323;'20200219142313;W03-C-Antwerpen-West-FH07;6807323;'20200219142313;W03-C-Antwerpen-West-FH07;19084;FTTH-Cu;;';';;;;;;;654583;'20191021152205;1971917;'1630000;'17252;Kronenburgstraat;'6;';2000;Antwerpen;;'151798,126;'211367,93;';Y;NA;4;12;Unknown;Unknown;;None;;;';;';;Y;;;;'15/01/2019 12:41:18;1;1820727;;LU;1;';';';';';Y;#A..GV;APPART;DEEL_APP_GEBOUW - PARTIE_IMMEUBLE_APP;APPART;;;';;';;Y;;;;'15/01/2019 12:41:18
;;;Zoning;6807323;'20200219142313;W03-C-Antwerpen-West-FH07;6807323;'20200219142313;W03-C-Antwerpen-West-FH07;19084;FTTH-Cu;;';';;;;;;;654583;'20191021152205;1971917;'1630000;'17252;Kronenburgstraat;'6;';2000;Antwerpen;;'151798,126;'211367,93;';Y;NA;4;12;Unknown;Unknown;;None;;;';;';;Y;;;;'15/01/2019 12:41:18;2;1820919;;LU;1;';';';';';Y;#A1;APPART;DEEL_APP_GEBOUW - PARTIE_IMMEUBLE_APP;APPART;;;';;';;Y;;;;'15/01/2019 12:41:18
;;;Zoning;6807323;'20200219142313;W03-C-Antwerpen-West-FH07;6807323;'20200219142313;W03-C-Antwerpen-West-FH07;19084;FTTH-Cu;;';';;;;;;;654583;'20191021152205;1971917;'1630000;'17252;Kronenburgstraat;'6;';2000;Antwerpen;;'151798,126;'211367,93;';Y;NA;4;12;Unknown;Unknown;;None;;;';;';;Y;;;;'15/01/2019 12:41:18;3;1821273;;LU;1;';';';';';Y;#A2;APPART;DEEL_APP_GEBOUW - PARTIE_IMMEUBLE_APP;APPART;;;';;';;Y;;;;'15/01/2019 12:41:18
;;;Zoning;6807323;'20200219142313;W03-C-Antwerpen-West-FH07;6807323;'20200219142313;W03-C-Antwerpen-West-FH07;19084;FTTH-Cu;;';';;;;;;;654583;'20191021152205;1971917;'1630000;'17252;Kronenburgstraat;'6;';2000;Antwerpen;;'151798,126;'211367,93;';Y;NA;4;12;Unknown;Unknown;;None;;;';;';;Y;;;;'15/01/2019 12:41:18;4;1821592;;LU;1;';';';';';Y;#A3;APPART;DEEL_APP_GEBOUW - PARTIE_IMMEUBLE_APP;APPART;;;';;';;Y;;;;'15/01/2019 12:41:18
;;;Zoning;6807323;'20200219142313;W03-C-Antwerpen-West-FH07;6807323;'20200219142313;W03-C-Antwerpen-West-FH07;19084;FTTH-Cu;;';';;;;;;;654584;'20191021152205;1971920;'1630000;'17252;Kronenburgstraat;'8;';2000;Antwerpen;;'151803,117;'211366,342;';Y;NA;5;15;Unknown;Unknown;;None;;;';;';;Y;;;;'15/01/2019 12:41:18;1;1853043;;LU;1;';';';';';Y;#A1/1.A/;APPART;DEEL_APP_GEBOUW - PARTIE_IMMEUBLE_APP;APPART;;;';;';;Y;;;;'15/01/2019 12:41:18
;;;Zoning;6807323;'20200219142313;W03-C-Antwerpen-West-FH07;6807323;'20200219142313;W03-C-Antwerpen-West-FH07;19084;FTTH-Cu;;';';;;;;;;654584;'20191021152205;1971920;'1630000;'17252;Kronenburgstraat;'8;';2000;Antwerpen;;'151803,117;'211366,342;';Y;NA;5;15;Unknown;Unknown;;None;;;';;';;Y;;;;'15/01/2019 12:41:18;2;1853044;;LU;1;';';';';';Y;#A1/1.B/;APPART;DEEL_APP_GEBOUW - PARTIE_IMMEUBLE_APP;APPART;;;';;';;Y;;;;'15/01/2019 12:41:18
;;;Zoning;6807323;'20200219142313;W03-C-Antwerpen-West-FH07;6807323;'20200219142313;W03-C-Antwerpen-West-FH07;19084;FTTH-Cu;;';';;;;;;;654584;'20191021152205;1971920;'1630000;'17252;Kronenburgstraat;'8;';2000;Antwerpen;;'151803,117;'211366,342;';Y;NA;5;15;Unknown;Unknown;;None;;;';;';;Y;;;;'15/01/2019 12:41:18;3;1853334;;LU;1;';';';';';Y;#A2/2.A/;APPART;DEEL_APP_GEBOUW - PARTIE_IMMEUBLE_APP;APPART;;;';;';;Y;;;;'15/01/2019 12:41:18
;;;Zoning;6807323;'20200219142313;W03-C-Antwerpen-West-FH07;6807323;'20200219142313;W03-C-Antwerpen-West-FH07;19084;FTTH-Cu;;';';;;;;;;654584;'20191021152205;1971920;'1630000;'17252;Kronenburgstraat;'8;';2000;Antwerpen;;'151803,117;'211366,342;';Y;NA;5;15;Unknown;Unknown;;None;;;';;';;Y;;;;'15/01/2019 12:41:18;4;1853335;;LU;1;';';';';';Y;#A2/2.B/;APPART;DEEL_APP_GEBOUW - PARTIE_IMMEUBLE_APP;APPART;;;';;';;Y;;;;'15/01/2019 12:41:18
;;;Zoning;6807323;'20200219142313;W03-C-Antwerpen-West-FH07;6807323;'20200219142313;W03-C-Antwerpen-West-FH07;19084;FTTH-Cu;;';';;;;;;;654584;'20191021152205;1971920;'1630000;'17252;Kronenburgstraat;'8;';2000;Antwerpen;;'151803,117;'211366,342;';Y;NA;5;15;Unknown;Unknown;;None;;;';;';;Y;;;;'15/01/2019 12:41:18;5;1853563;;LU;1;';';';';';Y;#A3/3.A/;APPART;DEEL_APP_GEBOUW - PARTIE_IMMEUBLE_APP;APPART;;;';;';;Y;;;;'15/01/2019 12:41:18
;;;Zoning;6807323;'20200219142313;W03-C-Antwerpen-West-FH07;6807323;'20200219142313;W03-C-Antwerpen-West-FH07;19084;FTTH-Cu;;';';;;;;;;654584;'20191021152205;1971920;'1630000;'17252;Kronenburgstraat;'8;';2000;Antwerpen;;'151803,117;'211366,342;';Y;NA;5;15;Unknown;Unknown;;None;;;';;';;Y;;;;'15/01/2019 12:41:18;6;1853564;;LU;1;';';';';';Y;#A3/3.B/;APPART;DEEL_APP_GEBOUW - PARTIE_IMMEUBLE_APP;APPART;;;';;';;Y;;;;'15/01/2019 12:41:18
;;;Zoning;6807323;'20200219142313;W03-C-Antwerpen-West-FH07;6807323;'20200219142313;W03-C-Antwerpen-West-FH07;19084;FTTH-Cu;;';';;;;;;;654584;'20191021152205;1971920;'1630000;'17252;Kronenburgstraat;'8;';2000;Antwerpen;;'151803,117;'211366,342;';Y;NA;5;15;Unknown;Unknown;;None;;;';;';;Y;;;;'15/01/2019 12:41:18;7;1853727;;LU;1;';';';';';Y;#A4/4.A/;APPART;DEEL_APP_GEBOUW - PARTIE_IMMEUBLE_APP;APPART;;;';;';;Y;;;;'15/01/2019 12:41:18
;;;Zoning;6807323;'20200219142313;W03-C-Antwerpen-West-FH07;6807323;'20200219142313;W03-C-Antwerpen-West-FH07;19084;FTTH-Cu;;';';;;;;;;654584;'20191021152205;1971920;'1630000;'17252;Kronenburgstraat;'8;';2000;Antwerpen;;'151803,117;'211366,342;';Y;NA;5;15;Unknown;Unknown;;None;;;';;';;Y;;;;'15/01/2019 12:41:18;8;1853728;;LU;1;';';';';';Y;#A4/4.B/;APPART;DEEL_APP_GEBOUW - PARTIE_IMMEUBLE_APP;APPART;;;';;';;Y;;;;'15/01/2019 12:41:18
;;;Zoning;6807323;'20200219142313;W03-C-Antwerpen-West-FH07;6807323;'20200219142313;W03-C-Antwerpen-West-FH07;19084;FTTH-Cu;;';';;;;;;;11378447;'20191021152205;1971925;'1630000;'17252;Kronenburgstraat;'10;';2000;Antwerpen;;'151809,469;'211365,51;';Y;NA;1;3;Unknown;Unknown;;None;;;';;';;Y;;;;'15/01/2019 12:41:18;1;11086125;;BU;1;';';';';';;;;;;;;';;';;Y;;;;'15/01/2019 12:41:18
;;;Zoning;6807323;'20200219142313;W03-C-Antwerpen-West-FH07;6807323;'20200219142313;W03-C-Antwerpen-West-FH07;19084;FTTH-Cu;;';';;;;;;;654586;'20191021152205;1971938;'1630000;'17252;Kronenburgstraat;'12;';2000;Antwerpen;;'151814,838;'211363,695;';Y;NA;5;15;Unknown;Unknown;;None;;;';;';;Y;;;;'15/01/2019 12:41:18;1;1637711;;LU;1;';';';';';Y;#A1/K2;APPART;DEEL_APP_GEBOUW - PARTIE_IMMEUBLE_APP;APPART;;;';;';;Y;;;;'15/01/2019 12:41:18
;;;Zoning;6807323;'20200219142313;W03-C-Antwerpen-West-FH07;6807323;'20200219142313;W03-C-Antwerpen-West-FH07;19084;FTTH-Cu;;';';;;;;;;654586;'20191021152205;1971938;'1630000;'17252;Kronenburgstraat;'12;';2000;Antwerpen;;'151814,838;'211363,695;';Y;NA;5;15;Unknown;Unknown;;None;;;';;';;Y;;;;'15/01/2019 12:41:18;2;1637948;;LU;1;';';';';';Y;#A2/K3;APPART;DEEL_APP_GEBOUW - PARTIE_IMMEUBLE_APP;APPART;;;';;';;Y;;;;'15/01/2019 12:41:18
;;;Zoning;6807323;'20200219142313;W03-C-Antwerpen-West-FH07;6807323;'20200219142313;W03-C-Antwerpen-West-FH07;19084;FTTH-Cu;;';';;;;;;;654586;'20191021152205;1971938;'1630000;'17252;Kronenburgstraat;'12;';2000;Antwerpen;;'151814,838;'211363,695;';Y;NA;5;15;Unknown;Unknown;;None;;;';;';;Y;;;;'15/01/2019 12:41:18;3;1638016;;LU;1;';';';';';Y;#A3.4-K4;APPART;DEEL_APP_GEBOUW - PARTIE_IMMEUBLE_APP;APPART;;;';;';;Y;;;;'15/01/2019 12:41:18
;;;Zoning;6807323;'20200219142313;W03-C-Antwerpen-West-FH07;6807323;'20200219142313;W03-C-Antwerpen-West-FH07;19084;FTTH-Cu;;';';;;;;;;654586;'20191021152205;1971938;'1630000;'17252;Kronenburgstraat;'12;';2000;Antwerpen;;'151814,838;'211363,695;';Y;NA;5;15;Unknown;Unknown;;None;;;';;';;Y;;;;'15/01/2019 12:41:18;4;1638472;;BU;1;';';';';';Y;#HA.GV/K1;APPART;DEEL_APP_GEBOUW - PARTIE_IMMEUBLE_APP;COMM;;;';;';;Y;;;;'15/01/2019 12:41:18
;;;Zoning;6807323;'20200219142313;W03-C-Antwerpen-West-FH07;6807323;'20200219142313;W03-C-Antwerpen-West-FH07;19084;FTTH-Cu;;';';;;;;;;654587;'20200110144926;1971943;'1630000;'17252;Kronenburgstraat;'14;';2000;Antwerpen;;'151821,947;'211362,485;';Y;NA;4;12;Unknown;Unknown;;None;;;';;';;Y;;;;'15/01/2019 12:41:18;1;1652818;;LU;1;';';';';';Y;#A1/L/;APPART;DEEL_APP_GEBOUW - PARTIE_IMMEUBLE_APP;APPART;;;';;';;Y;;;;'15/01/2019 12:41:18
;;;Zoning;6807323;'20200219142313;W03-C-Antwerpen-West-FH07;6807323;'20200219142313;W03-C-Antwerpen-West-FH07;19084;FTTH-Cu;;';';;;;;;;654587;'20200110144926;1971943;'1630000;'17252;Kronenburgstraat;'14;';2000;Antwerpen;;'151821,947;'211362,485;';Y;NA;4;12;Unknown;Unknown;;None;;;';;';;Y;;;;'15/01/2019 12:41:18;2;1652850;;LU;1;';';';';';Y;#A1/R/K1B;APPART;DEEL_APP_GEBOUW - PARTIE_IMMEUBLE_APP;APPART;;;';;';;Y;;;;'15/01/2019 12:41:18
;;;Zoning;6807323;'20200219142313;W03-C-Antwerpen-West-FH07;6807323;'20200219142313;W03-C-Antwerpen-West-FH07;19084;FTTH-Cu;;';';;;;;;;654587;'20200110144926;1971943;'1630000;'17252;Kronenburgstraat;'14;';2000;Antwerpen;;'151821,947;'211362,485;';Y;NA;4;12;Unknown;Unknown;;None;;;';;';;Y;;;;'15/01/2019 12:41:18;3;1653019;;LU;1;';';';';';Y;#A2/L/K3;APPART;DEEL_APP_GEBOUW - PARTIE_IMMEUBLE_APP;APPART;;;';;';;Y;;;;'15/01/2019 12:41:18
;;;Zoning;6807323;'20200219142313;W03-C-Antwerpen-West-FH07;6807323;'20200219142313;W03-C-Antwerpen-West-FH07;19084;FTTH-Cu;;';';;;;;;;654587;'20200110144926;1971943;'1630000;'17252;Kronenburgstraat;'14;';2000;Antwerpen;;'151821,947;'211362,485;';Y;NA;4;12;Unknown;Unknown;;None;;;';;';;Y;;;;'15/01/2019 12:41:18;7;1653493;;BU;1;';';';';';Y;#HA.GV/K1A;APPART;DEEL_APP_GEBOUW - PARTIE_IMMEUBLE_APP;COMM;;;';;';;Y;;;;'15/01/2019 12:41:18
;;;Zoning;6807323;'20200219142313;W03-C-Antwerpen-West-FH07;6807323;'20200219142313;W03-C-Antwerpen-West-FH07;19084;FTTH-Cu;;';';;;;;;;11378450;'20191021152205;1971959;'1630000;'17252;Kronenburgstraat;'18;';2000;Antwerpen;;'151830,341;'211361,199;';Y;NA;4;12;Unknown;Unknown;;None;;;';;';;Y;;;;'15/01/2019 12:41:18;1;11086126;;LU;1;';';';';';;;;;;;;';;';;Y;;;;'15/01/2019 12:41:18
;;;Zoning;6807323;'20200219142313;W03-C-Antwerpen-West-FH07;6807323;'20200219142313;W03-C-Antwerpen-West-FH07;19084;FTTH-Cu;;';';;;;;;;11378450;'20191021152205;1971959;'1630000;'17252;Kronenburgstraat;'18;';2000;Antwerpen;;'151830,341;'211361,199;';Y;NA;4;12;Unknown;Unknown;;None;;;';;';;Y;;;;'15/01/2019 12:41:18;2;11086127;;LU;1;';';';';';;;;;;;;';;';;Y;;;;'15/01/2019 12:41:18
;;;Zoning;6807323;'20200219142313;W03-C-Antwerpen-West-FH07;6807323;'20200219142313;W03-C-Antwerpen-West-FH07;19084;FTTH-Cu;;';';;;;;;;11378450;'20191021152205;1971959;'1630000;'17252;Kronenburgstraat;'18;';2000;Antwerpen;;'151830,341;'211361,199;';Y;NA;4;12;Unknown;Unknown;;None;;;';;';;Y;;;;'15/01/2019 12:41:18;3;11086128;;LU;1;';';';';';;;;;;;;';;';;Y;;;;'15/01/2019 12:41:18
;;;Zoning;6807323;'20200219142313;W03-C-Antwerpen-West-FH07;6807323;'20200219142313;W03-C-Antwerpen-West-FH07;19084;FTTH-Cu;;';';;;;;;;11378436;'20190131101345;973303;'1630000;'17252;Kronenburgstraat;'19;';2000;Antwerpen;;'151839,81;'211388,412;';Y;NA;3;9;Unknown;Unknown;;None;;;';;';;Y;;;;'15/01/2019 12:41:18;1;11086114;;LU;1;';';';';';;;;;;;;';;';;Y;;;;'15/01/2019 12:41:18
;;;Zoning;6807323;'20200219142313;W03-C-Antwerpen-West-FH07;6807323;'20200219142313;W03-C-Antwerpen-West-FH07;19084;FTTH-Cu;;';';;;;;;;11378436;'20190131101345;973303;'1630000;'17252;Kronenburgstraat;'19;';2000;Antwerpen;;'151839,81;'211388,412;';Y;NA;3;9;Unknown;Unknown;;None;;;';;';;Y;;;;'15/01/2019 12:41:18;2;11086115;;LU;1;';';';';';;;;;;;;';;';;Y;;;;'15/01/2019 12:41:18
;;;Zoning;6807323;'20200219142313;W03-C-Antwerpen-West-FH07;6807323;'20200219142313;W03-C-Antwerpen-West-FH07;19084;FTTH-Cu;;';';;;;;;;618548;'20191021152204;1462369;'1630000;'17252;Kronenburgstraat;'20;';2000;Antwerpen;;'151835,408;'211360,594;';Y;NA;4;12;Unknown;Unknown;;None;;;';;';;Y;;;;'15/01/2019 12:41:18;1;1699015;;LU;1;';';';';';Y;;HOUSE;WONING - MAISON;NA;;;';;';;Y;;;;'15/01/2019 12:41:18
;;;Zoning;6807323;'20200219142313;W03-C-Antwerpen-West-FH07;6807323;'20200219142313;W03-C-Antwerpen-West-FH07;19084;FTTH-Cu;;';';;;;;;;618548;'20191021152204;1462369;'1630000;'17252;Kronenburgstraat;'20;';2000;Antwerpen;;'151835,408;'211360,594;';Y;NA;4;12;Unknown;Unknown;;None;;;';;';;Y;;;;'15/01/2019 12:41:18;2;1699016;;LU;1;';';';';';Y;;INDU;NIJVERHEIDSGEBOUW - ENTREPRISE INDUSTRIELLE;NA;;;';;';;Y;;;;'15/01/2019 12:41:18
;;;Zoning;6807323;'20200219142313;W03-C-Antwerpen-West-FH07;6807323;'20200219142313;W03-C-Antwerpen-West-FH07;19084;FTTH-Cu;;';';;;;;;;618548;'20191021152204;1462369;'1630000;'17252;Kronenburgstraat;'20;';2000;Antwerpen;;'151835,408;'211360,594;';Y;NA;4;12;Unknown;Unknown;;None;;;';;';;Y;;;;'15/01/2019 12:41:18;3;11086688;;LU;1;';';';';';;;;;;;;';;';;Y;;;;'15/01/2019 12:41:18
;;;Zoning;6807323;'20200219142313;W03-C-Antwerpen-West-FH07;6807323;'20200219142313;W03-C-Antwerpen-West-FH07;19084;FTTH-Cu;;';';;;;;;;726095;'20191021151052;973304;'1630000;'17252;Kronenburgstraat;'21;';2000;Antwerpen;;'151845,968;'211387,368;';Y;NA;3;9;Unknown;Unknown;;None;;;';;';;Y;;;;'15/01/2019 12:41:18;1;1702179;;LU;1;';';';';';Y;#ACHTERB/A3/LOFT;APPART;DEEL_APP_GEBOUW - PARTIE_IMMEUBLE_APP;APPART;;;';;';;Y;;;;'15/01/2019 12:41:18
;;;Zoning;6807323;'20200219142313;W03-C-Antwerpen-West-FH07;6807323;'20200219142313;W03-C-Antwerpen-West-FH07;19084;FTTH-Cu;;';';;;;;;;726095;'20191021151052;973304;'1630000;'17252;Kronenburgstraat;'21;';2000;Antwerpen;;'151845,968;'211387,368;';Y;NA;3;9;Unknown;Unknown;;None;;;';;';;Y;;;;'15/01/2019 12:41:18;2;1702180;;LU;1;';';';';';Y;#ACHTERB/HA.GV.A1.A2/;APPART;DEEL_APP_GEBOUW - PARTIE_IMMEUBLE_APP;APPART;;;';;';;Y;;;;'15/01/2019 12:41:18
;;;Zoning;6807323;'20200219142313;W03-C-Antwerpen-West-FH07;6807323;'20200219142313;W03-C-Antwerpen-West-FH07;19084;FTTH-Cu;;';';;;;;;;726095;'20191021151052;973304;'1630000;'17252;Kronenburgstraat;'21;';2000;Antwerpen;;'151845,968;'211387,368;';Y;NA;3;9;Unknown;Unknown;;None;;;';;';;Y;;;;'15/01/2019 12:41:18;3;1702508;;SU;1;';';';';';Y;#VOORB/A1;APPART;DEEL_APP_GEBOUW - PARTIE_IMMEUBLE_APP;NA;;;';;';;Y;;;;'15/01/2019 12:41:18
;;;Zoning;6807323;'20200219142313;W03-C-Antwerpen-West-FH07;6807323;'20200219142313;W03-C-Antwerpen-West-FH07;19084;FTTH-Cu;;';';;;;;;;654589;'20191021152205;1971977;'1630000;'17252;Kronenburgstraat;'22;';2000;Antwerpen;;'151842,214;'211358,931;';Y;NA;4;12;Unknown;Unknown;;None;;;';;';;Y;;;;'15/01/2019 12:41:18;1;1709087;;LU;1;';';';';';Y;;HOUSE;WONING - MAISON;NA;;;';;';;Y;;;;'15/01/2019 12:41:18
;;;Zoning;6807323;'20200219142313;W03-C-Antwerpen-West-FH07;6807323;'20200219142313;W03-C-Antwerpen-West-FH07;19084;FTTH-Cu;;';';;;;;;;654589;'20191021152205;1971977;'1630000;'17252;Kronenburgstraat;'22;';2000;Antwerpen;;'151842,214;'211358,931;';Y;NA;4;12;Unknown;Unknown;;None;;;';;';;Y;;;;'15/01/2019 12:41:18;2;1709088;;LU;1;';';';';';Y;;HOUSE;WONING - MAISON;NA;;;';;';;Y;;;;'15/01/2019 12:41:18
;;;Zoning;6807323;'20200219142313;W03-C-Antwerpen-West-FH07;6807323;'20200219142313;W03-C-Antwerpen-West-FH07;19084;FTTH-Cu;;';';;;;;;;654589;'20191021152205;1971977;'1630000;'17252;Kronenburgstraat;'22;';2000;Antwerpen;;'151842,214;'211358,931;';Y;NA;4;12;Unknown;Unknown;;None;;;';;';;Y;;;;'15/01/2019 12:41:18;3;1709089;;LU;1;';';';';';Y;;HOUSE;WONING - MAISON;NA;;;';;';;Y;;;;'15/01/2019 12:41:18
;;;Zoning;6807323;'20200219142313;W03-C-Antwerpen-West-FH07;6807323;'20200219142313;W03-C-Antwerpen-West-FH07;19084;FTTH-Cu;;';';;;;;;;11378435;'20191021151101;1971979;'1630000;'17252;Kronenburgstraat;'23;';2000;Antwerpen;;'151851,584;'211386,249;';Y;NA;1;3;Unknown;Unknown;;None;;;';;';;Y;;;;'15/01/2019 12:41:18;1;11086113;;BU;1;';';';';';;;;;;;;';;';;Y;;;;'15/01/2019 12:41:18
;;;Zoning;6807323;'20200219142313;W03-C-Antwerpen-West-FH07;6807323;'20200219142313;W03-C-Antwerpen-West-FH07;19084;FTTH-Cu;11382523;'20200113133640;'Kronenburgstraat  24 - 26;;;;;;;691671;'20191021152218;3987038;'1630000;'17252;Kronenburgstraat;'24;';2000;Antwerpen;;'151849,142;'211356,528;';Y;NA;1;3;Unknown;Unknown;;None;;;';;';;Y;;;;'15/01/2019 12:41:18;1;1717936;;BU;1;';';';';';Y;;HOUSE;WONING - MAISON;NA;;;';;';;Y;;;;'15/01/2019 12:41:18
;;;Zoning;6807323;'20200219142313;W03-C-Antwerpen-West-FH07;6807323;'20200219142313;W03-C-Antwerpen-West-FH07;19084;FTTH-Cu;;';';;;;;;;708437;'20190712080944;4517181;'1630000;'17252;Kronenburgstraat;'25;';2000;Antwerpen;;'151861,272;'211385,311;';Y;NA;4;4;Unknown;Unknown;;None;;;';IFH_BATCH;'12/07/2019 07:31:33;;Y;;;;'12/07/2019 07:28:35;1;1721369;;BU;1;';';';';';Y;;EDUC;ONDERWIJSGEBOUW - BATIMENT D' ENSEIGNEMENT;NA;;;';;';;Y;;;;'12/07/2019 07:28:35
;;;Zoning;6807323;'20200219142313;W03-C-Antwerpen-West-FH07;6807323;'20200219142313;W03-C-Antwerpen-West-FH07;19084;FTTH-Cu;11382523;'20200113133640;'Kronenburgstraat  24 - 26;;;;;;;708360;'20200113133714;4516972;'1630000;'17252;Kronenburgstraat;'26;';2000;Antwerpen;;'151853,831;'211355,62;';Y;NA;3;9;Unknown;Unknown;;None;;;';;';;Y;;;;'15/01/2019 12:41:18;1;1725810;;LU;1;';';';';';Y;;HOUSE;WONING - MAISON;NA;;;';;';;Y;;;;'15/01/2019 12:41:18
;;;Zoning;6807323;'20200219142313;W03-C-Antwerpen-West-FH07;6807323;'20200219142313;W03-C-Antwerpen-West-FH07;19084;FTTH-Cu;11382523;'20200113133640;'Kronenburgstraat  24 - 26;;;;;;;708360;'20200113133714;4516972;'1630000;'17252;Kronenburgstraat;'26;';2000;Antwerpen;;'151853,831;'211355,62;';Y;NA;3;9;Unknown;Unknown;;None;;;';;';;Y;;;;'15/01/2019 12:41:18;2;11086689;;LU;1;';';';';';;;;;;;;';;';;Y;;;;'15/01/2019 12:41:18
;;;Zoning;6807323;'20200219142313;W03-C-Antwerpen-West-FH07;6807323;'20200219142313;W03-C-Antwerpen-West-FH07;19084;FTTH-Cu;11382523;'20200113133640;'Kronenburgstraat  24 - 26;;;;;;;708360;'20200113133714;4516972;'1630000;'17252;Kronenburgstraat;'26;';2000;Antwerpen;;'151853,831;'211355,62;';Y;NA;3;9;Unknown;Unknown;;None;;;';;';;Y;;;;'15/01/2019 12:41:18;3;11086690;;LU;1;';';';';';;;;;;;;';;';;Y;;;;'15/01/2019 12:41:18
;;;Zoning;6807323;'20200219142313;W03-C-Antwerpen-West-FH07;6807323;'20200219142313;W03-C-Antwerpen-West-FH07;19084;FTTH-Cu;;';';;;;;;;654590;'20191021152218;1971990;'1630000;'17252;Kronenburgstraat;'28;';2000;Antwerpen;;'151861,696;'211354,108;';Y;NA;4;12;Unknown;Unknown;;None;;;';;';;Y;;;;'15/01/2019 12:41:18;1;1733234;;LU;1;';';';';';Y;;HOUSE;WONING - MAISON;NA;;;';;';;Y;;;;'15/01/2019 12:41:18
;;;Zoning;6807323;'20200219142313;W03-C-Antwerpen-West-FH07;6807323;'20200219142313;W03-C-Antwerpen-West-FH07;19084;FTTH-Cu;;';';;;;;;;654590;'20191021152218;1971990;'1630000;'17252;Kronenburgstraat;'28;';2000;Antwerpen;;'151861,696;'211354,108;';Y;NA;4;12;Unknown;Unknown;;None;;;';;';;Y;;;;'15/01/2019 12:41:18;2;1733235;;LU;1;';';';';';Y;;HOUSE;WONING - MAISON;NA;;;';;';;Y;;;;'15/01/2019 12:41:18
;;;Zoning;6807323;'20200219142313;W03-C-Antwerpen-West-FH07;6807323;'20200219142313;W03-C-Antwerpen-West-FH07;19084;FTTH-Cu;;';';;;;;;;654590;'20191021152218;1971990;'1630000;'17252;Kronenburgstraat;'28;';2000;Antwerpen;;'151861,696;'211354,108;';Y;NA;4;12;Unknown;Unknown;;None;;;';;';;Y;;;;'15/01/2019 12:41:18;3;11086691;;BU;1;';';';';';;;;;;;;';;';;Y;;;;'15/01/2019 12:41:18
;;;Zoning;6807323;'20200219142313;W03-C-Antwerpen-West-FH07;6807323;'20200219142313;W03-C-Antwerpen-West-FH07;19084;FTTH-Cu;;';';;;;;;;654590;'20191021152218;1971990;'1630000;'17252;Kronenburgstraat;'28;';2000;Antwerpen;;'151861,696;'211354,108;';Y;NA;4;12;Unknown;Unknown;;None;;;';;';;Y;;;;'15/01/2019 12:41:18;4;11086692;;LU;1;';';';';';;;;;;;;';;';;Y;;;;'15/01/2019 12:41:18
;;;Zoning;6807323;'20200219142313;W03-C-Antwerpen-West-FH07;6807323;'20200219142313;W03-C-Antwerpen-West-FH07;19084;FTTH-Cu;;';';;;;;;;654590;'20191021152218;1971990;'1630000;'17252;Kronenburgstraat;'28;';2000;Antwerpen;;'151861,696;'211354,108;';Y;NA;4;12;Unknown;Unknown;;None;;;';;';;Y;;;;'15/01/2019 12:41:18;5;11086693;;LU;1;';';';';';;;;;;;;';;';;Y;;;;'15/01/2019 12:41:18
;;;Zoning;6807323;'20200219142313;W03-C-Antwerpen-West-FH07;6807323;'20200219142313;W03-C-Antwerpen-West-FH07;19084;FTTH-Cu;;';';;;;;;;654590;'20191021152218;1971990;'1630000;'17252;Kronenburgstraat;'28;';2000;Antwerpen;;'151861,696;'211354,108;';Y;NA;4;12;Unknown;Unknown;;None;;;';;';;Y;;;;'15/01/2019 12:41:18;6;11086694;;LU;1;';';';';';;;;;;;;';;';;Y;;;;'15/01/2019 12:41:18
;;;Zoning;6807323;'20200219142313;W03-C-Antwerpen-West-FH07;6807323;'20200219142313;W03-C-Antwerpen-West-FH07;19084;FTTH-Cu;;';';;;;;;;654590;'20191021152218;1971990;'1630000;'17252;Kronenburgstraat;'28;';2000;Antwerpen;;'151861,696;'211354,108;';Y;NA;4;12;Unknown;Unknown;;None;;;';;';;Y;;;;'15/01/2019 12:41:18;7;11086695;;LU;1;';';';';';;;;;;;;';;';;Y;;;;'15/01/2019 12:41:18
;;;Zoning;6807323;'20200219142313;W03-C-Antwerpen-West-FH07;6807323;'20200219142313;W03-C-Antwerpen-West-FH07;19084;FTTH-Cu;;';';;;;;;;654591;'20191021151431;1971992;'1630000;'17252;Kronenburgstraat;'29;';2000;Antwerpen;;'151894,257;'211378,945;';Y;NA;4;4;Unknown;Unknown;;None;;;';IFH_BATCH;'12/07/2019 07:31:37;;Y;;;;'12/07/2019 07:28:35;1;1734450;;LU;1;';';';';';Y;#A1;APPART;DEEL_APP_GEBOUW - PARTIE_IMMEUBLE_APP;APPART;;;';;';;Y;;;;'12/07/2019 07:28:35
;;;Zoning;6807323;'20200219142313;W03-C-Antwerpen-West-FH07;6807323;'20200219142313;W03-C-Antwerpen-West-FH07;19084;FTTH-Cu;;';';;;;;;;654591;'20191021151431;1971992;'1630000;'17252;Kronenburgstraat;'29;';2000;Antwerpen;;'151894,257;'211378,945;';Y;NA;4;4;Unknown;Unknown;;None;;;';IFH_BATCH;'12/07/2019 07:31:37;;Y;;;;'12/07/2019 07:28:35;2;1734679;;LU;1;';';';';';Y;#A2;APPART;DEEL_APP_GEBOUW - PARTIE_IMMEUBLE_APP;APPART;;;';;';;Y;;;;'12/07/2019 07:28:35
;;;Zoning;6807323;'20200219142313;W03-C-Antwerpen-West-FH07;6807323;'20200219142313;W03-C-Antwerpen-West-FH07;19084;FTTH-Cu;;';';;;;;;;654591;'20191021151431;1971992;'1630000;'17252;Kronenburgstraat;'29;';2000;Antwerpen;;'151894,257;'211378,945;';Y;NA;4;4;Unknown;Unknown;;None;;;';IFH_BATCH;'12/07/2019 07:31:37;;Y;;;;'12/07/2019 07:28:35;3;1734848;;LU;1;';';';';';Y;#A3.4;APPART;DEEL_APP_GEBOUW - PARTIE_IMMEUBLE_APP;APPART;;;';;';;Y;;;;'12/07/2019 07:28:35
;;;Zoning;6807323;'20200219142313;W03-C-Antwerpen-West-FH07;6807323;'20200219142313;W03-C-Antwerpen-West-FH07;19084;FTTH-Cu;;';';;;;;;;654591;'20191021151431;1971992;'1630000;'17252;Kronenburgstraat;'29;';2000;Antwerpen;;'151894,257;'211378,945;';Y;NA;4;4;Unknown;Unknown;;None;;;';IFH_BATCH;'12/07/2019 07:31:37;;Y;;;;'12/07/2019 07:28:35;4;1735217;;LU;1;';';';';';Y;#GV/AK;APPART;DEEL_APP_GEBOUW - PARTIE_IMMEUBLE_APP;;;;';;';;Y;;;;'12/07/2019 07:28:35
;;;Zoning;6807323;'20200219142313;W03-C-Antwerpen-West-FH07;6807323;'20200219142313;W03-C-Antwerpen-West-FH07;19084;FTTH-Cu;;';';;;;;;;654591;'20191021151431;1971992;'1630000;'17252;Kronenburgstraat;'29;';2000;Antwerpen;;'151894,257;'211378,945;';Y;NA;4;4;Unknown;Unknown;;None;;;';IFH_BATCH;'12/07/2019 07:31:37;;Y;;;;'12/07/2019 07:28:35;5;1735218;;SU;1;';';';';';Y;#GV/GARAGE/VK;APPART;DEEL_APP_GEBOUW - PARTIE_IMMEUBLE_APP;;;;';;';;Y;;;;'12/07/2019 07:28:35
;;;Zoning;6807323;'20200219142313;W03-C-Antwerpen-West-FH07;6807323;'20200219142313;W03-C-Antwerpen-West-FH07;19084;FTTH-Cu;;';';;;;;;;654592;'20200110161312;1971996;'1630000;'17252;Kronenburgstraat;'30;';2000;Antwerpen;;'151876,14;'211351,536;';Y;NA;4;4;Unknown;Unknown;;None;;;';IFH_BATCH;'12/07/2019 07:31:40;;Y;;;;'12/07/2019 07:28:35;1;1745578;;BU;1;';';';';';Y;;EDUC;ONDERWIJSGEBOUW - BATIMENT D' ENSEIGNEMENT;NA;;;';;';;Y;;;;'12/07/2019 07:28:35
;;;Zoning;6807323;'20200219142313;W03-C-Antwerpen-West-FH07;6807323;'20200219142313;W03-C-Antwerpen-West-FH07;19084;FTTH-Cu;;';';;;;;;;654593;'20190131101114;1972000;'1630000;'17252;Kronenburgstraat;'31;';2000;Antwerpen;;'151900,899;'211377,522;';Y;NA;1;4;Unknown;Unknown;;None;;;';;';;Y;;;;'15/01/2019 12:41:18;8;10370936;;BU;1;';';';';';Y;#HA.GV/KH;APPART;DEEL_APP_GEBOUW - PARTIE_IMMEUBLE_APP;COMM;;;';;';;Y;;;;'15/01/2019 12:41:18
;;;Zoning;6807323;'20200219142313;W03-C-Antwerpen-West-FH07;6807323;'20200219142313;W03-C-Antwerpen-West-FH07;19084;FTTH-Cu;;';';;;;;;;11378428;'20190909104209;1972005;'1630000;'17252;Kronenburgstraat;'33;';2000;Antwerpen;;'151906,268;'211376,463;';Y;NA;4;12;Unknown;Unknown;;None;;;';;';;Y;;;;'15/01/2019 12:41:18;1;11086105;;LU;1;';';';';';;;;;;;;';;';;Y;;;;'15/01/2019 12:41:18
;;;Zoning;6807323;'20200219142313;W03-C-Antwerpen-West-FH07;6807323;'20200219142313;W03-C-Antwerpen-West-FH07;19084;FTTH-Cu;;';';;;;;;;11378428;'20190909104209;1972005;'1630000;'17252;Kronenburgstraat;'33;';2000;Antwerpen;;'151906,268;'211376,463;';Y;NA;4;12;Unknown;Unknown;;None;;;';;';;Y;;;;'15/01/2019 12:41:18;2;11086106;;LU;1;';';';';';;;;;;;;';;';;Y;;;;'15/01/2019 12:41:18
;;;Zoning;6807323;'20200219142313;W03-C-Antwerpen-West-FH07;6807323;'20200219142313;W03-C-Antwerpen-West-FH07;19084;FTTH-Cu;;';';;;;;;;11378428;'20190909104209;1972005;'1630000;'17252;Kronenburgstraat;'33;';2000;Antwerpen;;'151906,268;'211376,463;';Y;NA;4;12;Unknown;Unknown;;None;;;';;';;Y;;;;'15/01/2019 12:41:18;3;11086107;;LU;1;';';';';';;;;;;;;';;';;Y;;;;'15/01/2019 12:41:18
;;;Zoning;6807323;'20200219142313;W03-C-Antwerpen-West-FH07;6807323;'20200219142313;W03-C-Antwerpen-West-FH07;19084;FTTH-Cu;;';';;;;;;;11378428;'20190909104209;1972005;'1630000;'17252;Kronenburgstraat;'33;';2000;Antwerpen;;'151906,268;'211376,463;';Y;NA;4;12;Unknown;Unknown;;None;;;';;';;Y;;;;'15/01/2019 12:41:18;4;11086108;;LU;1;';';';';';;;;;;;;';;';;Y;;;;'15/01/2019 12:41:18
;;;Zoning;6807323;'20200219142313;W03-C-Antwerpen-West-FH07;6807323;'20200219142313;W03-C-Antwerpen-West-FH07;19084;FTTH-Cu;;';';;;;;;;11378428;'20190909104209;1972005;'1630000;'17252;Kronenburgstraat;'33;';2000;Antwerpen;;'151906,268;'211376,463;';Y;NA;4;12;Unknown;Unknown;;None;;;';;';;Y;;;;'15/01/2019 12:41:18;5;11086109;;LU;1;';';';';';;;;;;;;';;';;Y;;;;'15/01/2019 12:41:18
;;;Zoning;6807323;'20200219142313;W03-C-Antwerpen-West-FH07;6807323;'20200219142313;W03-C-Antwerpen-West-FH07;19084;FTTH-Cu;;';';;;;;;;11378428;'20190909104209;1972005;'1630000;'17252;Kronenburgstraat;'33;';2000;Antwerpen;;'151906,268;'211376,463;';Y;NA;4;12;Unknown;Unknown;;None;;;';;';;Y;;;;'15/01/2019 12:41:18;6;11086110;;LU;1;';';';';';;;;;;;;';;';;Y;;;;'15/01/2019 12:41:18
;;;Zoning;6807323;'20200219142313;W03-C-Antwerpen-West-FH07;6807323;'20200219142313;W03-C-Antwerpen-West-FH07;19084;FTTH-Cu;;';';;;;;;;11378428;'20190909104209;1972005;'1630000;'17252;Kronenburgstraat;'33;';2000;Antwerpen;;'151906,268;'211376,463;';Y;NA;4;12;Unknown;Unknown;;None;;;';;';;Y;;;;'15/01/2019 12:41:18;7;11086111;;LU;1;';';';';';;;;;;;;';;';;Y;;;;'15/01/2019 12:41:18
;;;Zoning;6807323;'20200219142313;W03-C-Antwerpen-West-FH07;6807323;'20200219142313;W03-C-Antwerpen-West-FH07;19084;FTTH-Cu;;';';;;;;;;11378428;'20190909104209;1972005;'1630000;'17252;Kronenburgstraat;'33;';2000;Antwerpen;;'151906,268;'211376,463;';Y;NA;4;12;Unknown;Unknown;;None;;;';;';;Y;;;;'15/01/2019 12:41:18;8;11086112;;SU;1;';';';';';;;;;;;;';;';;Y;;;;'15/01/2019 12:41:18
;;;Zoning;6807323;'20200219142313;W03-C-Antwerpen-West-FH07;6807323;'20200219142313;W03-C-Antwerpen-West-FH07;19084;FTTH-Cu;;';';;;;;;;654594;'20191021152247;1972015;'1630000;'17252;Kronenburgstraat;'34;';2000;Antwerpen;;'151891,449;'211349,251;';N;MON;2;0;Unknown;Unknown;;None;;;';IFH_BATCH;'12/07/2019 07:31:42;;Y;;;;'12/07/2019 07:28:35;1;1756161;;LU;1;';';';';';Y;#A.GV.1.2/4/;APPART;DEEL_APP_GEBOUW - PARTIE_IMMEUBLE_APP;APPART;;;';;';;Y;;;;'12/07/2019 07:28:35
;;;Zoning;6807323;'20200219142313;W03-C-Antwerpen-West-FH07;6807323;'20200219142313;W03-C-Antwerpen-West-FH07;19084;FTTH-Cu;;';';;;;;;;654594;'20191021152247;1972015;'1630000;'17252;Kronenburgstraat;'34;';2000;Antwerpen;;'151891,449;'211349,251;';N;MON;2;0;Unknown;Unknown;;None;;;';IFH_BATCH;'12/07/2019 07:31:42;;Y;;;;'12/07/2019 07:28:35;2;1756164;;LU;1;';';';';';Y;#A.GV.1/3/;APPART;DEEL_APP_GEBOUW - PARTIE_IMMEUBLE_APP;APPART;;;';;';;Y;;;;'12/07/2019 07:28:35
;;;Zoning;6807323;'20200219142313;W03-C-Antwerpen-West-FH07;6807323;'20200219142313;W03-C-Antwerpen-West-FH07;19084;FTTH-Cu;;';';;;;;;;654594;'20191021152247;1972015;'1630000;'17252;Kronenburgstraat;'34;';2000;Antwerpen;;'151891,449;'211349,251;';N;MON;2;0;Unknown;Unknown;;None;;;';IFH_BATCH;'12/07/2019 07:31:42;;Y;;;;'12/07/2019 07:28:35;3;1756165;;LU;1;';';';';';Y;#A.GV.1/6/;APPART;DEEL_APP_GEBOUW - PARTIE_IMMEUBLE_APP;APPART;;;';;';;Y;;;;'12/07/2019 07:28:35
;;;Zoning;6807323;'20200219142313;W03-C-Antwerpen-West-FH07;6807323;'20200219142313;W03-C-Antwerpen-West-FH07;19084;FTTH-Cu;;';';;;;;;;654594;'20191021152247;1972015;'1630000;'17252;Kronenburgstraat;'34;';2000;Antwerpen;;'151891,449;'211349,251;';N;MON;2;0;Unknown;Unknown;;None;;;';IFH_BATCH;'12/07/2019 07:31:42;;Y;;;;'12/07/2019 07:28:35;4;1756265;;LU;1;';';';';';Y;#A1.2/5/;APPART;DEEL_APP_GEBOUW - PARTIE_IMMEUBLE_APP;APPART;;;';;';;Y;;;;'12/07/2019 07:28:35
;;;Zoning;6807323;'20200219142313;W03-C-Antwerpen-West-FH07;6807323;'20200219142313;W03-C-Antwerpen-West-FH07;19084;FTTH-Cu;;';';;;;;;;654594;'20191021152247;1972015;'1630000;'17252;Kronenburgstraat;'34;';2000;Antwerpen;;'151891,449;'211349,251;';N;MON;2;0;Unknown;Unknown;;None;;;';IFH_BATCH;'12/07/2019 07:31:42;;Y;;;;'12/07/2019 07:28:35;5;1756290;;LU;1;';';';';';Y;#A1/7/;APPART;DEEL_APP_GEBOUW - PARTIE_IMMEUBLE_APP;APPART;;;';;';;Y;;;;'12/07/2019 07:28:35
;;;Zoning;6807323;'20200219142313;W03-C-Antwerpen-West-FH07;6807323;'20200219142313;W03-C-Antwerpen-West-FH07;19084;FTTH-Cu;;';';;;;;;;654594;'20191021152247;1972015;'1630000;'17252;Kronenburgstraat;'34;';2000;Antwerpen;;'151891,449;'211349,251;';N;MON;2;0;Unknown;Unknown;;None;;;';IFH_BATCH;'12/07/2019 07:31:42;;Y;;;;'12/07/2019 07:28:35;6;1756452;;LU;1;';';';';';Y;#A2/8/;APPART;DEEL_APP_GEBOUW - PARTIE_IMMEUBLE_APP;APPART;;;';;';;Y;;;;'12/07/2019 07:28:35
;;;Zoning;6807323;'20200219142313;W03-C-Antwerpen-West-FH07;6807323;'20200219142313;W03-C-Antwerpen-West-FH07;19084;FTTH-Cu;;';';;;;;;;654594;'20191021152247;1972015;'1630000;'17252;Kronenburgstraat;'34;';2000;Antwerpen;;'151891,449;'211349,251;';N;MON;2;0;Unknown;Unknown;;None;;;';IFH_BATCH;'12/07/2019 07:31:42;;Y;;;;'12/07/2019 07:28:35;7;11086696;;BU;1;';';';';';;;;;;;;';;';;Y;;;;'12/07/2019 07:28:35
;;;Zoning;6807323;'20200219142313;W03-C-Antwerpen-West-FH07;6807323;'20200219142313;W03-C-Antwerpen-West-FH07;19084;FTTH-Cu;;';';;;;;;;654594;'20191021152247;1972015;'1630000;'17252;Kronenburgstraat;'34;';2000;Antwerpen;;'151891,449;'211349,251;';N;MON;2;0;Unknown;Unknown;;None;;;';IFH_BATCH;'12/07/2019 07:31:42;;Y;;;;'12/07/2019 07:28:35;8;11086697;;BU;1;';';';';';;;;;;;;';;';;Y;;;;'12/07/2019 07:28:35
;;;Zoning;6807323;'20200219142313;W03-C-Antwerpen-West-FH07;6807323;'20200219142313;W03-C-Antwerpen-West-FH07;19084;FTTH-Cu;;';';;;;;;;654594;'20191021152247;1972015;'1630000;'17252;Kronenburgstraat;'34;';2000;Antwerpen;;'151891,449;'211349,251;';N;MON;2;0;Unknown;Unknown;;None;;;';IFH_BATCH;'12/07/2019 07:31:42;;Y;;;;'12/07/2019 07:28:35;9;11086698;;BU;1;';';';';';;;;;;;;';;';;Y;;;;'12/07/2019 07:28:35
;;;Zoning;6807323;'20200219142313;W03-C-Antwerpen-West-FH07;6807323;'20200219142313;W03-C-Antwerpen-West-FH07;19084;FTTH-Cu;;';';;;;;;;654594;'20191021152247;1972015;'1630000;'17252;Kronenburgstraat;'34;';2000;Antwerpen;;'151891,449;'211349,251;';N;MON;2;0;Unknown;Unknown;;None;;;';IFH_BATCH;'12/07/2019 07:31:42;;Y;;;;'12/07/2019 07:28:35;10;11086699;;LU;1;';';';';';;;;;;;;';;';;Y;;;;'12/07/2019 07:28:35
;;;Zoning;6807323;'20200219142313;W03-C-Antwerpen-West-FH07;6807323;'20200219142313;W03-C-Antwerpen-West-FH07;19084;FTTH-Cu;;';';;;;;;;654594;'20191021152247;1972015;'1630000;'17252;Kronenburgstraat;'34;';2000;Antwerpen;;'151891,449;'211349,251;';N;MON;2;0;Unknown;Unknown;;None;;;';IFH_BATCH;'12/07/2019 07:31:42;;Y;;;;'12/07/2019 07:28:35;11;11086700;;LU;1;';';';';';;;;;;;;';;';;Y;;;;'12/07/2019 07:28:35
;;;Zoning;6807323;'20200219142313;W03-C-Antwerpen-West-FH07;6807323;'20200219142313;W03-C-Antwerpen-West-FH07;19084;FTTH-Cu;;';';;;;;;;654595;'20190131101139;1972022;'1630000;'17252;Kronenburgstraat;'35;';2000;Antwerpen;;'151912,686;'211375,576;';Y;NA;5;15;Unknown;Unknown;;None;;;';;';;Y;;;;'15/01/2019 12:41:18;1;1759398;;LU;1;';';';';';Y;#A1;APPART;DEEL_APP_GEBOUW - PARTIE_IMMEUBLE_APP;APPART;;;';;';;Y;;;;'15/01/2019 12:41:18
;;;Zoning;6807323;'20200219142313;W03-C-Antwerpen-West-FH07;6807323;'20200219142313;W03-C-Antwerpen-West-FH07;19084;FTTH-Cu;;';';;;;;;;654595;'20190131101139;1972022;'1630000;'17252;Kronenburgstraat;'35;';2000;Antwerpen;;'151912,686;'211375,576;';Y;NA;5;15;Unknown;Unknown;;None;;;';;';;Y;;;;'15/01/2019 12:41:18;2;1759540;;LU;1;';';';';';Y;#A2;APPART;DEEL_APP_GEBOUW - PARTIE_IMMEUBLE_APP;APPART;;;';;';;Y;;;;'15/01/2019 12:41:18
;;;Zoning;6807323;'20200219142313;W03-C-Antwerpen-West-FH07;6807323;'20200219142313;W03-C-Antwerpen-West-FH07;19084;FTTH-Cu;;';';;;;;;;654595;'20190131101139;1972022;'1630000;'17252;Kronenburgstraat;'35;';2000;Antwerpen;;'151912,686;'211375,576;';Y;NA;5;15;Unknown;Unknown;;None;;;';;';;Y;;;;'15/01/2019 12:41:18;3;1759660;;LU;1;';';';';';Y;#A3;APPART;DEEL_APP_GEBOUW - PARTIE_IMMEUBLE_APP;APPART;;;';;';;Y;;;;'15/01/2019 12:41:18
;;;Zoning;6807323;'20200219142313;W03-C-Antwerpen-West-FH07;6807323;'20200219142313;W03-C-Antwerpen-West-FH07;19084;FTTH-Cu;;';';;;;;;;654595;'20190131101139;1972022;'1630000;'17252;Kronenburgstraat;'35;';2000;Antwerpen;;'151912,686;'211375,576;';Y;NA;5;15;Unknown;Unknown;;None;;;';;';;Y;;;;'15/01/2019 12:41:18;4;1759742;;LU;1;';';';';';Y;#A4;APPART;DEEL_APP_GEBOUW - PARTIE_IMMEUBLE_APP;APPART;;;';;';;Y;;;;'15/01/2019 12:41:18
;;;Zoning;6807323;'20200219142313;W03-C-Antwerpen-West-FH07;6807323;'20200219142313;W03-C-Antwerpen-West-FH07;19084;FTTH-Cu;;';';;;;;;;654595;'20190131101139;1972022;'1630000;'17252;Kronenburgstraat;'35;';2000;Antwerpen;;'151912,686;'211375,576;';Y;NA;5;15;Unknown;Unknown;;None;;;';;';;Y;;;;'15/01/2019 12:41:18;5;1759859;;BU;1;';';';';';Y;#HA.GV;APPART;DEEL_APP_GEBOUW - PARTIE_IMMEUBLE_APP;COMM;;;';;';;Y;;;;'15/01/2019 12:41:18
;;;Zoning;6807323;'20200219142313;W03-C-Antwerpen-West-FH07;6807323;'20200219142313;W03-C-Antwerpen-West-FH07;19084;FTTH-Cu;;';';;;;;;;654596;'20190131101150;1972031;'1630000;'17252;Kronenburgstraat;'37;';2000;Antwerpen;;'151919,578;'211372,909;';Y;NA;3;9;Unknown;Unknown;;None;;;';;';;Y;;;;'15/01/2019 12:41:18;1;1766343;;LU;1;';';';';';Y;;HOUSE;WONING - MAISON;NA;;;';;';;Y;;;;'15/01/2019 12:41:18
;;;Zoning;6807323;'20200219142313;W03-C-Antwerpen-West-FH07;6807323;'20200219142313;W03-C-Antwerpen-West-FH07;19084;FTTH-Cu;;';';;;;;;;654597;'20191021152300;1972032;'1630000;'17252;Kronenburgstraat;'38;';2000;Antwerpen;;'151925,098;'211342,718;';Y;NA;4;12;Unknown;Unknown;;None;;;';;';;Y;;;;'15/01/2019 12:41:18;1;1769240;;LU;1;';';';';';Y;;HOUSE;WONING - MAISON;NA;;;';;';;Y;;;;'15/01/2019 12:41:18
;;;Zoning;6807323;'20200219142313;W03-C-Antwerpen-West-FH07;6807323;'20200219142313;W03-C-Antwerpen-West-FH07;19084;FTTH-Cu;;';';;;;;;;654597;'20191021152300;1972032;'1630000;'17252;Kronenburgstraat;'38;';2000;Antwerpen;;'151925,098;'211342,718;';Y;NA;4;12;Unknown;Unknown;;None;;;';;';;Y;;;;'15/01/2019 12:41:18;2;11086701;;LU;1;';';';';';;;;;;;;';;';;Y;;;;'15/01/2019 12:41:18
;;;Zoning;6807323;'20200219142313;W03-C-Antwerpen-West-FH07;6807323;'20200219142313;W03-C-Antwerpen-West-FH07;19084;FTTH-Cu;;';';;;;;;;654597;'20191021152300;1972032;'1630000;'17252;Kronenburgstraat;'38;';2000;Antwerpen;;'151925,098;'211342,718;';Y;NA;4;12;Unknown;Unknown;;None;;;';;';;Y;;;;'15/01/2019 12:41:18;3;11086702;;LU;1;';';';';';;;;;;;;';;';;Y;;;;'15/01/2019 12:41:18
;;;Zoning;6807323;'20200219142313;W03-C-Antwerpen-West-FH07;6807323;'20200219142313;W03-C-Antwerpen-West-FH07;19084;FTTH-Cu;;';';;;;;;;654597;'20191021152300;1972032;'1630000;'17252;Kronenburgstraat;'38;';2000;Antwerpen;;'151925,098;'211342,718;';Y;NA;4;12;Unknown;Unknown;;None;;;';;';;Y;;;;'15/01/2019 12:41:18;4;11086703;;LU;1;';';';';';;;;;;;;';;';;Y;;;;'15/01/2019 12:41:18
;;;Zoning;6807323;'20200219142313;W03-C-Antwerpen-West-FH07;6807323;'20200219142313;W03-C-Antwerpen-West-FH07;19084;FTTH-Cu;;';';;;;;;;654597;'20191021152300;1972032;'1630000;'17252;Kronenburgstraat;'38;';2000;Antwerpen;;'151925,098;'211342,718;';Y;NA;4;12;Unknown;Unknown;;None;;;';;';;Y;;;;'15/01/2019 12:41:18;5;11086704;;LU;1;';';';';';;;;;;;;';;';;Y;;;;'15/01/2019 12:41:18
;;;Zoning;6807323;'20200219142313;W03-C-Antwerpen-West-FH07;6807323;'20200219142313;W03-C-Antwerpen-West-FH07;19084;FTTH-Cu;;';';;;;;;;654597;'20191021152300;1972032;'1630000;'17252;Kronenburgstraat;'38;';2000;Antwerpen;;'151925,098;'211342,718;';Y;NA;4;12;Unknown;Unknown;;None;;;';;';;Y;;;;'15/01/2019 12:41:18;6;11086705;;LU;1;';';';';';;;;;;;;';;';;Y;;;;'15/01/2019 12:41:18
;;;Zoning;6807323;'20200219142313;W03-C-Antwerpen-West-FH07;6807323;'20200219142313;W03-C-Antwerpen-West-FH07;19084;FTTH-Cu;;';';;;;;;;654597;'20191021152300;1972032;'1630000;'17252;Kronenburgstraat;'38;';2000;Antwerpen;;'151925,098;'211342,718;';Y;NA;4;12;Unknown;Unknown;;None;;;';;';;Y;;;;'15/01/2019 12:41:18;7;11086706;;LU;1;';';';';';;;;;;;;';;';;Y;;;;'15/01/2019 12:41:18
;;;Zoning;6807323;'20200219142313;W03-C-Antwerpen-West-FH07;6807323;'20200219142313;W03-C-Antwerpen-West-FH07;19084;FTTH-Cu;;';';;;;;;;654597;'20191021152300;1972032;'1630000;'17252;Kronenburgstraat;'38;';2000;Antwerpen;;'151925,098;'211342,718;';Y;NA;4;12;Unknown;Unknown;;None;;;';;';;Y;;;;'15/01/2019 12:41:18;8;11086707;;LU;1;';';';';';;;;;;;;';;';;Y;;;;'15/01/2019 12:41:18
;;;Zoning;6807323;'20200219142313;W03-C-Antwerpen-West-FH07;6807323;'20200219142313;W03-C-Antwerpen-West-FH07;19084;FTTH-Cu;;';';;;;;;;654597;'20191021152300;1972032;'1630000;'17252;Kronenburgstraat;'38;';2000;Antwerpen;;'151925,098;'211342,718;';Y;NA;4;12;Unknown;Unknown;;None;;;';;';;Y;;;;'15/01/2019 12:41:18;9;11086708;;LU;1;';';';';';;;;;;;;';;';;Y;;;;'15/01/2019 12:41:18
;;;Zoning;6807323;'20200219142313;W03-C-Antwerpen-West-FH07;6807323;'20200219142313;W03-C-Antwerpen-West-FH07;19084;FTTH-Cu;;';';;;;;;;654597;'20191021152300;1972032;'1630000;'17252;Kronenburgstraat;'38;';2000;Antwerpen;;'151925,098;'211342,718;';Y;NA;4;12;Unknown;Unknown;;None;;;';;';;Y;;;;'15/01/2019 12:41:18;10;11086709;;LU;1;';';';';';;;;;;;;';;';;Y;;;;'15/01/2019 12:41:18
;;;Zoning;6807323;'20200219142313;W03-C-Antwerpen-West-FH07;6807323;'20200219142313;W03-C-Antwerpen-West-FH07;19084;FTTH-Cu;;';';;;;;;;654597;'20191021152300;1972032;'1630000;'17252;Kronenburgstraat;'38;';2000;Antwerpen;;'151925,098;'211342,718;';Y;NA;4;12;Unknown;Unknown;;None;;;';;';;Y;;;;'15/01/2019 12:41:18;11;11086710;;LU;1;';';';';';;;;;;;;';;';;Y;;;;'15/01/2019 12:41:18
;;;Zoning;6807323;'20200219142313;W03-C-Antwerpen-West-FH07;6807323;'20200219142313;W03-C-Antwerpen-West-FH07;19084;FTTH-Cu;;';';;;;;;;654597;'20191021152300;1972032;'1630000;'17252;Kronenburgstraat;'38;';2000;Antwerpen;;'151925,098;'211342,718;';Y;NA;4;12;Unknown;Unknown;;None;;;';;';;Y;;;;'15/01/2019 12:41:18;12;11086711;;LU;1;';';';';';;;;;;;;';;';;Y;;;;'15/01/2019 12:41:18
;;;Zoning;6807323;'20200219142313;W03-C-Antwerpen-West-FH07;6807323;'20200219142313;W03-C-Antwerpen-West-FH07;19084;FTTH-Cu;;';';;;;;;;654597;'20191021152300;1972032;'1630000;'17252;Kronenburgstraat;'38;';2000;Antwerpen;;'151925,098;'211342,718;';Y;NA;4;12;Unknown;Unknown;;None;;;';;';;Y;;;;'15/01/2019 12:41:18;13;11086712;;LU;1;';';';';';;;;;;;;';;';;Y;;;;'15/01/2019 12:41:18
;;;Zoning;6807323;'20200219142313;W03-C-Antwerpen-West-FH07;6807323;'20200219142313;W03-C-Antwerpen-West-FH07;19084;FTTH-Cu;;';';;;;;;;654597;'20191021152300;1972032;'1630000;'17252;Kronenburgstraat;'38;';2000;Antwerpen;;'151925,098;'211342,718;';Y;NA;4;12;Unknown;Unknown;;None;;;';;';;Y;;;;'15/01/2019 12:41:18;14;11086713;;LU;1;';';';';';;;;;;;;';;';;Y;;;;'15/01/2019 12:41:18
;;;Zoning;6807323;'20200219142313;W03-C-Antwerpen-West-FH07;6807323;'20200219142313;W03-C-Antwerpen-West-FH07;19084;FTTH-Cu;;';';;;;;;;654597;'20191021152300;1972032;'1630000;'17252;Kronenburgstraat;'38;';2000;Antwerpen;;'151925,098;'211342,718;';Y;NA;4;12;Unknown;Unknown;;None;;;';;';;Y;;;;'15/01/2019 12:41:18;15;11086714;;LU;1;';';';';';;;;;;;;';;';;Y;;;;'15/01/2019 12:41:18
;;;Zoning;6807323;'20200219142313;W03-C-Antwerpen-West-FH07;6807323;'20200219142313;W03-C-Antwerpen-West-FH07;19084;FTTH-Cu;;';';;;;;;;654597;'20191021152300;1972032;'1630000;'17252;Kronenburgstraat;'38;';2000;Antwerpen;;'151925,098;'211342,718;';Y;NA;4;12;Unknown;Unknown;;None;;;';;';;Y;;;;'15/01/2019 12:41:18;16;11086715;;LU;1;';';';';';;;;;;;;';;';;Y;;;;'15/01/2019 12:41:18
;;;Zoning;6807323;'20200219142313;W03-C-Antwerpen-West-FH07;6807323;'20200219142313;W03-C-Antwerpen-West-FH07;19084;FTTH-Cu;;';';;;;;;;654597;'20191021152300;1972032;'1630000;'17252;Kronenburgstraat;'38;';2000;Antwerpen;;'151925,098;'211342,718;';Y;NA;4;12;Unknown;Unknown;;None;;;';;';;Y;;;;'15/01/2019 12:41:18;17;11086716;;LU;1;';';';';';;;;;;;;';;';;Y;;;;'15/01/2019 12:41:18
;;;Zoning;6807323;'20200219142313;W03-C-Antwerpen-West-FH07;6807323;'20200219142313;W03-C-Antwerpen-West-FH07;19084;FTTH-Cu;;';';;;;;;;654597;'20191021152300;1972032;'1630000;'17252;Kronenburgstraat;'38;';2000;Antwerpen;;'151925,098;'211342,718;';Y;NA;4;12;Unknown;Unknown;;None;;;';;';;Y;;;;'15/01/2019 12:41:18;18;11086717;;LU;1;';';';';';;;;;;;;';;';;Y;;;;'15/01/2019 12:41:18
;;;Zoning;6807323;'20200219142313;W03-C-Antwerpen-West-FH07;6807323;'20200219142313;W03-C-Antwerpen-West-FH07;19084;FTTH-Cu;;';';;;;;;;654597;'20191021152300;1972032;'1630000;'17252;Kronenburgstraat;'38;';2000;Antwerpen;;'151925,098;'211342,718;';Y;NA;4;12;Unknown;Unknown;;None;;;';;';;Y;;;;'15/01/2019 12:41:18;19;11086718;;LU;1;';';';';';;;;;;;;';;';;Y;;;;'15/01/2019 12:41:18
;;;Zoning;6807323;'20200219142313;W03-C-Antwerpen-West-FH07;6807323;'20200219142313;W03-C-Antwerpen-West-FH07;19084;FTTH-Cu;;';';;;;;;;654597;'20191021152300;1972032;'1630000;'17252;Kronenburgstraat;'38;';2000;Antwerpen;;'151925,098;'211342,718;';Y;NA;4;12;Unknown;Unknown;;None;;;';;';;Y;;;;'15/01/2019 12:41:18;20;11086719;;LU;1;';';';';';;;;;;;;';;';;Y;;;;'15/01/2019 12:41:18
;;;Zoning;6807323;'20200219142313;W03-C-Antwerpen-West-FH07;6807323;'20200219142313;W03-C-Antwerpen-West-FH07;19084;FTTH-Cu;;';';;;;;;;726092;'20190131101200;973298;'1630000;'17252;Kronenburgstraat;'39;';2000;Antwerpen;;'151924,039;'211371,85;';Y;NA;3;9;Unknown;Unknown;;None;;;';;';;Y;;;;'15/01/2019 12:41:18;1;1771421;;LU;1;';';';';';Y;;HOUSE;WONING - MAISON;NA;;;';;';;Y;;;;'15/01/2019 12:41:18
;;;Zoning;6807323;'20200219142313;W03-C-Antwerpen-West-FH07;6807323;'20200219142313;W03-C-Antwerpen-West-FH07;19084;FTTH-Cu;;';';;;;;;;726184;'20191021152300;976231;'1630000;'17252;Kronenburgstraat;'40;';2000;Antwerpen;;'151933,039;'211341,054;';Y;NA;4;12;Unknown;Unknown;;None;;;';;';;Y;;;;'15/01/2019 12:41:18;1;1776981;;LU;1;';';';';';Y;#A1.2/D/;APPART;DEEL_APP_GEBOUW - PARTIE_IMMEUBLE_APP;APPART;;;';;';;Y;;;;'15/01/2019 12:41:18
;;;Zoning;6807323;'20200219142313;W03-C-Antwerpen-West-FH07;6807323;'20200219142313;W03-C-Antwerpen-West-FH07;19084;FTTH-Cu;;';';;;;;;;726184;'20191021152300;976231;'1630000;'17252;Kronenburgstraat;'40;';2000;Antwerpen;;'151933,039;'211341,054;';Y;NA;4;12;Unknown;Unknown;;None;;;';;';;Y;;;;'15/01/2019 12:41:18;2;1777018;;LU;1;';';';';';Y;#A1/A1/;APPART;DEEL_APP_GEBOUW - PARTIE_IMMEUBLE_APP;APPART;;;';;';;Y;;;;'15/01/2019 12:41:18
;;;Zoning;6807323;'20200219142313;W03-C-Antwerpen-West-FH07;6807323;'20200219142313;W03-C-Antwerpen-West-FH07;19084;FTTH-Cu;;';';;;;;;;726184;'20191021152300;976231;'1630000;'17252;Kronenburgstraat;'40;';2000;Antwerpen;;'151933,039;'211341,054;';Y;NA;4;12;Unknown;Unknown;;None;;;';;';;Y;;;;'15/01/2019 12:41:18;3;1777149;;LU;1;';';';';';Y;#A2/A2/;APPART;DEEL_APP_GEBOUW - PARTIE_IMMEUBLE_APP;APPART;;;';;';;Y;;;;'15/01/2019 12:41:18
;;;Zoning;6807323;'20200219142313;W03-C-Antwerpen-West-FH07;6807323;'20200219142313;W03-C-Antwerpen-West-FH07;19084;FTTH-Cu;;';';;;;;;;726184;'20191021152300;976231;'1630000;'17252;Kronenburgstraat;'40;';2000;Antwerpen;;'151933,039;'211341,054;';Y;NA;4;12;Unknown;Unknown;;None;;;';;';;Y;;;;'15/01/2019 12:41:18;4;1777265;;LU;1;';';';';';Y;#A3/A3/;APPART;DEEL_APP_GEBOUW - PARTIE_IMMEUBLE_APP;APPART;;;';;';;Y;;;;'15/01/2019 12:41:18
;;;Zoning;6807323;'20200219142313;W03-C-Antwerpen-West-FH07;6807323;'20200219142313;W03-C-Antwerpen-West-FH07;19084;FTTH-Cu;;';';;;;;;;726184;'20191021152300;976231;'1630000;'17252;Kronenburgstraat;'40;';2000;Antwerpen;;'151933,039;'211341,054;';Y;NA;4;12;Unknown;Unknown;;None;;;';;';;Y;;;;'15/01/2019 12:41:18;5;1777327;;LU;1;';';';';';Y;#A4/A4/;APPART;DEEL_APP_GEBOUW - PARTIE_IMMEUBLE_APP;APPART;;;';;';;Y;;;;'15/01/2019 12:41:18
;;;Zoning;6807323;'20200219142313;W03-C-Antwerpen-West-FH07;6807323;'20200219142313;W03-C-Antwerpen-West-FH07;19084;FTTH-Cu;;';';;;;;;;726184;'20191021152300;976231;'1630000;'17252;Kronenburgstraat;'40;';2000;Antwerpen;;'151933,039;'211341,054;';Y;NA;4;12;Unknown;Unknown;;None;;;';;';;Y;;;;'15/01/2019 12:41:18;6;1777488;;BU;1;';';';';';Y;#HA.GV/GLV/;APPART;DEEL_APP_GEBOUW - PARTIE_IMMEUBLE_APP;COMM;;;';;';;Y;;;;'15/01/2019 12:41:18
;;;Zoning;6807323;'20200219142313;W03-C-Antwerpen-West-FH07;6807323;'20200219142313;W03-C-Antwerpen-West-FH07;19084;FTTH-Cu;;';';;;;;;;720555;'20190712080939;718814;'1630000;'25980;Lange Riddersstraat;'1;';2000;Antwerpen;;'151997,549;'211881,951;';N;ORN;4;0;Unknown;Unknown;;None;;;';IFH_BATCH;'12/07/2019 07:36:35;;Y;;;;'12/07/2019 07:28:35;1;1615182;;LU;1;';';';';';Y;;HOUSE;WONING - MAISON;NA;;;';;';;Y;;;;'12/07/2019 07:28:35
;;;Zoning;6807323;'20200219142313;W03-C-Antwerpen-West-FH07;6807323;'20200219142313;W03-C-Antwerpen-West-FH07;19084;FTTH-Cu;;';';;;;;;;720563;'20190115201314;718917;'1630000;'25980;Lange Riddersstraat;'2;';2000;Antwerpen;;'151979,494;'211883,329;';Y;NA;4;12;Unknown;Unknown;;None;;;';;';;Y;;;;'15/01/2019 12:41:18;1;1693712;;BU;1;';';';';';Y;;OFFICE;KANTOORGEBOUW - BATIMENT DE BUREAU;NA;;;';;';;Y;;;;'15/01/2019 12:41:18
;;;Zoning;6807323;'20200219142313;W03-C-Antwerpen-West-FH07;6807323;'20200219142313;W03-C-Antwerpen-West-FH07;19084;FTTH-Cu;;';';;;;;;;671182;'20190712080930;2047296;'1630000;'25980;Lange Riddersstraat;'3;';2000;Antwerpen;;'151993,472;'211876,833;';N;ORN;3;0;Unknown;Unknown;;None;;;';IFH_BATCH;'12/07/2019 07:36:38;;Y;;;;'12/07/2019 07:28:35;1;1741714;;LU;1;';';';';';Y;;HOUSE;WONING - MAISON;NA;;;';;';;Y;;;;'12/07/2019 07:28:35
;;;Zoning;6807323;'20200219142313;W03-C-Antwerpen-West-FH07;6807323;'20200219142313;W03-C-Antwerpen-West-FH07;19084;FTTH-Cu;;';';;;;;;;671183;'20191018092033;2047297;'1630000;'25980;Lange Riddersstraat;'4;';2000;Antwerpen;;'151974,387;'211880,355;';N;IRREG;4;12;Unknown;Unknown;;None;;;';;';;Y;;;;'15/01/2019 12:41:18;1;1772348;;LU;1;';';';';';Y;#A.GV.1/A/;APPART;DEEL_APP_GEBOUW - PARTIE_IMMEUBLE_APP;APPART;;;';;';;Y;;;;'15/01/2019 12:41:18
;;;Zoning;6807323;'20200219142313;W03-C-Antwerpen-West-FH07;6807323;'20200219142313;W03-C-Antwerpen-West-FH07;19084;FTTH-Cu;;';';;;;;;;671183;'20191018092033;2047297;'1630000;'25980;Lange Riddersstraat;'4;';2000;Antwerpen;;'151974,387;'211880,355;';N;IRREG;4;12;Unknown;Unknown;;None;;;';;';;Y;;;;'15/01/2019 12:41:18;2;1772999;;LU;1;';';';';';Y;#A2/B/;APPART;DEEL_APP_GEBOUW - PARTIE_IMMEUBLE_APP;APPART;;;';;';;Y;;;;'15/01/2019 12:41:18
;;;Zoning;6807323;'20200219142313;W03-C-Antwerpen-West-FH07;6807323;'20200219142313;W03-C-Antwerpen-West-FH07;19084;FTTH-Cu;;';';;;;;;;671183;'20191018092033;2047297;'1630000;'25980;Lange Riddersstraat;'4;';2000;Antwerpen;;'151974,387;'211880,355;';N;IRREG;4;12;Unknown;Unknown;;None;;;';;';;Y;;;;'15/01/2019 12:41:18;3;1773274;;LU;1;';';';';';Y;#A3/C/;APPART;DEEL_APP_GEBOUW - PARTIE_IMMEUBLE_APP;APPART;;;';;';;Y;;;;'15/01/2019 12:41:18
;;;Zoning;6807323;'20200219142313;W03-C-Antwerpen-West-FH07;6807323;'20200219142313;W03-C-Antwerpen-West-FH07;19084;FTTH-Cu;;';';;;;;;;671183;'20191018092033;2047297;'1630000;'25980;Lange Riddersstraat;'4;';2000;Antwerpen;;'151974,387;'211880,355;';N;IRREG;4;12;Unknown;Unknown;;None;;;';;';;Y;;;;'15/01/2019 12:41:18;4;1773385;;LU;1;';';';';';Y;#A4.5/D/;APPART;DEEL_APP_GEBOUW - PARTIE_IMMEUBLE_APP;APPART;;;';;';;Y;;;;'15/01/2019 12:41:18
;;;Zoning;6807323;'20200219142313;W03-C-Antwerpen-West-FH07;6807323;'20200219142313;W03-C-Antwerpen-West-FH07;19084;FTTH-Cu;;';';;;;;;;711380;'20191018153011;5414458;'1630000;'25980;Lange Riddersstraat;'5;';2000;Antwerpen;;'151987,668;'211870,653;';N;ORN;4;0;Unknown;Unknown;;None;;;';IFH_BATCH;'12/07/2019 07:36:40;;Y;;;;'12/07/2019 07:28:35;1;1802928;;LU;1;';';';';';Y;;HOUSE;WONING - MAISON;NA;;;';;';;Y;;;;'12/07/2019 07:28:35
;;;Zoning;6807323;'20200219142313;W03-C-Antwerpen-West-FH07;6807323;'20200219142313;W03-C-Antwerpen-West-FH07;19084;FTTH-Cu;;';';;;;;;;706095;'20200113141729;4505189;'1630000;'25980;Lange Riddersstraat;'6;';2000;Antwerpen;;'151973,795;'211875,129;';Y;NA;3;9;Unknown;Unknown;;None;;;';;';;Y;;;;'15/01/2019 12:41:18;1;1824241;;LU;1;';';';';';Y;;APTBLD;APPARTEMENTSGEBOUW - IMMEUBLE A APPARTEMENTS;NA;;;';;';;Y;;;;'15/01/2019 12:41:18
;;;Zoning;6807323;'20200219142313;W03-C-Antwerpen-West-FH07;6807323;'20200219142313;W03-C-Antwerpen-West-FH07;19084;FTTH-Cu;;';';;;;;;;706095;'20200113141729;4505189;'1630000;'25980;Lange Riddersstraat;'6;';2000;Antwerpen;;'151973,795;'211875,129;';Y;NA;3;9;Unknown;Unknown;;None;;;';;';;Y;;;;'15/01/2019 12:41:18;2;1824242;;LU;1;';';';';';Y;;APTBLD;APPARTEMENTSGEBOUW - IMMEUBLE A APPARTEMENTS;NA;;;';;';;Y;;;;'15/01/2019 12:41:18
;;;Zoning;6807323;'20200219142313;W03-C-Antwerpen-West-FH07;6807323;'20200219142313;W03-C-Antwerpen-West-FH07;19084;FTTH-Cu;;';';;;;;;;671184;'20191018153011;2047298;'1630000;'25980;Lange Riddersstraat;'7;';2000;Antwerpen;;'151984,595;'211866,609;';N;ORN;4;0;Unknown;Unknown;;None;;;';IFH_BATCH;'12/07/2019 07:36:42;;Y;;;;'12/07/2019 07:28:35;1;1841809;;LU;1;';';';';';Y;;HOUSE;WONING - MAISON;NA;;;';;';;Y;;;;'12/07/2019 07:28:35
;;;Zoning;6807323;'20200219142313;W03-C-Antwerpen-West-FH07;6807323;'20200219142313;W03-C-Antwerpen-West-FH07;19084;FTTH-Cu;;';';;;;;;;20912142;'20200110131140;2047299;'1630000;'25980;Lange Riddersstraat;'8;';2000;Antwerpen;;'151972,416;'211872,33;';Y;NA;;;Unknown;Fiber;;None;;;';;';;Y;;;;';1;11188756;;LU;1;';';';';';N;;;;;;;';;';;Y;;;;'
;;;Zoning;6807323;'20200219142313;W03-C-Antwerpen-West-FH07;6807323;'20200219142313;W03-C-Antwerpen-West-FH07;19084;FTTH-Cu;;';';;;;;;;11377546;'20191018153000;2047300;'1630000;'25980;Lange Riddersstraat;'9;';2000;Antwerpen;;'151981,224;'211862,908;';N;ORN;4;0;Unknown;Unknown;;None;;;';IFH_BATCH;'12/07/2019 07:37:15;;Y;;;;'12/07/2019 07:28:35;1;11085877;;LU;1;';';';';';;;;;;;;';;';;Y;;;;'12/07/2019 07:28:35
;;;Zoning;6807323;'20200219142313;W03-C-Antwerpen-West-FH07;6807323;'20200219142313;W03-C-Antwerpen-West-FH07;19084;FTTH-Cu;;';';;;;;;;671185;'20191018092016;2047301;'1630000;'25980;Lange Riddersstraat;'10;';2000;Antwerpen;;'151970,331;'211868,314;';Y;NA;4;12;Unknown;Unknown;;None;;;';;';;Y;;;;'15/01/2019 12:41:18;1;1620911;;LU;1;';';';';';Y;;HOUSE;WONING - MAISON;NA;;;';;';;Y;;;;'15/01/2019 12:41:18
;;;Zoning;6807323;'20200219142313;W03-C-Antwerpen-West-FH07;6807323;'20200219142313;W03-C-Antwerpen-West-FH07;19084;FTTH-Cu;11382551;'20191018114442;'13-15-17;;;;;;;11377548;'20191018152949;2047302;'1630000;'25980;Lange Riddersstraat;'11;';2000;Antwerpen;;'151984,382;'211859,171;';N;ORN;4;0;Unknown;Unknown;;None;;;';IFH_BATCH;'12/07/2019 07:43:42;;Y;;;;'12/07/2019 07:28:35;1;11085879;;LU;1;';';';';';;;;;;;;';;';;Y;;;;'12/07/2019 07:28:35
;;;Zoning;6807323;'20200219142313;W03-C-Antwerpen-West-FH07;6807323;'20200219142313;W03-C-Antwerpen-West-FH07;19084;FTTH-Cu;;';';;;;;;;720565;'20191018092004;718922;'1630000;'25980;Lange Riddersstraat;'12;';2000;Antwerpen;;'151964,27;'211864,027;';N;ORN;2;0;Unknown;Unknown;;None;;;';IFH_BATCH;'12/07/2019 07:36:33;;Y;;;;'12/07/2019 07:28:35;1;1640128;;LU;1;';';';';';Y;;HOUSE;WONING - MAISON;NA;;;';;';;Y;;;;'12/07/2019 07:28:35
;;;Zoning;6807323;'20200219142313;W03-C-Antwerpen-West-FH07;6807323;'20200219142313;W03-C-Antwerpen-West-FH07;19084;FTTH-Cu;;';';;;;;;;720565;'20191018092004;718922;'1630000;'25980;Lange Riddersstraat;'12;';2000;Antwerpen;;'151964,27;'211864,027;';N;ORN;2;0;Unknown;Unknown;;None;;;';IFH_BATCH;'12/07/2019 07:36:33;;Y;;;;'12/07/2019 07:28:35;2;11086857;;LU;1;';';';';';;;;;;;;';;';;Y;;;;'12/07/2019 07:28:35
;;;Zoning;6807323;'20200219142313;W03-C-Antwerpen-West-FH07;6807323;'20200219142313;W03-C-Antwerpen-West-FH07;19084;FTTH-Cu;;';';;;;;;;671186;'20191018091955;2047303;'1630000;'25980;Lange Riddersstraat;'16;';2000;Antwerpen;;'151959,942;'211858,288;';Y;NA;3;9;Unknown;Unknown;;None;;;';;';;Y;;;;'15/01/2019 12:41:18;1;1666358;;LU;1;';';';';';Y;#A1/K1;APPART;DEEL_APP_GEBOUW - PARTIE_IMMEUBLE_APP;APPART;;;';;';;Y;;;;'15/01/2019 12:41:18
;;;Zoning;6807323;'20200219142313;W03-C-Antwerpen-West-FH07;6807323;'20200219142313;W03-C-Antwerpen-West-FH07;19084;FTTH-Cu;;';';;;;;;;671186;'20191018091955;2047303;'1630000;'25980;Lange Riddersstraat;'16;';2000;Antwerpen;;'151959,942;'211858,288;';Y;NA;3;9;Unknown;Unknown;;None;;;';;';;Y;;;;'15/01/2019 12:41:18;2;1666558;;LU;1;';';';';';Y;#A2/K2;APPART;DEEL_APP_GEBOUW - PARTIE_IMMEUBLE_APP;APPART;;;';;';;Y;;;;'15/01/2019 12:41:18
;;;Zoning;6807323;'20200219142313;W03-C-Antwerpen-West-FH07;6807323;'20200219142313;W03-C-Antwerpen-West-FH07;19084;FTTH-Cu;11382551;'20191018114442;'13-15-17;;;;;;;11377547;'20191018114423;2047304;'1630000;'25980;Lange Riddersstraat;'17;';2000;Antwerpen;;'151975,783;'211856,086;';N;ORN;4;0;Unknown;Unknown;;None;;;';IFH_BATCH;'12/07/2019 07:43:45;;Y;;;;'12/07/2019 07:28:35;1;11085878;;LU;1;';';';';';;;;;;;;';;';;Y;;;;'12/07/2019 07:28:35
;;;Zoning;6807323;'20200219142313;W03-C-Antwerpen-West-FH07;6807323;'20200219142313;W03-C-Antwerpen-West-FH07;19084;FTTH-Cu;;';';;;;;;;671187;'20191018091945;2047305;'1630000;'25980;Lange Riddersstraat;'18;';2000;Antwerpen;;'151958,205;'211852,627;';Y;NA;3;9;Unknown;Unknown;;None;;;';;';;Y;;;;'15/01/2019 12:41:18;1;1680097;;LU;1;';';';';';Y;;HOUSE;WONING - MAISON;NA;;;';;';;Y;;;;'15/01/2019 12:41:18
;;;Zoning;6807323;'20200219142313;W03-C-Antwerpen-West-FH07;6807323;'20200219142313;W03-C-Antwerpen-West-FH07;19084;FTTH-Cu;;';';;;;;;;671188;'20190712080931;2047306;'1630000;'25980;Lange Riddersstraat;'21;';2000;Antwerpen;;'151972,243;'211844,101;';N;ORN;4;0;Unknown;Unknown;;None;;;';IFH_BATCH;'12/07/2019 07:36:48;;Y;;;;'12/07/2019 07:28:35;1;1703860;;LU;1;';';';';';Y;;HOUSE;WONING - MAISON;NA;;;';;';;Y;;;;'12/07/2019 07:28:35
;;;Zoning;6807323;'20200219142313;W03-C-Antwerpen-West-FH07;6807323;'20200219142313;W03-C-Antwerpen-West-FH07;19084;FTTH-Cu;;';';;;;;;;671189;'20190115201305;2047308;'1630000;'25980;Lange Riddersstraat;'24;';2000;Antwerpen;;'151951,707;'211844,691;';N;ORN;5;15;Unknown;Unknown;;None;;;';;';;Y;;;;'15/01/2019 12:41:18;1;1715160;;LU;1;';';';';';Y;#A.GV/A0/;APPART;DEEL_APP_GEBOUW - PARTIE_IMMEUBLE_APP;APPART;;;';;';;Y;;;;'15/01/2019 12:41:18
;;;Zoning;6807323;'20200219142313;W03-C-Antwerpen-West-FH07;6807323;'20200219142313;W03-C-Antwerpen-West-FH07;19084;FTTH-Cu;;';';;;;;;;671190;'20191021095117;2047310;'1630000;'25980;Lange Riddersstraat;'29;';2000;Antwerpen;;'151961,419;'211822,114;';N;ORN;3;9;Unknown;Unknown;;None;;;';;';;Y;;;;'15/01/2019 12:41:18;1;1736273;;LU;1;';';';';';Y;;HOUSE;WONING - MAISON;NA;;;';;';;Y;;;;'15/01/2019 12:41:18
;;;Zoning;6807323;'20200219142313;W03-C-Antwerpen-West-FH07;6807323;'20200219142313;W03-C-Antwerpen-West-FH07;19084;FTTH-Cu;;';';;;;;;;671191;'20190115201305;2047311;'1630000;'25980;Lange Riddersstraat;'30;';2000;Antwerpen;;'151948,387;'211836,488;';N;ORN;5;15;Unknown;Unknown;;None;;;';;';;Y;;;;'15/01/2019 12:41:18;1;1743001;;LU;1;';';';';';Y;#A1/A1/;APPART;DEEL_APP_GEBOUW - PARTIE_IMMEUBLE_APP;APPART;;;';;';;Y;;;;'15/01/2019 12:41:18
;;;Zoning;6807323;'20200219142313;W03-C-Antwerpen-West-FH07;6807323;'20200219142313;W03-C-Antwerpen-West-FH07;19084;FTTH-Cu;;';';;;;;;;671191;'20190115201305;2047311;'1630000;'25980;Lange Riddersstraat;'30;';2000;Antwerpen;;'151948,387;'211836,488;';N;ORN;5;15;Unknown;Unknown;;None;;;';;';;Y;;;;'15/01/2019 12:41:18;2;1743154;;LU;1;';';';';';Y;#A2/A2/;APPART;DEEL_APP_GEBOUW - PARTIE_IMMEUBLE_APP;APPART;;;';;';;Y;;;;'15/01/2019 12:41:18
;;;Zoning;6807323;'20200219142313;W03-C-Antwerpen-West-FH07;6807323;'20200219142313;W03-C-Antwerpen-West-FH07;19084;FTTH-Cu;;';';;;;;;;671191;'20190115201305;2047311;'1630000;'25980;Lange Riddersstraat;'30;';2000;Antwerpen;;'151948,387;'211836,488;';N;ORN;5;15;Unknown;Unknown;;None;;;';;';;Y;;;;'15/01/2019 12:41:18;3;1743273;;LU;1;';';';';';Y;#A3/A3/;APPART;DEEL_APP_GEBOUW - PARTIE_IMMEUBLE_APP;APPART;;;';;';;Y;;;;'15/01/2019 12:41:18
;;;Zoning;6807323;'20200219142313;W03-C-Antwerpen-West-FH07;6807323;'20200219142313;W03-C-Antwerpen-West-FH07;19084;FTTH-Cu;;';';;;;;;;671191;'20190115201305;2047311;'1630000;'25980;Lange Riddersstraat;'30;';2000;Antwerpen;;'151948,387;'211836,488;';N;ORN;5;15;Unknown;Unknown;;None;;;';;';;Y;;;;'15/01/2019 12:41:18;4;1743280;;LU;1;';';';';';Y;#A3/B3/;APPART;DEEL_APP_GEBOUW - PARTIE_IMMEUBLE_APP;APPART;;;';;';;Y;;;;'15/01/2019 12:41:18
;;;Zoning;6807323;'20200219142313;W03-C-Antwerpen-West-FH07;6807323;'20200219142313;W03-C-Antwerpen-West-FH07;19084;FTTH-Cu;;';';;;;;;;671191;'20190115201305;2047311;'1630000;'25980;Lange Riddersstraat;'30;';2000;Antwerpen;;'151948,387;'211836,488;';N;ORN;5;15;Unknown;Unknown;;None;;;';;';;Y;;;;'15/01/2019 12:41:18;5;11086858;;LU;1;';';';';';;;;;;;;';;';;Y;;;;'15/01/2019 12:41:18
;;;Zoning;6807323;'20200219142313;W03-C-Antwerpen-West-FH07;6807323;'20200219142313;W03-C-Antwerpen-West-FH07;19084;FTTH-Cu;;';';;;;;;;671191;'20190115201305;2047311;'1630000;'25980;Lange Riddersstraat;'30;';2000;Antwerpen;;'151948,387;'211836,488;';N;ORN;5;15;Unknown;Unknown;;None;;;';;';;Y;;;;'15/01/2019 12:41:18;6;11086859;;LU;1;';';';';';;;;;;;;';;';;Y;;;;'15/01/2019 12:41:18
;;;Zoning;6807323;'20200219142313;W03-C-Antwerpen-West-FH07;6807323;'20200219142313;W03-C-Antwerpen-West-FH07;19084;FTTH-Cu;;';';;;;;;;671191;'20190115201305;2047311;'1630000;'25980;Lange Riddersstraat;'30;';2000;Antwerpen;;'151948,387;'211836,488;';N;ORN;5;15;Unknown;Unknown;;None;;;';;';;Y;;;;'15/01/2019 12:41:18;7;11086860;;LU;1;';';';';';;;;;;;;';;';;Y;;;;'15/01/2019 12:41:18
;;;Zoning;6807323;'20200219142313;W03-C-Antwerpen-West-FH07;6807323;'20200219142313;W03-C-Antwerpen-West-FH07;19084;FTTH-Cu;;';';;;;;;;671191;'20190115201305;2047311;'1630000;'25980;Lange Riddersstraat;'30;';2000;Antwerpen;;'151948,387;'211836,488;';N;ORN;5;15;Unknown;Unknown;;None;;;';;';;Y;;;;'15/01/2019 12:41:18;8;11086861;;LU;1;';';';';';;;;;;;;';;';;Y;;;;'15/01/2019 12:41:18
;;;Zoning;6807323;'20200219142313;W03-C-Antwerpen-West-FH07;6807323;'20200219142313;W03-C-Antwerpen-West-FH07;19084;FTTH-Cu;;';';;;;;;;671192;'20190115201305;2047312;'1630000;'25980;Lange Riddersstraat;'31;';2000;Antwerpen;;'151960,641;'211817,273;';Y;NA;4;12;Unknown;Unknown;;None;;;';;';;Y;;;;'15/01/2019 12:41:18;1;1748621;;LU;1;';';';';';Y;;HOUSE;WONING - MAISON;NA;;;';;';;Y;;;;'15/01/2019 12:41:18
;;;Zoning;6807323;'20200219142313;W03-C-Antwerpen-West-FH07;6807323;'20200219142313;W03-C-Antwerpen-West-FH07;19084;FTTH-Cu;;';';;;;;;;671193;'20190115201305;2047313;'1630000;'25980;Lange Riddersstraat;'32;';2000;Antwerpen;;'151947,01;'211831,557;';Y;NA;5;15;Unknown;Unknown;;None;;;';;';;Y;;;;'15/01/2019 12:41:18;1;1751775;;LU;1;';';';';';Y;;HOUSE;WONING - MAISON;NA;;;';;';;Y;;;;'15/01/2019 12:41:18
;;;Zoning;6807323;'20200219142313;W03-C-Antwerpen-West-FH07;6807323;'20200219142313;W03-C-Antwerpen-West-FH07;19084;FTTH-Cu;;';';;;;;;;671193;'20190115201305;2047313;'1630000;'25980;Lange Riddersstraat;'32;';2000;Antwerpen;;'151947,01;'211831,557;';Y;NA;5;15;Unknown;Unknown;;None;;;';;';;Y;;;;'15/01/2019 12:41:18;2;1751776;;LU;1;';';';';';Y;;HOUSE;WONING - MAISON;NA;;;';;';;Y;;;;'15/01/2019 12:41:18
;;;Zoning;6807323;'20200219142313;W03-C-Antwerpen-West-FH07;6807323;'20200219142313;W03-C-Antwerpen-West-FH07;19084;FTTH-Cu;;';';;;;;;;671193;'20190115201305;2047313;'1630000;'25980;Lange Riddersstraat;'32;';2000;Antwerpen;;'151947,01;'211831,557;';Y;NA;5;15;Unknown;Unknown;;None;;;';;';;Y;;;;'15/01/2019 12:41:18;3;1751777;;LU;1;';';';';';Y;;HOUSE;WONING - MAISON;NA;;;';;';;Y;;;;'15/01/2019 12:41:18
;;;Zoning;6807323;'20200219142313;W03-C-Antwerpen-West-FH07;6807323;'20200219142313;W03-C-Antwerpen-West-FH07;19084;FTTH-Cu;;';';;;;;;;671193;'20190115201305;2047313;'1630000;'25980;Lange Riddersstraat;'32;';2000;Antwerpen;;'151947,01;'211831,557;';Y;NA;5;15;Unknown;Unknown;;None;;;';;';;Y;;;;'15/01/2019 12:41:18;4;1751778;;LU;1;';';';';';Y;;HOUSE;WONING - MAISON;NA;;;';;';;Y;;;;'15/01/2019 12:41:18
;;;Zoning;6807323;'20200219142313;W03-C-Antwerpen-West-FH07;6807323;'20200219142313;W03-C-Antwerpen-West-FH07;19084;FTTH-Cu;;';';;;;;;;671193;'20190115201305;2047313;'1630000;'25980;Lange Riddersstraat;'32;';2000;Antwerpen;;'151947,01;'211831,557;';Y;NA;5;15;Unknown;Unknown;;None;;;';;';;Y;;;;'15/01/2019 12:41:18;5;11086862;;BU;1;';';';';';;;;;;;;';;';;Y;;;;'15/01/2019 12:41:18
;;;Zoning;6807323;'20200219142313;W03-C-Antwerpen-West-FH07;6807323;'20200219142313;W03-C-Antwerpen-West-FH07;19084;FTTH-Cu;;';';;;;;;;671193;'20190115201305;2047313;'1630000;'25980;Lange Riddersstraat;'32;';2000;Antwerpen;;'151947,01;'211831,557;';Y;NA;5;15;Unknown;Unknown;;None;;;';;';;Y;;;;'15/01/2019 12:41:18;6;11086863;;LU;1;';';';';';;;;;;;;';;';;Y;;;;'15/01/2019 12:41:18
;;;Zoning;6807323;'20200219142313;W03-C-Antwerpen-West-FH07;6807323;'20200219142313;W03-C-Antwerpen-West-FH07;19084;FTTH-Cu;;';';;;;;;;671194;'20190115201305;2047315;'1630000;'25980;Lange Riddersstraat;'33;';2000;Antwerpen;;'151958,829;'211813,357;';Y;NA;4;12;Unknown;Unknown;;None;;;';;';;Y;;;;'15/01/2019 12:41:18;1;1754745;;LU;1;';';';';';Y;;HOUSE;WONING - MAISON;NA;;;';;';;Y;;;;'15/01/2019 12:41:18
;;;Zoning;6807323;'20200219142313;W03-C-Antwerpen-West-FH07;6807323;'20200219142313;W03-C-Antwerpen-West-FH07;19084;FTTH-Cu;;';';;;;;;;671195;'20191018091844;2047316;'1630000;'25980;Lange Riddersstraat;'34;';2000;Antwerpen;;'151947,052;'211827,238;';Y;NA;5;15;Unknown;Unknown;;None;;;';;';;Y;;;;'15/01/2019 12:41:18;1;1757836;;BU;1;';';';';';Y;;APTBLD;APPARTEMENTSGEBOUW - IMMEUBLE A APPARTEMENTS;NA;;;';;';;Y;;;;'15/01/2019 12:41:18
;;;Zoning;6807323;'20200219142313;W03-C-Antwerpen-West-FH07;6807323;'20200219142313;W03-C-Antwerpen-West-FH07;19084;FTTH-Cu;;';';;;;;;;671196;'20190115201305;2047317;'1630000;'25980;Lange Riddersstraat;'35;';2000;Antwerpen;;'151957,959;'211808,789;';Y;NA;3;9;Unknown;Unknown;;None;;;';;';;Y;;;;'15/01/2019 12:41:18;1;1760868;;LU;1;';';';';';Y;;HOUSE;WONING - MAISON;NA;;;';;';;Y;;;;'15/01/2019 12:41:18
;;;Zoning;6807323;'20200219142313;W03-C-Antwerpen-West-FH07;6807323;'20200219142313;W03-C-Antwerpen-West-FH07;19084;FTTH-Cu;;';';;;;;;;11377551;'20191018091836;4505198;'1630000;'25980;Lange Riddersstraat;'36;';2000;Antwerpen;;'151946,408;'211824,276;';Y;NA;1;3;Unknown;Unknown;;None;;;';;';;Y;;;;'15/01/2019 12:41:18;1;11085882;;BU;1;';';';';';;;;;;;;';;';;Y;;;;'15/01/2019 12:41:18
;;;Zoning;6807323;'20200219142313;W03-C-Antwerpen-West-FH07;6807323;'20200219142313;W03-C-Antwerpen-West-FH07;19084;FTTH-Cu;;';';;;;;;;707002;'20190115201317;4509944;'1630000;'25980;Lange Riddersstraat;'37;';2000;Antwerpen;;'151956,473;'211804,106;';Y;NA;4;12;Unknown;Unknown;;None;;;';;';;Y;;;;'15/01/2019 12:41:18;1;1766318;;LU;1;';';';';';Y;;APTBLD;APPARTEMENTSGEBOUW - IMMEUBLE A APPARTEMENTS;NA;;;';;';;Y;;;;'15/01/2019 12:41:18
;;;Zoning;6807323;'20200219142313;W03-C-Antwerpen-West-FH07;6807323;'20200219142313;W03-C-Antwerpen-West-FH07;19084;FTTH-Cu;;';';;;;;;;707002;'20190115201317;4509944;'1630000;'25980;Lange Riddersstraat;'37;';2000;Antwerpen;;'151956,473;'211804,106;';Y;NA;4;12;Unknown;Unknown;;None;;;';;';;Y;;;;'15/01/2019 12:41:18;2;1766319;;LU;1;';';';';';Y;;APTBLD;APPARTEMENTSGEBOUW - IMMEUBLE A APPARTEMENTS;NA;;;';;';;Y;;;;'15/01/2019 12:41:18
;;;Zoning;6807323;'20200219142313;W03-C-Antwerpen-West-FH07;6807323;'20200219142313;W03-C-Antwerpen-West-FH07;19084;FTTH-Cu;;';';;;;;;;671197;'20190115201305;2047318;'1630000;'25980;Lange Riddersstraat;'38;';2000;Antwerpen;;'151946,212;'211820,028;';Y;NA;3;11;Unknown;Unknown;;None;;;';;';;Y;;;;'15/01/2019 12:41:18;1;1768781;;LU;1;';';';';';Y;;HOUSE;WONING - MAISON;NA;;;';;';;Y;;;;'15/01/2019 12:41:18
;;;Zoning;6807323;'20200219142313;W03-C-Antwerpen-West-FH07;6807323;'20200219142313;W03-C-Antwerpen-West-FH07;19084;FTTH-Cu;;';';;;;;;;707003;'20190712080943;4509946;'1630000;'25980;Lange Riddersstraat;'39;';2000;Antwerpen;;'151955,566;'211798,928;';Y;NA;4;4;Unknown;Unknown;;None;;;';IFH_BATCH;'12/07/2019 07:36:50;;Y;;;;'12/07/2019 07:28:35;1;1771397;;LU;1;';';';';';Y;;HOUSE;WONING - MAISON;NA;;;';;';;Y;;;;'12/07/2019 07:28:35
;;;Zoning;6807323;'20200219142313;W03-C-Antwerpen-West-FH07;6807323;'20200219142313;W03-C-Antwerpen-West-FH07;19084;FTTH-Cu;;';';;;;;;;706096;'20190115201314;4505199;'1630000;'25980;Lange Riddersstraat;'40;';2000;Antwerpen;;'151945,922;'211816,33;';Y;NA;3;9;Unknown;Unknown;;None;;;';;';;Y;;;;'15/01/2019 12:41:18;1;1778534;;LU;1;';';';';';Y;;HOUSE;WONING - MAISON;NA;;;';;';;Y;;;;'15/01/2019 12:41:18
;;;Zoning;6807323;'20200219142313;W03-C-Antwerpen-West-FH07;6807323;'20200219142313;W03-C-Antwerpen-West-FH07;19084;FTTH-Cu;;';';;;;;;;707004;'20190115201318;4509947;'1630000;'25980;Lange Riddersstraat;'41;';2000;Antwerpen;;'151954,188;'211795,23;';Y;NA;4;12;Unknown;Unknown;;None;;;';;';;Y;;;;'15/01/2019 12:41:18;1;1781035;;BU;1;';';';';';Y;;HOUSE;WONING - MAISON;NA;;;';;';;Y;;;;'15/01/2019 12:41:18
;;;Zoning;6807323;'20200219142313;W03-C-Antwerpen-West-FH07;6807323;'20200219142313;W03-C-Antwerpen-West-FH07;19084;FTTH-Cu;;';';;;;;;;671198;'20190115201305;2047319;'1630000;'25980;Lange Riddersstraat;'42;';2000;Antwerpen;;'151944,689;'211812,995;';Y;NA;3;9;Unknown;Unknown;;None;;;';;';;Y;;;;'15/01/2019 12:41:18;1;1783360;;LU;1;';';';';';Y;;HOUSE;WONING - MAISON;NA;;;';;';;Y;;;;'15/01/2019 12:41:18
;;;Zoning;6807323;'20200219142313;W03-C-Antwerpen-West-FH07;6807323;'20200219142313;W03-C-Antwerpen-West-FH07;19084;FTTH-Cu;;';';;;;;;;671199;'20190115201305;2047320;'1630000;'25980;Lange Riddersstraat;'44;';2000;Antwerpen;;'151941,861;'211810,167;';Y;NA;4;14;Unknown;Unknown;;None;;;';;';;Y;;;;'15/01/2019 12:41:18;1;1787776;;BU;1;';';';';';Y;;HOUSE;WONING - MAISON;NA;;;';;';;Y;;;;'15/01/2019 12:41:18
;;;Zoning;6807323;'20200219142313;W03-C-Antwerpen-West-FH07;6807323;'20200219142313;W03-C-Antwerpen-West-FH07;19084;FTTH-Cu;;';';;;;;;;671200;'20190115201305;2047321;'1630000;'25980;Lange Riddersstraat;'45;';2000;Antwerpen;;'151951,795;'211787,689;';Y;NA;3;9;Unknown;Unknown;;None;;;';;';;Y;;;;'15/01/2019 12:41:18;1;1788760;;LU;1;';';';';';Y;#A1/L-1A/GAR.GV.GM;APPART;DEEL_APP_GEBOUW - PARTIE_IMMEUBLE_APP;APPART;;;';;';;Y;;;;'15/01/2019 12:41:18
;;;Zoning;6807323;'20200219142313;W03-C-Antwerpen-West-FH07;6807323;'20200219142313;W03-C-Antwerpen-West-FH07;19084;FTTH-Cu;;';';;;;;;;671200;'20190115201305;2047321;'1630000;'25980;Lange Riddersstraat;'45;';2000;Antwerpen;;'151951,795;'211787,689;';Y;NA;3;9;Unknown;Unknown;;None;;;';;';;Y;;;;'15/01/2019 12:41:18;2;1788774;;LU;1;';';';';';Y;#A1/R-1B/;APPART;DEEL_APP_GEBOUW - PARTIE_IMMEUBLE_APP;APPART;;;';;';;Y;;;;'15/01/2019 12:41:18
;;;Zoning;6807323;'20200219142313;W03-C-Antwerpen-West-FH07;6807323;'20200219142313;W03-C-Antwerpen-West-FH07;19084;FTTH-Cu;;';';;;;;;;671200;'20190115201305;2047321;'1630000;'25980;Lange Riddersstraat;'45;';2000;Antwerpen;;'151951,795;'211787,689;';Y;NA;3;9;Unknown;Unknown;;None;;;';;';;Y;;;;'15/01/2019 12:41:18;3;1788879;;LU;1;';';';';';Y;#A2/L-2A/;APPART;DEEL_APP_GEBOUW - PARTIE_IMMEUBLE_APP;APPART;;;';;';;Y;;;;'15/01/2019 12:41:18
;;;Zoning;6807323;'20200219142313;W03-C-Antwerpen-West-FH07;6807323;'20200219142313;W03-C-Antwerpen-West-FH07;19084;FTTH-Cu;;';';;;;;;;671200;'20190115201305;2047321;'1630000;'25980;Lange Riddersstraat;'45;';2000;Antwerpen;;'151951,795;'211787,689;';Y;NA;3;9;Unknown;Unknown;;None;;;';;';;Y;;;;'15/01/2019 12:41:18;4;1788892;;LU;1;';';';';';Y;#A2/R-2B/;APPART;DEEL_APP_GEBOUW - PARTIE_IMMEUBLE_APP;APPART;;;';;';;Y;;;;'15/01/2019 12:41:18
;;;Zoning;6807323;'20200219142313;W03-C-Antwerpen-West-FH07;6807323;'20200219142313;W03-C-Antwerpen-West-FH07;19084;FTTH-Cu;;';';;;;;;;720564;'20190115201314;718920;'1630000;'25980;Lange Riddersstraat;'46;';2000;Antwerpen;;'151943,022;'211804,946;';Y;NA;3;9;Unknown;Unknown;;None;;;';;';;Y;;;;'15/01/2019 12:41:18;1;1792672;;LU;1;';';';';';Y;;HOUSE;WONING - MAISON;NA;;;';;';;Y;;;;'15/01/2019 12:41:18
;;;Zoning;6807323;'20200219142313;W03-C-Antwerpen-West-FH07;6807323;'20200219142313;W03-C-Antwerpen-West-FH07;19084;FTTH-Cu;;';';;;;;;;11377550;'20190712080952;718921;'1630000;'25980;Lange Riddersstraat;'48;';2000;Antwerpen;;'151931;'211778;';Y;NA;6;4;Unknown;Unknown;;None;;;';IFH_BATCH;'12/07/2019 07:37:12;;Y;;;;'12/07/2019 07:28:35;1;11085881;;BU;1;';';';';';;;;;;;;';;';;Y;;;;'12/07/2019 07:28:35
;;;Zoning;6807323;'20200219142313;W03-C-Antwerpen-West-FH07;6807323;'20200219142313;W03-C-Antwerpen-West-FH07;19084;FTTH-Cu;;';';;;;;;;720506;'20190115201313;718538;'1630000;'25980;Lange Riddersstraat;'51;';2000;Antwerpen;;'151948,873;'211778,772;';Y;NA;3;9;Unknown;Unknown;;None;;;';;';;Y;;;;'15/01/2019 12:41:18;1;1807438;;LU;1;';';';';';Y;;HOUSE;WONING - MAISON;NA;;;';;';;Y;;;;'15/01/2019 12:41:18
;;;Zoning;6807323;'20200219142313;W03-C-Antwerpen-West-FH07;6807323;'20200219142313;W03-C-Antwerpen-West-FH07;19084;FTTH-Cu;;';';;;;;;;671202;'20191016092601;2047323;'1630000;'25980;Lange Riddersstraat;'60;';2000;Antwerpen;;'151919,384;'211748,969;';Y;ORN;4;12;Unknown;Unknown;;None;;;';;';;Y;;;;'15/01/2019 12:41:18;1;1826613;;LU;1;';';';';';Y;;HOUSE;WONING - MAISON;NA;;;';;';;Y;;;;'15/01/2019 12:41:18
;;;Zoning;6807323;'20200219142313;W03-C-Antwerpen-West-FH07;6807323;'20200219142313;W03-C-Antwerpen-West-FH07;19084;FTTH-Cu;;';';;;;;;;671202;'20191016092601;2047323;'1630000;'25980;Lange Riddersstraat;'60;';2000;Antwerpen;;'151919,384;'211748,969;';Y;ORN;4;12;Unknown;Unknown;;None;;;';;';;Y;;;;'15/01/2019 12:41:18;2;1826614;;LU;1;';';';';';Y;;HOUSE;WONING - MAISON;NA;;;';;';;Y;;;;'15/01/2019 12:41:18
;;;Zoning;6807323;'20200219142313;W03-C-Antwerpen-West-FH07;6807323;'20200219142313;W03-C-Antwerpen-West-FH07;19084;FTTH-Cu;;';';;;;;;;671202;'20191016092601;2047323;'1630000;'25980;Lange Riddersstraat;'60;';2000;Antwerpen;;'151919,384;'211748,969;';Y;ORN;4;12;Unknown;Unknown;;None;;;';;';;Y;;;;'15/01/2019 12:41:18;3;1826615;;LU;1;';';';';';Y;;HOUSE;WONING - MAISON;NA;;;';;';;Y;;;;'15/01/2019 12:41:18
;;;Zoning;6807323;'20200219142313;W03-C-Antwerpen-West-FH07;6807323;'20200219142313;W03-C-Antwerpen-West-FH07;19084;FTTH-Cu;;';';;;;;;;671202;'20191016092601;2047323;'1630000;'25980;Lange Riddersstraat;'60;';2000;Antwerpen;;'151919,384;'211748,969;';Y;ORN;4;12;Unknown;Unknown;;None;;;';;';;Y;;;;'15/01/2019 12:41:18;4;1826616;;LU;1;';';';';';Y;;HOUSE;WONING - MAISON;NA;;;';;';;Y;;;;'15/01/2019 12:41:18
;;;Zoning;6807323;'20200219142313;W03-C-Antwerpen-West-FH07;6807323;'20200219142313;W03-C-Antwerpen-West-FH07;19084;FTTH-Cu;;';';;;;;;;671202;'20191016092601;2047323;'1630000;'25980;Lange Riddersstraat;'60;';2000;Antwerpen;;'151919,384;'211748,969;';Y;ORN;4;12;Unknown;Unknown;;None;;;';;';;Y;;;;'15/01/2019 12:41:18;5;1826617;;LU;1;';';';';';Y;;HOUSE;WONING - MAISON;NA;;;';;';;Y;;;;'15/01/2019 12:41:18
;;;Zoning;6807323;'20200219142313;W03-C-Antwerpen-West-FH07;6807323;'20200219142313;W03-C-Antwerpen-West-FH07;19084;FTTH-Cu;;';';;;;;;;671202;'20191016092601;2047323;'1630000;'25980;Lange Riddersstraat;'60;';2000;Antwerpen;;'151919,384;'211748,969;';Y;ORN;4;12;Unknown;Unknown;;None;;;';;';;Y;;;;'15/01/2019 12:41:18;6;1826618;;LU;1;';';';';';Y;;HOUSE;WONING - MAISON;NA;;;';;';;Y;;;;'15/01/2019 12:41:18
;;;Zoning;6807323;'20200219142313;W03-C-Antwerpen-West-FH07;6807323;'20200219142313;W03-C-Antwerpen-West-FH07;19084;FTTH-Cu;;';';;;;;;;671203;'20190712080931;2047324;'1630000;'25980;Lange Riddersstraat;'61;';2000;Antwerpen;;'151940,194;'211748,897;';N;MON;3;0;Unknown;Unknown;;None;;;';IFH_BATCH;'12/07/2019 07:36:54;;Y;;;;'12/07/2019 07:28:35;1;1828363;;LU;1;';';';';';Y;;HOUSE;WONING - MAISON;NA;;;';;';;Y;;;;'12/07/2019 07:28:35
;;;Zoning;6807323;'20200219142313;W03-C-Antwerpen-West-FH07;6807323;'20200219142313;W03-C-Antwerpen-West-FH07;19084;FTTH-Cu;;';';;;;;;;671204;'20191016092551;2047325;'1630000;'25980;Lange Riddersstraat;'62;';2000;Antwerpen;;'151910,32;'211726,781;';Y;ORN;5;15;Unknown;Unknown;;None;;;';;';;Y;;;;'15/01/2019 12:41:18;1;1829679;;LU;1;';';';';';Y;;HOUSE;WONING - MAISON;NA;;;';;';;Y;;;;'15/01/2019 12:41:18
;;;Zoning;6807323;'20200219142313;W03-C-Antwerpen-West-FH07;6807323;'20200219142313;W03-C-Antwerpen-West-FH07;19084;FTTH-Cu;;';';;;;;;;671204;'20191016092551;2047325;'1630000;'25980;Lange Riddersstraat;'62;';2000;Antwerpen;;'151910,32;'211726,781;';Y;ORN;5;15;Unknown;Unknown;;None;;;';;';;Y;;;;'15/01/2019 12:41:18;2;1829680;;LU;1;';';';';';Y;;HOUSE;WONING - MAISON;NA;;;';;';;Y;;;;'15/01/2019 12:41:18
;;;Zoning;6807323;'20200219142313;W03-C-Antwerpen-West-FH07;6807323;'20200219142313;W03-C-Antwerpen-West-FH07;19084;FTTH-Cu;;';';;;;;;;671204;'20191016092551;2047325;'1630000;'25980;Lange Riddersstraat;'62;';2000;Antwerpen;;'151910,32;'211726,781;';Y;ORN;5;15;Unknown;Unknown;;None;;;';;';;Y;;;;'15/01/2019 12:41:18;3;1829681;;LU;1;';';';';';Y;;HOUSE;WONING - MAISON;NA;;;';;';;Y;;;;'15/01/2019 12:41:18
;;;Zoning;6807323;'20200219142313;W03-C-Antwerpen-West-FH07;6807323;'20200219142313;W03-C-Antwerpen-West-FH07;19084;FTTH-Cu;;';';;;;;;;671204;'20191016092551;2047325;'1630000;'25980;Lange Riddersstraat;'62;';2000;Antwerpen;;'151910,32;'211726,781;';Y;ORN;5;15;Unknown;Unknown;;None;;;';;';;Y;;;;'15/01/2019 12:41:18;4;1829682;;LU;1;';';';';';Y;;HOUSE;WONING - MAISON;NA;;;';;';;Y;;;;'15/01/2019 12:41:18
;;;Zoning;6807323;'20200219142313;W03-C-Antwerpen-West-FH07;6807323;'20200219142313;W03-C-Antwerpen-West-FH07;19084;FTTH-Cu;;';';;;;;;;671204;'20191016092551;2047325;'1630000;'25980;Lange Riddersstraat;'62;';2000;Antwerpen;;'151910,32;'211726,781;';Y;ORN;5;15;Unknown;Unknown;;None;;;';;';;Y;;;;'15/01/2019 12:41:18;5;1829683;;LU;1;';';';';';Y;;HOUSE;WONING - MAISON;NA;;;';;';;Y;;;;'15/01/2019 12:41:18
;;;Zoning;6807323;'20200219142313;W03-C-Antwerpen-West-FH07;6807323;'20200219142313;W03-C-Antwerpen-West-FH07;19084;FTTH-Cu;;';';;;;;;;671204;'20191016092551;2047325;'1630000;'25980;Lange Riddersstraat;'62;';2000;Antwerpen;;'151910,32;'211726,781;';Y;ORN;5;15;Unknown;Unknown;;None;;;';;';;Y;;;;'15/01/2019 12:41:18;6;1829684;;LU;1;';';';';';Y;;HOUSE;WONING - MAISON;NA;;;';;';;Y;;;;'15/01/2019 12:41:18
;;;Zoning;6807323;'20200219142313;W03-C-Antwerpen-West-FH07;6807323;'20200219142313;W03-C-Antwerpen-West-FH07;19084;FTTH-Cu;;';';;;;;;;671204;'20191016092551;2047325;'1630000;'25980;Lange Riddersstraat;'62;';2000;Antwerpen;;'151910,32;'211726,781;';Y;ORN;5;15;Unknown;Unknown;;None;;;';;';;Y;;;;'15/01/2019 12:41:18;7;1829685;;LU;1;';';';';';Y;;HOUSE;WONING - MAISON;NA;;;';;';;Y;;;;'15/01/2019 12:41:18
;;;Zoning;6807323;'20200219142313;W03-C-Antwerpen-West-FH07;6807323;'20200219142313;W03-C-Antwerpen-West-FH07;19084;FTTH-Cu;;';';;;;;;;695008;'20190712080927;4187090;'1630000;'25980;Lange Riddersstraat;'63;';2000;Antwerpen;;'151939,034;'211745,996;';N;MON;3;0;Unknown;Unknown;;None;;;';IFH_BATCH;'12/07/2019 07:36:58;;Y;;;;'12/07/2019 07:28:35;1;1831056;;LU;1;';';';';';Y;;HOUSE;WONING - MAISON;NA;;;';;';;Y;;;;'12/07/2019 07:28:35
;;;Zoning;6807323;'20200219142313;W03-C-Antwerpen-West-FH07;6807323;'20200219142313;W03-C-Antwerpen-West-FH07;19084;FTTH-Cu;;';';;;;;;;691186;'20190712080928;3928248;'1630000;'25980;Lange Riddersstraat;'65;';2000;Antwerpen;;'151937,148;'211742,081;';Y;NA;12;4;Unknown;Unknown;;None;;;';IFH_BATCH;'12/07/2019 07:37:02;;Y;;;;'12/07/2019 07:28:35;1;1833701;;LU;1;';';';';';Y;;HOUSE;WONING - MAISON;NA;;;';;';;Y;;;;'12/07/2019 07:28:35
;;;Zoning;6807323;'20200219142313;W03-C-Antwerpen-West-FH07;6807323;'20200219142313;W03-C-Antwerpen-West-FH07;19084;FTTH-Cu;;';';;;;;;;691186;'20190712080928;3928248;'1630000;'25980;Lange Riddersstraat;'65;';2000;Antwerpen;;'151937,148;'211742,081;';Y;NA;12;4;Unknown;Unknown;;None;;;';IFH_BATCH;'12/07/2019 07:37:02;;Y;;;;'12/07/2019 07:28:35;2;1833702;;LU;1;';';';';';Y;;HOUSE;WONING - MAISON;NA;;;';;';;Y;;;;'12/07/2019 07:28:35
;;;Zoning;6807323;'20200219142313;W03-C-Antwerpen-West-FH07;6807323;'20200219142313;W03-C-Antwerpen-West-FH07;19084;FTTH-Cu;;';';;;;;;;691186;'20190712080928;3928248;'1630000;'25980;Lange Riddersstraat;'65;';2000;Antwerpen;;'151937,148;'211742,081;';Y;NA;12;4;Unknown;Unknown;;None;;;';IFH_BATCH;'12/07/2019 07:37:02;;Y;;;;'12/07/2019 07:28:35;3;1833703;;LU;1;';';';';';Y;;HOUSE;WONING - MAISON;NA;;;';;';;Y;;;;'12/07/2019 07:28:35
;;;Zoning;6807323;'20200219142313;W03-C-Antwerpen-West-FH07;6807323;'20200219142313;W03-C-Antwerpen-West-FH07;19084;FTTH-Cu;;';';;;;;;;671205;'20190115201306;2047326;'1630000;'25980;Lange Riddersstraat;'69;';2000;Antwerpen;;'151935,263;'211735,99;';Y;NA;3;9;Unknown;Unknown;;None;;;';;';;Y;;;;'15/01/2019 12:41:18;1;1838335;;LU;1;';';';';';Y;;HOUSE;WONING - MAISON;NA;;;';;';;Y;;;;'15/01/2019 12:41:18
;;;Zoning;6807323;'20200219142313;W03-C-Antwerpen-West-FH07;6807323;'20200219142313;W03-C-Antwerpen-West-FH07;19084;FTTH-Cu;;';';;;;;;;707012;'20190712080943;4510000;'1630000;'25980;Lange Riddersstraat;'71;';2000;Antwerpen;;'151932,725;'211730,624;';N;ORN;4;0;Unknown;Unknown;;None;;;';IFH_BATCH;'12/07/2019 07:37:05;;Y;;;;'12/07/2019 07:28:35;1;1844540;;LU;1;';';';';';Y;;HOUSE;WONING - MAISON;NA;;;';;';;Y;;;;'12/07/2019 07:28:35
;;;Zoning;6807323;'20200219142313;W03-C-Antwerpen-West-FH07;6807323;'20200219142313;W03-C-Antwerpen-West-FH07;19084;FTTH-Cu;;';';;;;;;;707012;'20190712080943;4510000;'1630000;'25980;Lange Riddersstraat;'71;';2000;Antwerpen;;'151932,725;'211730,624;';N;ORN;4;0;Unknown;Unknown;;None;;;';IFH_BATCH;'12/07/2019 07:37:05;;Y;;;;'12/07/2019 07:28:35;2;1844541;;LU;1;';';';';';Y;;HOUSE;WONING - MAISON;NA;;;';;';;Y;;;;'12/07/2019 07:28:35
;;;Zoning;6807323;'20200219142313;W03-C-Antwerpen-West-FH07;6807323;'20200219142313;W03-C-Antwerpen-West-FH07;19084;FTTH-Cu;;';';;;;;;;707012;'20190712080943;4510000;'1630000;'25980;Lange Riddersstraat;'71;';2000;Antwerpen;;'151932,725;'211730,624;';N;ORN;4;0;Unknown;Unknown;;None;;;';IFH_BATCH;'12/07/2019 07:37:05;;Y;;;;'12/07/2019 07:28:35;3;1844542;;LU;1;';';';';';Y;;HOUSE;WONING - MAISON;NA;;;';;';;Y;;;;'12/07/2019 07:28:35
;;;Zoning;6807323;'20200219142313;W03-C-Antwerpen-West-FH07;6807323;'20200219142313;W03-C-Antwerpen-West-FH07;19084;FTTH-Cu;;';';;;;;;;671206;'20190712080931;2047327;'1630000;'25980;Lange Riddersstraat;'77;';2000;Antwerpen;;'151930,26;'211725,476;';N;MON;2;0;Unknown;Unknown;;None;;;';IFH_BATCH;'12/07/2019 07:37:08;;Y;;;;'12/07/2019 07:28:35;1;1850666;;LU;1;';';';';';Y;;COMM;HANDELSZAAK - COMMERCE;NA;;;';;';;Y;;;;'12/07/2019 07:28:35
;;;Zoning;6807323;'20200219142313;W03-C-Antwerpen-West-FH07;6807323;'20200219142313;W03-C-Antwerpen-West-FH07;19084;FTTH-Cu;;';';;;;;;;671206;'20190712080931;2047327;'1630000;'25980;Lange Riddersstraat;'77;';2000;Antwerpen;;'151930,26;'211725,476;';N;MON;2;0;Unknown;Unknown;;None;;;';IFH_BATCH;'12/07/2019 07:37:08;;Y;;;;'12/07/2019 07:28:35;2;11086864;;LU;1;';';';';';;;;;;;;';;';;Y;;;;'12/07/2019 07:28:35
;;;Zoning;6807323;'20200219142313;W03-C-Antwerpen-West-FH07;6807323;'20200219142313;W03-C-Antwerpen-West-FH07;19084;FTTH-Cu;;';';;;;;;;720507;'20190712080939;718540;'1630000;'25980;Lange Riddersstraat;'79;';2000;Antwerpen;;'151927,867;'211720,256;';N;ORN;4;0;Unknown;Unknown;;None;;;';IFH_BATCH;'12/07/2019 07:37:10;;Y;;;;'12/07/2019 07:28:35;1;1852556;;LU;1;';';';';';Y;;HOUSE;WONING - MAISON;NA;;;';;';;Y;;;;'12/07/2019 07:28:35
;;;Zoning;6807323;'20200219142313;W03-C-Antwerpen-West-FH07;6807323;'20200219142313;W03-C-Antwerpen-West-FH07;19084;FTTH-Cu;;';';;;;;;;720507;'20190712080939;718540;'1630000;'25980;Lange Riddersstraat;'79;';2000;Antwerpen;;'151927,867;'211720,256;';N;ORN;4;0;Unknown;Unknown;;None;;;';IFH_BATCH;'12/07/2019 07:37:10;;Y;;;;'12/07/2019 07:28:35;2;1852557;;LU;1;';';';';';Y;;HOUSE;WONING - MAISON;NA;;;';;';;Y;;;;'12/07/2019 07:28:35
;;;Zoning;6807323;'20200219142313;W03-C-Antwerpen-West-FH07;6807323;'20200219142313;W03-C-Antwerpen-West-FH07;19084;FTTH-Cu;;';';;;;;;;720507;'20190712080939;718540;'1630000;'25980;Lange Riddersstraat;'79;';2000;Antwerpen;;'151927,867;'211720,256;';N;ORN;4;0;Unknown;Unknown;;None;;;';IFH_BATCH;'12/07/2019 07:37:10;;Y;;;;'12/07/2019 07:28:35;3;1852558;;LU;1;';';';';';Y;;HOUSE;WONING - MAISON;NA;;;';;';;Y;;;;'12/07/2019 07:28:35
;;;Zoning;6807323;'20200219142313;W03-C-Antwerpen-West-FH07;6807323;'20200219142313;W03-C-Antwerpen-West-FH07;19084;FTTH-Cu;;';';;;;;;;720507;'20190712080939;718540;'1630000;'25980;Lange Riddersstraat;'79;';2000;Antwerpen;;'151927,867;'211720,256;';N;ORN;4;0;Unknown;Unknown;;None;;;';IFH_BATCH;'12/07/2019 07:37:10;;Y;;;;'12/07/2019 07:28:35;4;1852559;;LU;1;';';';';';Y;;HOUSE;WONING - MAISON;NA;;;';;';;Y;;;;'12/07/2019 07:28:35
;;;Zoning;6807323;'20200219142313;W03-C-Antwerpen-West-FH07;6807323;'20200219142313;W03-C-Antwerpen-West-FH07;19084;FTTH-Cu;;';';;;;;;;720507;'20190712080939;718540;'1630000;'25980;Lange Riddersstraat;'79;';2000;Antwerpen;;'151927,867;'211720,256;';N;ORN;4;0;Unknown;Unknown;;None;;;';IFH_BATCH;'12/07/2019 07:37:10;;Y;;;;'12/07/2019 07:28:35;5;1852560;;LU;1;';';';';';Y;;HOUSE;WONING - MAISON;NA;;;';;';;Y;;;;'12/07/2019 07:28:35
;;;Zoning;6807323;'20200219142313;W03-C-Antwerpen-West-FH07;6807323;'20200219142313;W03-C-Antwerpen-West-FH07;19084;FTTH-Cu;;';';;;;;;;720507;'20190712080939;718540;'1630000;'25980;Lange Riddersstraat;'79;';2000;Antwerpen;;'151927,867;'211720,256;';N;ORN;4;0;Unknown;Unknown;;None;;;';IFH_BATCH;'12/07/2019 07:37:10;;Y;;;;'12/07/2019 07:28:35;6;1852561;;LU;1;';';';';';Y;;HOUSE;WONING - MAISON;NA;;;';;';;Y;;;;'12/07/2019 07:28:35
;;;Zoning;6807323;'20200219142313;W03-C-Antwerpen-West-FH07;6807323;'20200219142313;W03-C-Antwerpen-West-FH07;19084;FTTH-Cu;;';';;;;;;;710588;'20200110134017;49147;'1630000;'32831;Lange Vlierstraat;'1;';2000;Antwerpen;;'151963,776;'211636,007;';Y;NA;5;15;Unknown;Unknown;;None;;;';;';;Y;;;;'15/01/2019 12:41:18;1;1615256;;LU;1;';';';';';Y;;HOUSE;WONING - MAISON;NA;;;';;';;Y;;;;'15/01/2019 12:41:18
;;;Zoning;6807323;'20200219142313;W03-C-Antwerpen-West-FH07;6807323;'20200219142313;W03-C-Antwerpen-West-FH07;19084;FTTH-Cu;;';';;;;;;;710588;'20200110134017;49147;'1630000;'32831;Lange Vlierstraat;'1;';2000;Antwerpen;;'151963,776;'211636,007;';Y;NA;5;15;Unknown;Unknown;;None;;;';;';;Y;;;;'15/01/2019 12:41:18;2;1615257;;LU;1;';';';';';Y;;HOUSE;WONING - MAISON;NA;;;';;';;Y;;;;'15/01/2019 12:41:18
;;;Zoning;6807323;'20200219142313;W03-C-Antwerpen-West-FH07;6807323;'20200219142313;W03-C-Antwerpen-West-FH07;19084;FTTH-Cu;;';';;;;;;;710588;'20200110134017;49147;'1630000;'32831;Lange Vlierstraat;'1;';2000;Antwerpen;;'151963,776;'211636,007;';Y;NA;5;15;Unknown;Unknown;;None;;;';;';;Y;;;;'15/01/2019 12:41:18;3;1615258;;LU;1;';';';';';Y;;HOUSE;WONING - MAISON;NA;;;';;';;Y;;;;'15/01/2019 12:41:18
;;;Zoning;6807323;'20200219142313;W03-C-Antwerpen-West-FH07;6807323;'20200219142313;W03-C-Antwerpen-West-FH07;19084;FTTH-Cu;;';';;;;;;;710588;'20200110134017;49147;'1630000;'32831;Lange Vlierstraat;'1;';2000;Antwerpen;;'151963,776;'211636,007;';Y;NA;5;15;Unknown;Unknown;;None;;;';;';;Y;;;;'15/01/2019 12:41:18;4;1615259;;LU;1;';';';';';Y;;HOUSE;WONING - MAISON;NA;;;';;';;Y;;;;'15/01/2019 12:41:18
;;;Zoning;6807323;'20200219142313;W03-C-Antwerpen-West-FH07;6807323;'20200219142313;W03-C-Antwerpen-West-FH07;19084;FTTH-Cu;;';';;;;;;;726216;'20191021130153;976537;'1630000;'32831;Lange Vlierstraat;'2;';2000;Antwerpen;;'151949,753;'211620,953;';Y;NA;5;15;Unknown;Unknown;;None;;;';;';;Y;;;;'15/01/2019 12:41:18;1;1693703;;LU;1;';';';';';Y;;HOUSE;WONING - MAISON;NA;;;';;';;Y;;;;'15/01/2019 12:41:18
;;;Zoning;6807323;'20200219142313;W03-C-Antwerpen-West-FH07;6807323;'20200219142313;W03-C-Antwerpen-West-FH07;19084;FTTH-Cu;;';';;;;;;;726216;'20191021130153;976537;'1630000;'32831;Lange Vlierstraat;'2;';2000;Antwerpen;;'151949,753;'211620,953;';Y;NA;5;15;Unknown;Unknown;;None;;;';;';;Y;;;;'15/01/2019 12:41:18;2;11086978;;LU;1;';';';';';;;;;;;;';;';;Y;;;;'15/01/2019 12:41:18
;;;Zoning;6807323;'20200219142313;W03-C-Antwerpen-West-FH07;6807323;'20200219142313;W03-C-Antwerpen-West-FH07;19084;FTTH-Cu;;';';;;;;;;726216;'20191021130153;976537;'1630000;'32831;Lange Vlierstraat;'2;';2000;Antwerpen;;'151949,753;'211620,953;';Y;NA;5;15;Unknown;Unknown;;None;;;';;';;Y;;;;'15/01/2019 12:41:18;3;11086979;;LU;1;';';';';';;;;;;;;';;';;Y;;;;'15/01/2019 12:41:18
;;;Zoning;6807323;'20200219142313;W03-C-Antwerpen-West-FH07;6807323;'20200219142313;W03-C-Antwerpen-West-FH07;19084;FTTH-Cu;;';';;;;;;;726216;'20191021130153;976537;'1630000;'32831;Lange Vlierstraat;'2;';2000;Antwerpen;;'151949,753;'211620,953;';Y;NA;5;15;Unknown;Unknown;;None;;;';;';;Y;;;;'15/01/2019 12:41:18;4;11086980;;LU;1;';';';';';;;;;;;;';;';;Y;;;;'15/01/2019 12:41:18
;;;Zoning;6807323;'20200219142313;W03-C-Antwerpen-West-FH07;6807323;'20200219142313;W03-C-Antwerpen-West-FH07;19084;FTTH-Cu;;';';;;;;;;726216;'20191021130153;976537;'1630000;'32831;Lange Vlierstraat;'2;';2000;Antwerpen;;'151949,753;'211620,953;';Y;NA;5;15;Unknown;Unknown;;None;;;';;';;Y;;;;'15/01/2019 12:41:18;5;11086981;;LU;1;';';';';';;;;;;;;';;';;Y;;;;'15/01/2019 12:41:18
;;;Zoning;6807323;'20200219142313;W03-C-Antwerpen-West-FH07;6807323;'20200219142313;W03-C-Antwerpen-West-FH07;19084;FTTH-Cu;;';';;;;;;;706567;'20191021125543;4506589;'1630000;'32831;Lange Vlierstraat;'3;';2000;Antwerpen;;'151969,645;'211631,623;';Y;NA;3;9;Unknown;Unknown;;None;;;';;';;Y;;;;'15/01/2019 12:41:18;1;1741762;;LU;1;';';';';';Y;;HOUSE;WONING - MAISON;NA;;;';;';;Y;;;;'15/01/2019 12:41:18
;;;Zoning;6807323;'20200219142313;W03-C-Antwerpen-West-FH07;6807323;'20200219142313;W03-C-Antwerpen-West-FH07;19084;FTTH-Cu;;';';;;;;;;683308;'20191021130203;2061337;'1630000;'32831;Lange Vlierstraat;'4;';2000;Antwerpen;;'151953,491;'211617,443;';Y;NA;4;12;Unknown;Unknown;;None;;;';;';;Y;;;;'15/01/2019 12:41:18;1;1775870;;LU;1;';';';';';Y;;HOUSE;WONING - MAISON;NA;;;';;';;Y;;;;'15/01/2019 12:41:18
;;;Zoning;6807323;'20200219142313;W03-C-Antwerpen-West-FH07;6807323;'20200219142313;W03-C-Antwerpen-West-FH07;19084;FTTH-Cu;;';';;;;;;;683308;'20191021130203;2061337;'1630000;'32831;Lange Vlierstraat;'4;';2000;Antwerpen;;'151953,491;'211617,443;';Y;NA;4;12;Unknown;Unknown;;None;;;';;';;Y;;;;'15/01/2019 12:41:18;2;1775871;;LU;1;';';';';';Y;;HOUSE;WONING - MAISON;NA;;;';;';;Y;;;;'15/01/2019 12:41:18
;;;Zoning;6807323;'20200219142313;W03-C-Antwerpen-West-FH07;6807323;'20200219142313;W03-C-Antwerpen-West-FH07;19084;FTTH-Cu;;';';;;;;;;683308;'20191021130203;2061337;'1630000;'32831;Lange Vlierstraat;'4;';2000;Antwerpen;;'151953,491;'211617,443;';Y;NA;4;12;Unknown;Unknown;;None;;;';;';;Y;;;;'15/01/2019 12:41:18;3;1775872;;LU;1;';';';';';Y;;HOUSE;WONING - MAISON;NA;;;';;';;Y;;;;'15/01/2019 12:41:18
;;;Zoning;6807323;'20200219142313;W03-C-Antwerpen-West-FH07;6807323;'20200219142313;W03-C-Antwerpen-West-FH07;19084;FTTH-Cu;;';';;;;;;;683308;'20191021130203;2061337;'1630000;'32831;Lange Vlierstraat;'4;';2000;Antwerpen;;'151953,491;'211617,443;';Y;NA;4;12;Unknown;Unknown;;None;;;';;';;Y;;;;'15/01/2019 12:41:18;4;1775873;;LU;1;';';';';';Y;;HOUSE;WONING - MAISON;NA;;;';;';;Y;;;;'15/01/2019 12:41:18
;;;Zoning;6807323;'20200219142313;W03-C-Antwerpen-West-FH07;6807323;'20200219142313;W03-C-Antwerpen-West-FH07;19084;FTTH-Cu;;';';;;;;;;683308;'20191021130203;2061337;'1630000;'32831;Lange Vlierstraat;'4;';2000;Antwerpen;;'151953,491;'211617,443;';Y;NA;4;12;Unknown;Unknown;;None;;;';;';;Y;;;;'15/01/2019 12:41:18;5;11086982;;LU;1;';';';';';;;;;;;;';;';;Y;;;;'15/01/2019 12:41:18
;;;Zoning;6807323;'20200219142313;W03-C-Antwerpen-West-FH07;6807323;'20200219142313;W03-C-Antwerpen-West-FH07;19084;FTTH-Cu;11382560;'20191021125452;'Lange vlierstraat 5,9;;;;;;;683309;'20191021125339;2061338;'1630000;'32831;Lange Vlierstraat;'5;';2000;Antwerpen;;'151973,977;'211629,844;';Y;NA;3;9;Unknown;Unknown;;None;;;';;';;Y;;;;'15/01/2019 12:41:18;1;1803004;;BU;1;';';';';';Y;;CULT;CULTUREEL GEBOUW - BATIMENT CULTURELLE;NA;;;';;';;Y;;;;'15/01/2019 12:41:18
;;;Zoning;6807323;'20200219142313;W03-C-Antwerpen-West-FH07;6807323;'20200219142313;W03-C-Antwerpen-West-FH07;19084;FTTH-Cu;11382560;'20191021125452;'Lange vlierstraat 5,9;;;;;;;683309;'20191021125339;2061338;'1630000;'32831;Lange Vlierstraat;'5;';2000;Antwerpen;;'151973,977;'211629,844;';Y;NA;3;9;Unknown;Unknown;;None;;;';;';;Y;;;;'15/01/2019 12:41:18;2;1803005;;LU;1;';';';';';Y;;CULT;CULTUREEL GEBOUW - BATIMENT CULTURELLE;NA;;;';;';;Y;;;;'15/01/2019 12:41:18
;;;Zoning;6807323;'20200219142313;W03-C-Antwerpen-West-FH07;6807323;'20200219142313;W03-C-Antwerpen-West-FH07;19084;FTTH-Cu;11382560;'20191021125452;'Lange vlierstraat 5,9;;;;;;;683309;'20191021125339;2061338;'1630000;'32831;Lange Vlierstraat;'5;';2000;Antwerpen;;'151973,977;'211629,844;';Y;NA;3;9;Unknown;Unknown;;None;;;';;';;Y;;;;'15/01/2019 12:41:18;3;1803006;;LU;1;';';';';';Y;;CULT;CULTUREEL GEBOUW - BATIMENT CULTURELLE;NA;;;';;';;Y;;;;'15/01/2019 12:41:18
;;;Zoning;6807323;'20200219142313;W03-C-Antwerpen-West-FH07;6807323;'20200219142313;W03-C-Antwerpen-West-FH07;19084;FTTH-Cu;11382560;'20191021125452;'Lange vlierstraat 5,9;;;;;;;683309;'20191021125339;2061338;'1630000;'32831;Lange Vlierstraat;'5;';2000;Antwerpen;;'151973,977;'211629,844;';Y;NA;3;9;Unknown;Unknown;;None;;;';;';;Y;;;;'15/01/2019 12:41:18;4;11087172;;LU;1;';';';';';;;;;;;;';;';;Y;;;;'15/01/2019 12:41:18
;;;Zoning;6807323;'20200219142313;W03-C-Antwerpen-West-FH07;6807323;'20200219142313;W03-C-Antwerpen-West-FH07;19084;FTTH-Cu;;';';;;;;;;696117;'20191021130215;4236823;'1630000;'32831;Lange Vlierstraat;'6;';2000;Antwerpen;;'151957,963;'211615,016;';Y;NA;4;12;Unknown;Unknown;;None;;;';;';;Y;;;;'15/01/2019 12:41:18;1;1824229;;LU;1;';';';';';Y;;HOUSE;WONING - MAISON;NA;;;';;';;Y;;;;'15/01/2019 12:41:18
;;;Zoning;6807323;'20200219142313;W03-C-Antwerpen-West-FH07;6807323;'20200219142313;W03-C-Antwerpen-West-FH07;19084;FTTH-Cu;;';';;;;;;;696117;'20191021130215;4236823;'1630000;'32831;Lange Vlierstraat;'6;';2000;Antwerpen;;'151957,963;'211615,016;';Y;NA;4;12;Unknown;Unknown;;None;;;';;';;Y;;;;'15/01/2019 12:41:18;2;1824230;;LU;1;';';';';';Y;;HOUSE;WONING - MAISON;NA;;;';;';;Y;;;;'15/01/2019 12:41:18
;;;Zoning;6807323;'20200219142313;W03-C-Antwerpen-West-FH07;6807323;'20200219142313;W03-C-Antwerpen-West-FH07;19084;FTTH-Cu;;';';;;;;;;696117;'20191021130215;4236823;'1630000;'32831;Lange Vlierstraat;'6;';2000;Antwerpen;;'151957,963;'211615,016;';Y;NA;4;12;Unknown;Unknown;;None;;;';;';;Y;;;;'15/01/2019 12:41:18;3;1824231;;LU;1;';';';';';Y;;HOUSE;WONING - MAISON;NA;;;';;';;Y;;;;'15/01/2019 12:41:18
;;;Zoning;6807323;'20200219142313;W03-C-Antwerpen-West-FH07;6807323;'20200219142313;W03-C-Antwerpen-West-FH07;19084;FTTH-Cu;;';';;;;;;;696117;'20191021130215;4236823;'1630000;'32831;Lange Vlierstraat;'6;';2000;Antwerpen;;'151957,963;'211615,016;';Y;NA;4;12;Unknown;Unknown;;None;;;';;';;Y;;;;'15/01/2019 12:41:18;4;11086983;;LU;1;';';';';';;;;;;;;';;';;Y;;;;'15/01/2019 12:41:18
;;;Zoning;6807323;'20200219142313;W03-C-Antwerpen-West-FH07;6807323;'20200219142313;W03-C-Antwerpen-West-FH07;19084;FTTH-Cu;;';';;;;;;;683310;'20191021130215;2061339;'1630000;'32831;Lange Vlierstraat;'8;';2000;Antwerpen;;'151962,367;'211611,258;';Y;NA;4;12;Unknown;Unknown;;None;;;';;';;Y;;;;'15/01/2019 12:41:18;1;1855856;;LU;1;';';';';';Y;;HOUSE;WONING - MAISON;NA;;;';;';;Y;;;;'15/01/2019 12:41:18
;;;Zoning;6807323;'20200219142313;W03-C-Antwerpen-West-FH07;6807323;'20200219142313;W03-C-Antwerpen-West-FH07;19084;FTTH-Cu;;';';;;;;;;683310;'20191021130215;2061339;'1630000;'32831;Lange Vlierstraat;'8;';2000;Antwerpen;;'151962,367;'211611,258;';Y;NA;4;12;Unknown;Unknown;;None;;;';;';;Y;;;;'15/01/2019 12:41:18;2;1855857;;LU;1;';';';';';Y;;HOUSE;WONING - MAISON;NA;;;';;';;Y;;;;'15/01/2019 12:41:18
;;;Zoning;6807323;'20200219142313;W03-C-Antwerpen-West-FH07;6807323;'20200219142313;W03-C-Antwerpen-West-FH07;19084;FTTH-Cu;;';';;;;;;;683310;'20191021130215;2061339;'1630000;'32831;Lange Vlierstraat;'8;';2000;Antwerpen;;'151962,367;'211611,258;';Y;NA;4;12;Unknown;Unknown;;None;;;';;';;Y;;;;'15/01/2019 12:41:18;3;1855858;;LU;1;';';';';';Y;;HOUSE;WONING - MAISON;NA;;;';;';;Y;;;;'15/01/2019 12:41:18
;;;Zoning;6807323;'20200219142313;W03-C-Antwerpen-West-FH07;6807323;'20200219142313;W03-C-Antwerpen-West-FH07;19084;FTTH-Cu;;';';;;;;;;683310;'20191021130215;2061339;'1630000;'32831;Lange Vlierstraat;'8;';2000;Antwerpen;;'151962,367;'211611,258;';Y;NA;4;12;Unknown;Unknown;;None;;;';;';;Y;;;;'15/01/2019 12:41:18;4;1855859;;LU;1;';';';';';Y;;HOUSE;WONING - MAISON;NA;;;';;';;Y;;;;'15/01/2019 12:41:18
;;;Zoning;6807323;'20200219142313;W03-C-Antwerpen-West-FH07;6807323;'20200219142313;W03-C-Antwerpen-West-FH07;19084;FTTH-Cu;;';';;;;;;;683310;'20191021130215;2061339;'1630000;'32831;Lange Vlierstraat;'8;';2000;Antwerpen;;'151962,367;'211611,258;';Y;NA;4;12;Unknown;Unknown;;None;;;';;';;Y;;;;'15/01/2019 12:41:18;5;11086984;;LU;1;';';';';';;;;;;;;';;';;Y;;;;'15/01/2019 12:41:18
;;;Zoning;6807323;'20200219142313;W03-C-Antwerpen-West-FH07;6807323;'20200219142313;W03-C-Antwerpen-West-FH07;19084;FTTH-Cu;;';';;;;;;;683310;'20191021130215;2061339;'1630000;'32831;Lange Vlierstraat;'8;';2000;Antwerpen;;'151962,367;'211611,258;';Y;NA;4;12;Unknown;Unknown;;None;;;';;';;Y;;;;'15/01/2019 12:41:18;6;11086985;;LU;1;';';';';';;;;;;;;';;';;Y;;;;'15/01/2019 12:41:18
;;;Zoning;6807323;'20200219142313;W03-C-Antwerpen-West-FH07;6807323;'20200219142313;W03-C-Antwerpen-West-FH07;19084;FTTH-Cu;11382560;'20191021125452;'Lange vlierstraat 5,9;;;;;;;683311;'20191021125329;2061340;'1630000;'32831;Lange Vlierstraat;'9;';2000;Antwerpen;;'151979,37;'211626,562;';Y;NA;3;9;Unknown;Unknown;;None;;;';;';;Y;;;;'15/01/2019 12:41:18;1;1867684;;LU;1;';';';';';Y;;COMM;HANDELSZAAK - COMMERCE;NA;;;';;';;Y;;;;'15/01/2019 12:41:18
;;;Zoning;6807323;'20200219142313;W03-C-Antwerpen-West-FH07;6807323;'20200219142313;W03-C-Antwerpen-West-FH07;19084;FTTH-Cu;11382560;'20191021125452;'Lange vlierstraat 5,9;;;;;;;683311;'20191021125329;2061340;'1630000;'32831;Lange Vlierstraat;'9;';2000;Antwerpen;;'151979,37;'211626,562;';Y;NA;3;9;Unknown;Unknown;;None;;;';;';;Y;;;;'15/01/2019 12:41:18;2;11087173;;LU;1;';';';';';;;;;;;;';;';;Y;;;;'15/01/2019 12:41:18
;;;Zoning;6807323;'20200219142313;W03-C-Antwerpen-West-FH07;6807323;'20200219142313;W03-C-Antwerpen-West-FH07;19084;FTTH-Cu;;';';;;;;;;683312;'20191021130225;2061341;'1630000;'32831;Lange Vlierstraat;'10;';2000;Antwerpen;;'151966,283;'211607,477;';Y;NA;5;15;Unknown;Unknown;;None;;;';;';;Y;;;;'15/01/2019 12:41:18;1;1620897;;LU;1;';';';';';Y;;HOUSE;WONING - MAISON;NA;;;';;';;Y;;;;'15/01/2019 12:41:18
;;;Zoning;6807323;'20200219142313;W03-C-Antwerpen-West-FH07;6807323;'20200219142313;W03-C-Antwerpen-West-FH07;19084;FTTH-Cu;;';';;;;;;;683312;'20191021130225;2061341;'1630000;'32831;Lange Vlierstraat;'10;';2000;Antwerpen;;'151966,283;'211607,477;';Y;NA;5;15;Unknown;Unknown;;None;;;';;';;Y;;;;'15/01/2019 12:41:18;2;1620898;;LU;1;';';';';';Y;;HOUSE;WONING - MAISON;NA;;;';;';;Y;;;;'15/01/2019 12:41:18
;;;Zoning;6807323;'20200219142313;W03-C-Antwerpen-West-FH07;6807323;'20200219142313;W03-C-Antwerpen-West-FH07;19084;FTTH-Cu;;';';;;;;;;683312;'20191021130225;2061341;'1630000;'32831;Lange Vlierstraat;'10;';2000;Antwerpen;;'151966,283;'211607,477;';Y;NA;5;15;Unknown;Unknown;;None;;;';;';;Y;;;;'15/01/2019 12:41:18;3;1620899;;LU;1;';';';';';Y;;HOUSE;WONING - MAISON;NA;;;';;';;Y;;;;'15/01/2019 12:41:18
;;;Zoning;6807323;'20200219142313;W03-C-Antwerpen-West-FH07;6807323;'20200219142313;W03-C-Antwerpen-West-FH07;19084;FTTH-Cu;;';';;;;;;;683312;'20191021130225;2061341;'1630000;'32831;Lange Vlierstraat;'10;';2000;Antwerpen;;'151966,283;'211607,477;';Y;NA;5;15;Unknown;Unknown;;None;;;';;';;Y;;;;'15/01/2019 12:41:18;4;1620900;;LU;1;';';';';';Y;;HOUSE;WONING - MAISON;NA;;;';;';;Y;;;;'15/01/2019 12:41:18
;;;Zoning;6807323;'20200219142313;W03-C-Antwerpen-West-FH07;6807323;'20200219142313;W03-C-Antwerpen-West-FH07;19084;FTTH-Cu;;';';;;;;;;683312;'20191021130225;2061341;'1630000;'32831;Lange Vlierstraat;'10;';2000;Antwerpen;;'151966,283;'211607,477;';Y;NA;5;15;Unknown;Unknown;;None;;;';;';;Y;;;;'15/01/2019 12:41:18;5;1620901;;LU;1;';';';';';Y;;HOUSE;WONING - MAISON;NA;;;';;';;Y;;;;'15/01/2019 12:41:18
;;;Zoning;6807323;'20200219142313;W03-C-Antwerpen-West-FH07;6807323;'20200219142313;W03-C-Antwerpen-West-FH07;19084;FTTH-Cu;;';';;;;;;;683312;'20191021130225;2061341;'1630000;'32831;Lange Vlierstraat;'10;';2000;Antwerpen;;'151966,283;'211607,477;';Y;NA;5;15;Unknown;Unknown;;None;;;';;';;Y;;;;'15/01/2019 12:41:18;6;11086986;;LU;1;';';';';';;;;;;;;';;';;Y;;;;'15/01/2019 12:41:18
;;;Zoning;6807323;'20200219142313;W03-C-Antwerpen-West-FH07;6807323;'20200219142313;W03-C-Antwerpen-West-FH07;19084;FTTH-Cu;;';';;;;;;;683312;'20191021130225;2061341;'1630000;'32831;Lange Vlierstraat;'10;';2000;Antwerpen;;'151966,283;'211607,477;';Y;NA;5;15;Unknown;Unknown;;None;;;';;';;Y;;;;'15/01/2019 12:41:18;7;11086987;;LU;1;';';';';';;;;;;;;';;';;Y;;;;'15/01/2019 12:41:18
;;;Zoning;6807323;'20200219142313;W03-C-Antwerpen-West-FH07;6807323;'20200219142313;W03-C-Antwerpen-West-FH07;19084;FTTH-Cu;11382561;'20191021125245;'Lange vlierstraat 11,13;;;;;;;683313;'20191021125118;2061342;'1630000;'32831;Lange Vlierstraat;'11;';2000;Antwerpen;;'151987,207;'211625,61;';Y;NA;4;12;Unknown;Unknown;;None;;;';;';;Y;;;;'15/01/2019 12:41:18;1;1630640;;BU;1;';';';';';Y;;INDU;NIJVERHEIDSGEBOUW - ENTREPRISE INDUSTRIELLE;NA;;;';;';;Y;;;;'15/01/2019 12:41:18
;;;Zoning;6807323;'20200219142313;W03-C-Antwerpen-West-FH07;6807323;'20200219142313;W03-C-Antwerpen-West-FH07;19084;FTTH-Cu;11382561;'20191021125245;'Lange vlierstraat 11,13;;;;;;;683313;'20191021125118;2061342;'1630000;'32831;Lange Vlierstraat;'11;';2000;Antwerpen;;'151987,207;'211625,61;';Y;NA;4;12;Unknown;Unknown;;None;;;';;';;Y;;;;'15/01/2019 12:41:18;2;11087174;;BU;1;';';';';';;;;;;;;';;';;Y;;;;'15/01/2019 12:41:18
;;;Zoning;6807323;'20200219142313;W03-C-Antwerpen-West-FH07;6807323;'20200219142313;W03-C-Antwerpen-West-FH07;19084;FTTH-Cu;11382561;'20191021125245;'Lange vlierstraat 11,13;;;;;;;683313;'20191021125118;2061342;'1630000;'32831;Lange Vlierstraat;'11;';2000;Antwerpen;;'151987,207;'211625,61;';Y;NA;4;12;Unknown;Unknown;;None;;;';;';;Y;;;;'15/01/2019 12:41:18;3;11087175;;BU;1;';';';';';;;;;;;;';;';;Y;;;;'15/01/2019 12:41:18
;;;Zoning;6807323;'20200219142313;W03-C-Antwerpen-West-FH07;6807323;'20200219142313;W03-C-Antwerpen-West-FH07;19084;FTTH-Cu;;';';;;;;;;683314;'20191021130225;2061344;'1630000;'32831;Lange Vlierstraat;'12;';2000;Antwerpen;;'151971,481;'211605,265;';Y;NA;4;12;Unknown;Unknown;;None;;;';;';;Y;;;;'15/01/2019 12:41:18;1;10367322;;LU;1;';';';';';Y;#A1/K1;APPART;DEEL_APP_GEBOUW - PARTIE_IMMEUBLE_APP;APPART;;;';;';;Y;;;;'15/01/2019 12:41:18
;;;Zoning;6807323;'20200219142313;W03-C-Antwerpen-West-FH07;6807323;'20200219142313;W03-C-Antwerpen-West-FH07;19084;FTTH-Cu;;';';;;;;;;683314;'20191021130225;2061344;'1630000;'32831;Lange Vlierstraat;'12;';2000;Antwerpen;;'151971,481;'211605,265;';Y;NA;4;12;Unknown;Unknown;;None;;;';;';;Y;;;;'15/01/2019 12:41:18;2;10367530;;LU;1;';';';';';Y;#A2/K2;APPART;DEEL_APP_GEBOUW - PARTIE_IMMEUBLE_APP;APPART;;;';;';;Y;;;;'15/01/2019 12:41:18
;;;Zoning;6807323;'20200219142313;W03-C-Antwerpen-West-FH07;6807323;'20200219142313;W03-C-Antwerpen-West-FH07;19084;FTTH-Cu;;';';;;;;;;683314;'20191021130225;2061344;'1630000;'32831;Lange Vlierstraat;'12;';2000;Antwerpen;;'151971,481;'211605,265;';Y;NA;4;12;Unknown;Unknown;;None;;;';;';;Y;;;;'15/01/2019 12:41:18;3;10369415;;LU;1;';';';';';Y;#A3.4/K3;APPART;DEEL_APP_GEBOUW - PARTIE_IMMEUBLE_APP;APPART;;;';;';;Y;;;;'15/01/2019 12:41:18
;;;Zoning;6807323;'20200219142313;W03-C-Antwerpen-West-FH07;6807323;'20200219142313;W03-C-Antwerpen-West-FH07;19084;FTTH-Cu;;';';;;;;;;683314;'20191021130225;2061344;'1630000;'32831;Lange Vlierstraat;'12;';2000;Antwerpen;;'151971,481;'211605,265;';Y;NA;4;12;Unknown;Unknown;;None;;;';;';;Y;;;;'15/01/2019 12:41:18;4;10371215;;LU;1;';';';';';Y;#A.GV/K.GV;APPART;DEEL_APP_GEBOUW - PARTIE_IMMEUBLE_APP;APPART;;;';;';;Y;;;;'15/01/2019 12:41:18
;;;Zoning;6807323;'20200219142313;W03-C-Antwerpen-West-FH07;6807323;'20200219142313;W03-C-Antwerpen-West-FH07;19084;FTTH-Cu;11382561;'20191021125245;'Lange vlierstraat 11,13;;;;;;;11377760;'20191021125110;4506593;'1630000;'32831;Lange Vlierstraat;'13;';2000;Antwerpen;;'151985,29;'211621,687;';Y;NA;4;12;Unknown;Unknown;;None;;;';;';;Y;;;;'15/01/2019 12:41:18;1;11085978;;BU;1;';';';';';;;;;;;;';;';;Y;;;;'15/01/2019 12:41:18
;;;Zoning;6807323;'20200219142313;W03-C-Antwerpen-West-FH07;6807323;'20200219142313;W03-C-Antwerpen-West-FH07;19084;FTTH-Cu;11382561;'20191021125245;'Lange vlierstraat 11,13;;;;;;;11377760;'20191021125110;4506593;'1630000;'32831;Lange Vlierstraat;'13;';2000;Antwerpen;;'151985,29;'211621,687;';Y;NA;4;12;Unknown;Unknown;;None;;;';;';;Y;;;;'15/01/2019 12:41:18;2;11085979;;BU;1;';';';';';;;;;;;;';;';;Y;;;;'15/01/2019 12:41:18
;;;Zoning;6807323;'20200219142313;W03-C-Antwerpen-West-FH07;6807323;'20200219142313;W03-C-Antwerpen-West-FH07;19084;FTTH-Cu;;';';;;;;;;726215;'20200110131617;976536;'1630000;'32831;Lange Vlierstraat;'14;';2000;Antwerpen;;'151977,593;'211600,708;';Y;NA;5;15;Unknown;Unknown;;None;;;';;';;Y;;;;'15/01/2019 12:41:18;1;1652802;;LU;1;';';';';';Y;#A1/K2;APPART;DEEL_APP_GEBOUW - PARTIE_IMMEUBLE_APP;APPART;;;';;';;Y;;;;'15/01/2019 12:41:18
;;;Zoning;6807323;'20200219142313;W03-C-Antwerpen-West-FH07;6807323;'20200219142313;W03-C-Antwerpen-West-FH07;19084;FTTH-Cu;;';';;;;;;;726215;'20200110131617;976536;'1630000;'32831;Lange Vlierstraat;'14;';2000;Antwerpen;;'151977,593;'211600,708;';Y;NA;5;15;Unknown;Unknown;;None;;;';;';;Y;;;;'15/01/2019 12:41:18;2;1652990;;LU;1;';';';';';Y;#A2/K1;APPART;DEEL_APP_GEBOUW - PARTIE_IMMEUBLE_APP;APPART;;;';;';;Y;;;;'15/01/2019 12:41:18
;;;Zoning;6807323;'20200219142313;W03-C-Antwerpen-West-FH07;6807323;'20200219142313;W03-C-Antwerpen-West-FH07;19084;FTTH-Cu;;';';;;;;;;696484;'20191021125053;4252190;'1630000;'32831;Lange Vlierstraat;'15;';2000;Antwerpen;;'151990,912;'211616,901;';Y;NA;3;9;Unknown;Unknown;;None;;;';;';;Y;;;;'15/01/2019 12:41:18;1;1662022;;LU;1;';';';';';Y;;HOUSE;WONING - MAISON;NA;;;';;';;Y;;;;'15/01/2019 12:41:18
;;;Zoning;6807323;'20200219142313;W03-C-Antwerpen-West-FH07;6807323;'20200219142313;W03-C-Antwerpen-West-FH07;19084;FTTH-Cu;;';';;;;;;;683315;'20191021125045;2061345;'1630000;'32831;Lange Vlierstraat;'17;';2000;Antwerpen;;'151994,606;'211615,523;';Y;NA;4;12;Unknown;Unknown;;None;;;';;';;Y;;;;'15/01/2019 12:41:18;1;1674577;;LU;1;';';';';';Y;;APTBLD;APPARTEMENTSGEBOUW - IMMEUBLE A APPARTEMENTS;NA;;;';;';;Y;;;;'15/01/2019 12:41:18
;;;Zoning;6807323;'20200219142313;W03-C-Antwerpen-West-FH07;6807323;'20200219142313;W03-C-Antwerpen-West-FH07;19084;FTTH-Cu;;';';;;;;;;683315;'20191021125045;2061345;'1630000;'32831;Lange Vlierstraat;'17;';2000;Antwerpen;;'151994,606;'211615,523;';Y;NA;4;12;Unknown;Unknown;;None;;;';;';;Y;;;;'15/01/2019 12:41:18;2;1674578;;LU;1;';';';';';Y;;APTBLD;APPARTEMENTSGEBOUW - IMMEUBLE A APPARTEMENTS;NA;;;';;';;Y;;;;'15/01/2019 12:41:18
;;;Zoning;6807323;'20200219142313;W03-C-Antwerpen-West-FH07;6807323;'20200219142313;W03-C-Antwerpen-West-FH07;19084;FTTH-Cu;;';';;;;;;;683315;'20191021125045;2061345;'1630000;'32831;Lange Vlierstraat;'17;';2000;Antwerpen;;'151994,606;'211615,523;';Y;NA;4;12;Unknown;Unknown;;None;;;';;';;Y;;;;'15/01/2019 12:41:18;3;1674579;;LU;1;';';';';';Y;;APTBLD;APPARTEMENTSGEBOUW - IMMEUBLE A APPARTEMENTS;NA;;;';;';;Y;;;;'15/01/2019 12:41:18
;;;Zoning;6807323;'20200219142313;W03-C-Antwerpen-West-FH07;6807323;'20200219142313;W03-C-Antwerpen-West-FH07;19084;FTTH-Cu;;';';;;;;;;683315;'20191021125045;2061345;'1630000;'32831;Lange Vlierstraat;'17;';2000;Antwerpen;;'151994,606;'211615,523;';Y;NA;4;12;Unknown;Unknown;;None;;;';;';;Y;;;;'15/01/2019 12:41:18;4;1674580;;LU;1;';';';';';Y;;APTBLD;APPARTEMENTSGEBOUW - IMMEUBLE A APPARTEMENTS;NA;;;';;';;Y;;;;'15/01/2019 12:41:18
;;;Zoning;6807323;'20200219142313;W03-C-Antwerpen-West-FH07;6807323;'20200219142313;W03-C-Antwerpen-West-FH07;19084;FTTH-Cu;;';';;;;;;;683316;'20191021130258;2061346;'1630000;'32831;Lange Vlierstraat;'18;';2000;Antwerpen;;'151987,771;'211594,22;';Y;NA;4;12;Unknown;Unknown;;None;;;';;';;Y;;;;'15/01/2019 12:41:18;1;1680090;;LU;1;';';';';';Y;;COMM;HANDELSZAAK - COMMERCE;NA;;;';;';;Y;;;;'15/01/2019 12:41:18
;;;Zoning;6807323;'20200219142313;W03-C-Antwerpen-West-FH07;6807323;'20200219142313;W03-C-Antwerpen-West-FH07;19084;FTTH-Cu;;';';;;;;;;683316;'20191021130258;2061346;'1630000;'32831;Lange Vlierstraat;'18;';2000;Antwerpen;;'151987,771;'211594,22;';Y;NA;4;12;Unknown;Unknown;;None;;;';;';;Y;;;;'15/01/2019 12:41:18;2;1680091;;LU;1;';';';';';Y;;COMM;HANDELSZAAK - COMMERCE;NA;;;';;';;Y;;;;'15/01/2019 12:41:18
;;;Zoning;6807323;'20200219142313;W03-C-Antwerpen-West-FH07;6807323;'20200219142313;W03-C-Antwerpen-West-FH07;19084;FTTH-Cu;;';';;;;;;;683316;'20191021130258;2061346;'1630000;'32831;Lange Vlierstraat;'18;';2000;Antwerpen;;'151987,771;'211594,22;';Y;NA;4;12;Unknown;Unknown;;None;;;';;';;Y;;;;'15/01/2019 12:41:18;3;1680092;;LU;1;';';';';';Y;;COMM;HANDELSZAAK - COMMERCE;NA;;;';;';;Y;;;;'15/01/2019 12:41:18
;;;Zoning;6807323;'20200219142313;W03-C-Antwerpen-West-FH07;6807323;'20200219142313;W03-C-Antwerpen-West-FH07;19084;FTTH-Cu;;';';;;;;;;683316;'20191021130258;2061346;'1630000;'32831;Lange Vlierstraat;'18;';2000;Antwerpen;;'151987,771;'211594,22;';Y;NA;4;12;Unknown;Unknown;;None;;;';;';;Y;;;;'15/01/2019 12:41:18;4;1680093;;LU;1;';';';';';Y;;COMM;HANDELSZAAK - COMMERCE;NA;;;';;';;Y;;;;'15/01/2019 12:41:18
;;;Zoning;6807323;'20200219142313;W03-C-Antwerpen-West-FH07;6807323;'20200219142313;W03-C-Antwerpen-West-FH07;19084;FTTH-Cu;;';';;;;;;;683316;'20191021130258;2061346;'1630000;'32831;Lange Vlierstraat;'18;';2000;Antwerpen;;'151987,771;'211594,22;';Y;NA;4;12;Unknown;Unknown;;None;;;';;';;Y;;;;'15/01/2019 12:41:18;5;1680094;;LU;1;';';';';';Y;;COMM;HANDELSZAAK - COMMERCE;NA;;;';;';;Y;;;;'15/01/2019 12:41:18
;;;Zoning;6807323;'20200219142313;W03-C-Antwerpen-West-FH07;6807323;'20200219142313;W03-C-Antwerpen-West-FH07;19084;FTTH-Cu;;';';;;;;;;683316;'20191021130258;2061346;'1630000;'32831;Lange Vlierstraat;'18;';2000;Antwerpen;;'151987,771;'211594,22;';Y;NA;4;12;Unknown;Unknown;;None;;;';;';;Y;;;;'15/01/2019 12:41:18;6;1680095;;LU;1;';';';';';Y;;COMM;HANDELSZAAK - COMMERCE;NA;;;';;';;Y;;;;'15/01/2019 12:41:18
;;;Zoning;6807323;'20200219142313;W03-C-Antwerpen-West-FH07;6807323;'20200219142313;W03-C-Antwerpen-West-FH07;19084;FTTH-Cu;;';';;;;;;;683316;'20191021130258;2061346;'1630000;'32831;Lange Vlierstraat;'18;';2000;Antwerpen;;'151987,771;'211594,22;';Y;NA;4;12;Unknown;Unknown;;None;;;';;';;Y;;;;'15/01/2019 12:41:18;7;1680096;;LU;1;';';';';';Y;;COMM;HANDELSZAAK - COMMERCE;NA;;;';;';;Y;;;;'15/01/2019 12:41:18
;;;Zoning;6807323;'20200219142313;W03-C-Antwerpen-West-FH07;6807323;'20200219142313;W03-C-Antwerpen-West-FH07;19084;FTTH-Cu;;';';;;;;;;683317;'20191021125046;2061348;'1630000;'32831;Lange Vlierstraat;'19;';2000;Antwerpen;;'151999,234;'211612,58;';Y;NA;5;15;Unknown;Unknown;;None;;;';;';;Y;;;;'15/01/2019 12:41:18;1;1685775;;LU;1;';';';';';Y;;APTBLD;APPARTEMENTSGEBOUW - IMMEUBLE A APPARTEMENTS;NA;;;';;';;Y;;;;'15/01/2019 12:41:18
;;;Zoning;6807323;'20200219142313;W03-C-Antwerpen-West-FH07;6807323;'20200219142313;W03-C-Antwerpen-West-FH07;19084;FTTH-Cu;;';';;;;;;;683317;'20191021125046;2061348;'1630000;'32831;Lange Vlierstraat;'19;';2000;Antwerpen;;'151999,234;'211612,58;';Y;NA;5;15;Unknown;Unknown;;None;;;';;';;Y;;;;'15/01/2019 12:41:18;2;1685776;;LU;1;';';';';';Y;;APTBLD;APPARTEMENTSGEBOUW - IMMEUBLE A APPARTEMENTS;NA;;;';;';;Y;;;;'15/01/2019 12:41:18
;;;Zoning;6807323;'20200219142313;W03-C-Antwerpen-West-FH07;6807323;'20200219142313;W03-C-Antwerpen-West-FH07;19084;FTTH-Cu;;';';;;;;;;683317;'20191021125046;2061348;'1630000;'32831;Lange Vlierstraat;'19;';2000;Antwerpen;;'151999,234;'211612,58;';Y;NA;5;15;Unknown;Unknown;;None;;;';;';;Y;;;;'15/01/2019 12:41:18;3;1685777;;LU;1;';';';';';Y;;APTBLD;APPARTEMENTSGEBOUW - IMMEUBLE A APPARTEMENTS;NA;;;';;';;Y;;;;'15/01/2019 12:41:18
;;;Zoning;6807323;'20200219142313;W03-C-Antwerpen-West-FH07;6807323;'20200219142313;W03-C-Antwerpen-West-FH07;19084;FTTH-Cu;;';';;;;;;;683317;'20191021125046;2061348;'1630000;'32831;Lange Vlierstraat;'19;';2000;Antwerpen;;'151999,234;'211612,58;';Y;NA;5;15;Unknown;Unknown;;None;;;';;';;Y;;;;'15/01/2019 12:41:18;4;1685778;;LU;1;';';';';';Y;;APTBLD;APPARTEMENTSGEBOUW - IMMEUBLE A APPARTEMENTS;NA;;;';;';;Y;;;;'15/01/2019 12:41:18
;;;Zoning;6807323;'20200219142313;W03-C-Antwerpen-West-FH07;6807323;'20200219142313;W03-C-Antwerpen-West-FH07;19084;FTTH-Cu;;';';;;;;;;683317;'20191021125046;2061348;'1630000;'32831;Lange Vlierstraat;'19;';2000;Antwerpen;;'151999,234;'211612,58;';Y;NA;5;15;Unknown;Unknown;;None;;;';;';;Y;;;;'15/01/2019 12:41:18;5;1685779;;LU;1;';';';';';Y;;APTBLD;APPARTEMENTSGEBOUW - IMMEUBLE A APPARTEMENTS;NA;;;';;';;Y;;;;'15/01/2019 12:41:18
;;;Zoning;6807323;'20200219142313;W03-C-Antwerpen-West-FH07;6807323;'20200219142313;W03-C-Antwerpen-West-FH07;19084;FTTH-Cu;;';';;;;;;;683318;'20191021130258;2061349;'1630000;'32831;Lange Vlierstraat;'20;';2000;Antwerpen;;'151993,901;'211590,565;';Y;NA;4;12;Unknown;Unknown;;None;;;';;';;Y;;;;'15/01/2019 12:41:18;1;1698401;;LU;1;';';';';';Y;;COMM;HANDELSZAAK - COMMERCE;NA;;;';;';;Y;;;;'15/01/2019 12:41:18
;;;Zoning;6807323;'20200219142313;W03-C-Antwerpen-West-FH07;6807323;'20200219142313;W03-C-Antwerpen-West-FH07;19084;FTTH-Cu;;';';;;;;;;683318;'20191021130258;2061349;'1630000;'32831;Lange Vlierstraat;'20;';2000;Antwerpen;;'151993,901;'211590,565;';Y;NA;4;12;Unknown;Unknown;;None;;;';;';;Y;;;;'15/01/2019 12:41:18;2;1698402;;LU;1;';';';';';Y;;COMM;HANDELSZAAK - COMMERCE;NA;;;';;';;Y;;;;'15/01/2019 12:41:18
;;;Zoning;6807323;'20200219142313;W03-C-Antwerpen-West-FH07;6807323;'20200219142313;W03-C-Antwerpen-West-FH07;19084;FTTH-Cu;;';';;;;;;;683318;'20191021130258;2061349;'1630000;'32831;Lange Vlierstraat;'20;';2000;Antwerpen;;'151993,901;'211590,565;';Y;NA;4;12;Unknown;Unknown;;None;;;';;';;Y;;;;'15/01/2019 12:41:18;3;11086988;;LU;1;';';';';';;;;;;;;';;';;Y;;;;'15/01/2019 12:41:18
;;;Zoning;6807323;'20200219142313;W03-C-Antwerpen-West-FH07;6807323;'20200219142313;W03-C-Antwerpen-West-FH07;19084;FTTH-Cu;;';';;;;;;;683318;'20191021130258;2061349;'1630000;'32831;Lange Vlierstraat;'20;';2000;Antwerpen;;'151993,901;'211590,565;';Y;NA;4;12;Unknown;Unknown;;None;;;';;';;Y;;;;'15/01/2019 12:41:18;4;11086989;;LU;1;';';';';';;;;;;;;';;';;Y;;;;'15/01/2019 12:41:18
;;;Zoning;6807323;'20200219142313;W03-C-Antwerpen-West-FH07;6807323;'20200219142313;W03-C-Antwerpen-West-FH07;19084;FTTH-Cu;;';';;;;;;;683319;'20191021125031;2061350;'1630000;'32831;Lange Vlierstraat;'21;';2000;Antwerpen;;'152004,03;'211608,946;';Y;NA;4;13;Unknown;Unknown;;None;;;';;';;Y;;;;'15/01/2019 12:41:18;1;1701553;;LU;1;';';';';';Y;#A1/K1;APPART;DEEL_APP_GEBOUW - PARTIE_IMMEUBLE_APP;APPART;;;';;';;Y;;;;'15/01/2019 12:41:18
;;;Zoning;6807323;'20200219142313;W03-C-Antwerpen-West-FH07;6807323;'20200219142313;W03-C-Antwerpen-West-FH07;19084;FTTH-Cu;;';';;;;;;;683319;'20191021125031;2061350;'1630000;'32831;Lange Vlierstraat;'21;';2000;Antwerpen;;'152004,03;'211608,946;';Y;NA;4;13;Unknown;Unknown;;None;;;';;';;Y;;;;'15/01/2019 12:41:18;2;1701796;;LU;1;';';';';';Y;#A2/K2-S2;APPART;DEEL_APP_GEBOUW - PARTIE_IMMEUBLE_APP;APPART;;;';;';;Y;;;;'15/01/2019 12:41:18
;;;Zoning;6807323;'20200219142313;W03-C-Antwerpen-West-FH07;6807323;'20200219142313;W03-C-Antwerpen-West-FH07;19084;FTTH-Cu;;';';;;;;;;683319;'20191021125031;2061350;'1630000;'32831;Lange Vlierstraat;'21;';2000;Antwerpen;;'152004,03;'211608,946;';Y;NA;4;13;Unknown;Unknown;;None;;;';;';;Y;;;;'15/01/2019 12:41:18;3;1701940;;LU;1;';';';';';Y;#A3/K3;APPART;DEEL_APP_GEBOUW - PARTIE_IMMEUBLE_APP;APPART;;;';;';;Y;;;;'15/01/2019 12:41:18
;;;Zoning;6807323;'20200219142313;W03-C-Antwerpen-West-FH07;6807323;'20200219142313;W03-C-Antwerpen-West-FH07;19084;FTTH-Cu;;';';;;;;;;683320;'20191021130258;2061351;'1630000;'32831;Lange Vlierstraat;'22;';2000;Antwerpen;;'151999,581;'211587,142;';Y;NA;3;9;Unknown;Unknown;;None;;;';;';;Y;;;;'15/01/2019 12:41:18;1;1708466;;LU;1;';';';';';Y;;HOUSE;WONING - MAISON;NA;;;';;';;Y;;;;'15/01/2019 12:41:18
;;;Zoning;6807323;'20200219142313;W03-C-Antwerpen-West-FH07;6807323;'20200219142313;W03-C-Antwerpen-West-FH07;19084;FTTH-Cu;;';';;;;;;;683320;'20191021130258;2061351;'1630000;'32831;Lange Vlierstraat;'22;';2000;Antwerpen;;'151999,581;'211587,142;';Y;NA;3;9;Unknown;Unknown;;None;;;';;';;Y;;;;'15/01/2019 12:41:18;2;1708467;;LU;1;';';';';';Y;;HOUSE;WONING - MAISON;NA;;;';;';;Y;;;;'15/01/2019 12:41:18
;;;Zoning;6807323;'20200219142313;W03-C-Antwerpen-West-FH07;6807323;'20200219142313;W03-C-Antwerpen-West-FH07;19084;FTTH-Cu;;';';;;;;;;683320;'20191021130258;2061351;'1630000;'32831;Lange Vlierstraat;'22;';2000;Antwerpen;;'151999,581;'211587,142;';Y;NA;3;9;Unknown;Unknown;;None;;;';;';;Y;;;;'15/01/2019 12:41:18;3;1708468;;LU;1;';';';';';Y;;HOUSE;WONING - MAISON;NA;;;';;';;Y;;;;'15/01/2019 12:41:18
;;;Zoning;6807323;'20200219142313;W03-C-Antwerpen-West-FH07;6807323;'20200219142313;W03-C-Antwerpen-West-FH07;19084;FTTH-Cu;;';';;;;;;;683321;'20191021125019;2061352;'1630000;'32831;Lange Vlierstraat;'23;';2000;Antwerpen;;'152009,528;'211604,631;';Y;NA;9;4;Unknown;Unknown;;None;;;';IFH_BATCH;'12/07/2019 07:39:47;;Y;;;;'12/07/2019 07:28:35;1;1713037;;LU;1;';';';';';Y;;HOUSE;WONING - MAISON;NA;;;';;';;Y;;;;'12/07/2019 07:28:35
;;;Zoning;6807323;'20200219142313;W03-C-Antwerpen-West-FH07;6807323;'20200219142313;W03-C-Antwerpen-West-FH07;19084;FTTH-Cu;;';';;;;;;;709018;'20191021130258;4518334;'1630000;'32831;Lange Vlierstraat;'24;';2000;Antwerpen;;'152005,222;'211584,525;';Y;NA;3;4;Unknown;Unknown;;None;;;';IFH_BATCH;'12/07/2019 07:39:42;;Y;;;;'12/07/2019 07:28:35;1;1717342;;LU;1;';';';';';Y;;HOUSE;WONING - MAISON;NA;;;';;';;Y;;;;'12/07/2019 07:28:35
;;;Zoning;6807323;'20200219142313;W03-C-Antwerpen-West-FH07;6807323;'20200219142313;W03-C-Antwerpen-West-FH07;19084;FTTH-Cu;;';';;;;;;;683322;'20191021125010;2061353;'1630000;'32831;Lange Vlierstraat;'25;';2000;Antwerpen;;'152013,967;'211602,273;';Y;NA;4;12;Unknown;Unknown;;None;;;';;';;Y;;;;'15/01/2019 12:41:18;1;1721385;;LU;1;';';';';';Y;;COMM;HANDELSZAAK - COMMERCE;NA;;;';;';;Y;;;;'15/01/2019 12:41:18
;;;Zoning;6807323;'20200219142313;W03-C-Antwerpen-West-FH07;6807323;'20200219142313;W03-C-Antwerpen-West-FH07;19084;FTTH-Cu;;';';;;;;;;683322;'20191021125010;2061353;'1630000;'32831;Lange Vlierstraat;'25;';2000;Antwerpen;;'152013,967;'211602,273;';Y;NA;4;12;Unknown;Unknown;;None;;;';;';;Y;;;;'15/01/2019 12:41:18;2;1721386;;LU;1;';';';';';Y;;COMM;HANDELSZAAK - COMMERCE;NA;;;';;';;Y;;;;'15/01/2019 12:41:18
;;;Zoning;6807323;'20200219142313;W03-C-Antwerpen-West-FH07;6807323;'20200219142313;W03-C-Antwerpen-West-FH07;19084;FTTH-Cu;;';';;;;;;;683322;'20191021125010;2061353;'1630000;'32831;Lange Vlierstraat;'25;';2000;Antwerpen;;'152013,967;'211602,273;';Y;NA;4;12;Unknown;Unknown;;None;;;';;';;Y;;;;'15/01/2019 12:41:18;3;1721387;;LU;1;';';';';';Y;;COMM;HANDELSZAAK - COMMERCE;NA;;;';;';;Y;;;;'15/01/2019 12:41:18
;;;Zoning;6807323;'20200219142313;W03-C-Antwerpen-West-FH07;6807323;'20200219142313;W03-C-Antwerpen-West-FH07;19084;FTTH-Cu;;';';;;;;;;683322;'20191021125010;2061353;'1630000;'32831;Lange Vlierstraat;'25;';2000;Antwerpen;;'152013,967;'211602,273;';Y;NA;4;12;Unknown;Unknown;;None;;;';;';;Y;;;;'15/01/2019 12:41:18;4;1721388;;LU;1;';';';';';Y;;COMM;HANDELSZAAK - COMMERCE;NA;;;';;';;Y;;;;'15/01/2019 12:41:18
;;;Zoning;6807323;'20200219142313;W03-C-Antwerpen-West-FH07;6807323;'20200219142313;W03-C-Antwerpen-West-FH07;19084;FTTH-Cu;;';';;;;;;;683322;'20191021125010;2061353;'1630000;'32831;Lange Vlierstraat;'25;';2000;Antwerpen;;'152013,967;'211602,273;';Y;NA;4;12;Unknown;Unknown;;None;;;';;';;Y;;;;'15/01/2019 12:41:18;5;11086990;;LU;1;';';';';';;;;;;;;';;';;Y;;;;'15/01/2019 12:41:18
;;;Zoning;6807323;'20200219142313;W03-C-Antwerpen-West-FH07;6807323;'20200219142313;W03-C-Antwerpen-West-FH07;19084;FTTH-Cu;;';';;;;;;;683322;'20191021125010;2061353;'1630000;'32831;Lange Vlierstraat;'25;';2000;Antwerpen;;'152013,967;'211602,273;';Y;NA;4;12;Unknown;Unknown;;None;;;';;';;Y;;;;'15/01/2019 12:41:18;6;11086991;;LU;1;';';';';';;;;;;;;';;';;Y;;;;'15/01/2019 12:41:18
;;;Zoning;6807323;'20200219142313;W03-C-Antwerpen-West-FH07;6807323;'20200219142313;W03-C-Antwerpen-West-FH07;19084;FTTH-Cu;;';';;;;;;;726214;'20191021130258;976534;'1630000;'32831;Lange Vlierstraat;'26;';2000;Antwerpen;;'152010,027;'211581,366;';Y;NA;4;4;Unknown;Unknown;;None;;;';IFH_BATCH;'12/07/2019 07:39:45;;Y;;;;'12/07/2019 07:28:35;1;1725211;;BU;1;';';';';';Y;;HOUSE;WONING - MAISON;NA;;;';;';;Y;;;;'12/07/2019 07:28:35
;;;Zoning;6807323;'20200219142313;W03-C-Antwerpen-West-FH07;6807323;'20200219142313;W03-C-Antwerpen-West-FH07;19084;FTTH-Cu;;';';;;;;;;683323;'20191021125000;2061354;'1630000;'32831;Lange Vlierstraat;'27;';2000;Antwerpen;;'152018,634;'211598,646;';Y;NA;12;4;Unknown;Unknown;;None;;;';IFH_BATCH;'12/07/2019 07:39:50;;Y;;;;'12/07/2019 07:28:35;1;1729019;;LU;1;';';';';';Y;;HOUSE;WONING - MAISON;NA;;;';;';;Y;;;;'12/07/2019 07:28:35
;;;Zoning;6807323;'20200219142313;W03-C-Antwerpen-West-FH07;6807323;'20200219142313;W03-C-Antwerpen-West-FH07;19084;FTTH-Cu;;';';;;;;;;683323;'20191021125000;2061354;'1630000;'32831;Lange Vlierstraat;'27;';2000;Antwerpen;;'152018,634;'211598,646;';Y;NA;12;4;Unknown;Unknown;;None;;;';IFH_BATCH;'12/07/2019 07:39:50;;Y;;;;'12/07/2019 07:28:35;2;11086992;;LU;1;';';';';';;;;;;;;';;';;Y;;;;'12/07/2019 07:28:35
;;;Zoning;6807323;'20200219142313;W03-C-Antwerpen-West-FH07;6807323;'20200219142313;W03-C-Antwerpen-West-FH07;19084;FTTH-Cu;;';';;;;;;;683323;'20191021125000;2061354;'1630000;'32831;Lange Vlierstraat;'27;';2000;Antwerpen;;'152018,634;'211598,646;';Y;NA;12;4;Unknown;Unknown;;None;;;';IFH_BATCH;'12/07/2019 07:39:50;;Y;;;;'12/07/2019 07:28:35;3;11086993;;LU;1;';';';';';;;;;;;;';;';;Y;;;;'12/07/2019 07:28:35
;;;Zoning;6807323;'20200219142313;W03-C-Antwerpen-West-FH07;6807323;'20200219142313;W03-C-Antwerpen-West-FH07;19084;FTTH-Cu;;';';;;;;;;683323;'20191021125000;2061354;'1630000;'32831;Lange Vlierstraat;'27;';2000;Antwerpen;;'152018,634;'211598,646;';Y;NA;12;4;Unknown;Unknown;;None;;;';IFH_BATCH;'12/07/2019 07:39:50;;Y;;;;'12/07/2019 07:28:35;4;11086994;;LU;1;';';';';';;;;;;;;';;';;Y;;;;'12/07/2019 07:28:35
;;;Zoning;6807323;'20200219142313;W03-C-Antwerpen-West-FH07;6807323;'20200219142313;W03-C-Antwerpen-West-FH07;19084;FTTH-Cu;;';';;;;;;;683323;'20191021125000;2061354;'1630000;'32831;Lange Vlierstraat;'27;';2000;Antwerpen;;'152018,634;'211598,646;';Y;NA;12;4;Unknown;Unknown;;None;;;';IFH_BATCH;'12/07/2019 07:39:50;;Y;;;;'12/07/2019 07:28:35;5;11086995;;LU;1;';';';';';;;;;;;;';;';;Y;;;;'12/07/2019 07:28:35
;;;Zoning;6807323;'20200219142313;W03-C-Antwerpen-West-FH07;6807323;'20200219142313;W03-C-Antwerpen-West-FH07;19084;FTTH-Cu;;';';;;;;;;683324;'20191021124946;2061355;'1630000;'32831;Lange Vlierstraat;'29;';2000;Antwerpen;;'152023,499;'211595,817;';Y;NA;4;12;Unknown;Unknown;;None;;;';;';;Y;;;;'15/01/2019 12:41:18;1;1734411;;LU;1;';';';';';Y;#A.GV/K1;APPART;DEEL_APP_GEBOUW - PARTIE_IMMEUBLE_APP;APPART;;;';;';;Y;;;;'15/01/2019 12:41:18
;;;Zoning;6807323;'20200219142313;W03-C-Antwerpen-West-FH07;6807323;'20200219142313;W03-C-Antwerpen-West-FH07;19084;FTTH-Cu;;';';;;;;;;683324;'20191021124946;2061355;'1630000;'32831;Lange Vlierstraat;'29;';2000;Antwerpen;;'152023,499;'211595,817;';Y;NA;4;12;Unknown;Unknown;;None;;;';;';;Y;;;;'15/01/2019 12:41:18;2;1734538;;LU;1;';';';';';Y;#A1/K2;APPART;DEEL_APP_GEBOUW - PARTIE_IMMEUBLE_APP;APPART;;;';;';;Y;;;;'15/01/2019 12:41:18
;;;Zoning;6807323;'20200219142313;W03-C-Antwerpen-West-FH07;6807323;'20200219142313;W03-C-Antwerpen-West-FH07;19084;FTTH-Cu;;';';;;;;;;683324;'20191021124946;2061355;'1630000;'32831;Lange Vlierstraat;'29;';2000;Antwerpen;;'152023,499;'211595,817;';Y;NA;4;12;Unknown;Unknown;;None;;;';;';;Y;;;;'15/01/2019 12:41:18;3;1734780;;LU;1;';';';';';Y;#A2/K3;APPART;DEEL_APP_GEBOUW - PARTIE_IMMEUBLE_APP;APPART;;;';;';;Y;;;;'15/01/2019 12:41:18
;;;Zoning;6807323;'20200219142313;W03-C-Antwerpen-West-FH07;6807323;'20200219142313;W03-C-Antwerpen-West-FH07;19084;FTTH-Cu;;';';;;;;;;683324;'20191021124946;2061355;'1630000;'32831;Lange Vlierstraat;'29;';2000;Antwerpen;;'152023,499;'211595,817;';Y;NA;4;12;Unknown;Unknown;;None;;;';;';;Y;;;;'15/01/2019 12:41:18;4;1734912;;LU;1;';';';';';Y;#A3/K4;APPART;DEEL_APP_GEBOUW - PARTIE_IMMEUBLE_APP;APPART;;;';;';;Y;;;;'15/01/2019 12:41:18
;;;Zoning;6807323;'20200219142313;W03-C-Antwerpen-West-FH07;6807323;'20200219142313;W03-C-Antwerpen-West-FH07;19084;FTTH-Cu;;';';;;;;;;683324;'20191021124946;2061355;'1630000;'32831;Lange Vlierstraat;'29;';2000;Antwerpen;;'152023,499;'211595,817;';Y;NA;4;12;Unknown;Unknown;;None;;;';;';;Y;;;;'15/01/2019 12:41:18;5;11086996;;LU;1;';';';';';;;;;;;;';;';;Y;;;;'15/01/2019 12:41:18
;;;Zoning;6807323;'20200219142313;W03-C-Antwerpen-West-FH07;6807323;'20200219142313;W03-C-Antwerpen-West-FH07;19084;FTTH-Cu;;';';;;;;;;683325;'20191021124915;2061356;'1630000;'32831;Lange Vlierstraat;'31;';2000;Antwerpen;;'152027,612;'211592,195;';Y;NA;5;15;Unknown;Unknown;;None;;;';;';;Y;;;;'15/01/2019 12:41:18;1;1748664;;LU;1;';';';';';Y;;COMM;HANDELSZAAK - COMMERCE;NA;;;';;';;Y;;;;'15/01/2019 12:41:18
;;;Zoning;6807323;'20200219142313;W03-C-Antwerpen-West-FH07;6807323;'20200219142313;W03-C-Antwerpen-West-FH07;19084;FTTH-Cu;;';';;;;;;;683325;'20191021124915;2061356;'1630000;'32831;Lange Vlierstraat;'31;';2000;Antwerpen;;'152027,612;'211592,195;';Y;NA;5;15;Unknown;Unknown;;None;;;';;';;Y;;;;'15/01/2019 12:41:18;2;1748665;;LU;1;';';';';';Y;;COMM;HANDELSZAAK - COMMERCE;NA;;;';;';;Y;;;;'15/01/2019 12:41:18
;;;Zoning;6807323;'20200219142313;W03-C-Antwerpen-West-FH07;6807323;'20200219142313;W03-C-Antwerpen-West-FH07;19084;FTTH-Cu;;';';;;;;;;683325;'20191021124915;2061356;'1630000;'32831;Lange Vlierstraat;'31;';2000;Antwerpen;;'152027,612;'211592,195;';Y;NA;5;15;Unknown;Unknown;;None;;;';;';;Y;;;;'15/01/2019 12:41:18;3;1748666;;LU;1;';';';';';Y;;COMM;HANDELSZAAK - COMMERCE;NA;;;';;';;Y;;;;'15/01/2019 12:41:18
;;;Zoning;6807323;'20200219142313;W03-C-Antwerpen-West-FH07;6807323;'20200219142313;W03-C-Antwerpen-West-FH07;19084;FTTH-Cu;;';';;;;;;;683325;'20191021124915;2061356;'1630000;'32831;Lange Vlierstraat;'31;';2000;Antwerpen;;'152027,612;'211592,195;';Y;NA;5;15;Unknown;Unknown;;None;;;';;';;Y;;;;'15/01/2019 12:41:18;4;1748667;;LU;1;';';';';';Y;;COMM;HANDELSZAAK - COMMERCE;NA;;;';;';;Y;;;;'15/01/2019 12:41:18
;;;Zoning;6807323;'20200219142313;W03-C-Antwerpen-West-FH07;6807323;'20200219142313;W03-C-Antwerpen-West-FH07;19084;FTTH-Cu;;';';;;;;;;683325;'20191021124915;2061356;'1630000;'32831;Lange Vlierstraat;'31;';2000;Antwerpen;;'152027,612;'211592,195;';Y;NA;5;15;Unknown;Unknown;;None;;;';;';;Y;;;;'15/01/2019 12:41:18;5;11086997;;LU;1;';';';';';;;;;;;;';;';;Y;;;;'15/01/2019 12:41:18
;;;Zoning;6807323;'20200219142313;W03-C-Antwerpen-West-FH07;6807323;'20200219142313;W03-C-Antwerpen-West-FH07;19084;FTTH-Cu;;';';;;;;;;683325;'20191021124915;2061356;'1630000;'32831;Lange Vlierstraat;'31;';2000;Antwerpen;;'152027,612;'211592,195;';Y;NA;5;15;Unknown;Unknown;;None;;;';;';;Y;;;;'15/01/2019 12:41:18;6;11086998;;LU;1;';';';';';;;;;;;;';;';;Y;;;;'15/01/2019 12:41:18
;;;Zoning;6807323;'20200219142313;W03-C-Antwerpen-West-FH07;6807323;'20200219142313;W03-C-Antwerpen-West-FH07;19084;FTTH-Cu;;';';;;;;;;683325;'20191021124915;2061356;'1630000;'32831;Lange Vlierstraat;'31;';2000;Antwerpen;;'152027,612;'211592,195;';Y;NA;5;15;Unknown;Unknown;;None;;;';;';;Y;;;;'15/01/2019 12:41:18;7;11086999;;LU;1;';';';';';;;;;;;;';;';;Y;;;;'15/01/2019 12:41:18
;;;Zoning;6807323;'20200219142313;W03-C-Antwerpen-West-FH07;6807323;'20200219142313;W03-C-Antwerpen-West-FH07;19084;FTTH-Cu;;';';;;;;;;683325;'20191021124915;2061356;'1630000;'32831;Lange Vlierstraat;'31;';2000;Antwerpen;;'152027,612;'211592,195;';Y;NA;5;15;Unknown;Unknown;;None;;;';;';;Y;;;;'15/01/2019 12:41:18;8;11087000;;LU;1;';';';';';;;;;;;;';;';;Y;;;;'15/01/2019 12:41:18
;;;Zoning;6807323;'20200219142313;W03-C-Antwerpen-West-FH07;6807323;'20200219142313;W03-C-Antwerpen-West-FH07;19084;FTTH-Cu;;';';;;;;;;683325;'20191021124915;2061356;'1630000;'32831;Lange Vlierstraat;'31;';2000;Antwerpen;;'152027,612;'211592,195;';Y;NA;5;15;Unknown;Unknown;;None;;;';;';;Y;;;;'15/01/2019 12:41:18;9;11087001;;LU;1;';';';';';;;;;;;;';;';;Y;;;;'15/01/2019 12:41:18
;;;Zoning;6807323;'20200219142313;W03-C-Antwerpen-West-FH07;6807323;'20200219142313;W03-C-Antwerpen-West-FH07;19084;FTTH-Cu;;';';;;;;;;683325;'20191021124915;2061356;'1630000;'32831;Lange Vlierstraat;'31;';2000;Antwerpen;;'152027,612;'211592,195;';Y;NA;5;15;Unknown;Unknown;;None;;;';;';;Y;;;;'15/01/2019 12:41:18;10;11087002;;LU;1;';';';';';;;;;;;;';;';;Y;;;;'15/01/2019 12:41:18
;;;Zoning;6807323;'20200219142313;W03-C-Antwerpen-West-FH07;6807323;'20200219142313;W03-C-Antwerpen-West-FH07;19084;FTTH-Cu;;';';;;;;;;683326;'20191021124925;2061357;'1630000;'32831;Lange Vlierstraat;'33;';2000;Antwerpen;;'152036,217;'211591,685;';Y;NA;4;12;Unknown;Unknown;;None;;;';;';;Y;;;;'15/01/2019 12:41:18;1;1753730;;BU;1;';';';';';Y;#KAVEL1;APPART;DEEL_APP_GEBOUW - PARTIE_IMMEUBLE_APP;ROOM;;;';;';;Y;;;;'15/01/2019 12:41:18
;;;Zoning;6807323;'20200219142313;W03-C-Antwerpen-West-FH07;6807323;'20200219142313;W03-C-Antwerpen-West-FH07;19084;FTTH-Cu;;';';;;;;;;11377762;'20191021124925;61005;'1630000;'32831;Lange Vlierstraat;'35;';2000;Antwerpen;;'152035,372;'211588,036;';Y;NA;1;3;Unknown;Unknown;;None;;;';;';;Y;;;;'15/01/2019 12:41:18;1;11085980;;BU;1;';';';';';;;;;;;;';;';;Y;;;;'15/01/2019 12:41:18
;;;Zoning;6807323;'20200219142313;W03-C-Antwerpen-West-FH07;6807323;'20200219142313;W03-C-Antwerpen-West-FH07;19084;FTTH-Cu;;';';;;;;;;714446;'20191016102210;60734;'1630000;'18277;Leeuwenstraat;'1;';2000;Antwerpen;;'152148,325;'212100,992;';N;ORN;3;9;Unknown;Unknown;;None;;;';;';;Y;;;;'17/01/2019 15:49:17;1;1615170;;LU;1;';';';';';Y;;HOUSE;WONING - MAISON;NA;;;';;';;Y;;;;'17/01/2019 15:49:17
;;;Zoning;6807323;'20200219142313;W03-C-Antwerpen-West-FH07;6807323;'20200219142313;W03-C-Antwerpen-West-FH07;19084;FTTH-Cu;;';';;;;;;;714446;'20191016102210;60734;'1630000;'18277;Leeuwenstraat;'1;';2000;Antwerpen;;'152148,325;'212100,992;';N;ORN;3;9;Unknown;Unknown;;None;;;';;';;Y;;;;'17/01/2019 15:49:17;2;11087783;;LU;1;';';';';';;;;;;;;';;';;Y;;;;'17/01/2019 15:49:17
;;;Zoning;6807323;'20200219142313;W03-C-Antwerpen-West-FH07;6807323;'20200219142313;W03-C-Antwerpen-West-FH07;19084;FTTH-Cu;;';';;;;;;;11377978;'20191016100204;5698232;'1630000;'18277;Leeuwenstraat;'2;';2000;Antwerpen;;'152133,937;'212107,386;';Y;NA;4;4;Unknown;Unknown;;None;;;';IFH_BATCH;'12/07/2019 07:31:58;;Y;;;;'12/07/2019 07:28:35;1;11086070;;BU;1;';';';';';;;;;;;;';;';;Y;;;;'12/07/2019 07:28:35
;;;Zoning;6807323;'20200219142313;W03-C-Antwerpen-West-FH07;6807323;'20200219142313;W03-C-Antwerpen-West-FH07;19084;FTTH-Cu;;';';;;;;;;714445;'20191016094444;60733;'1630000;'18277;Leeuwenstraat;'4;';2000;Antwerpen;;'152131,914;'212103,594;';Y;MON;3;0;Unknown;Unknown;;None;;;';IFH_BATCH;'12/07/2019 07:31:49;;Y;;;;'12/07/2019 07:28:35;1;1775795;;LU;1;';';';';';Y;;HOUSE;WONING - MAISON;NA;;;';;';;Y;;;;'12/07/2019 07:28:35
;;;Zoning;6807323;'20200219142313;W03-C-Antwerpen-West-FH07;6807323;'20200219142313;W03-C-Antwerpen-West-FH07;19084;FTTH-Cu;;';';;;;;;;714445;'20191016094444;60733;'1630000;'18277;Leeuwenstraat;'4;';2000;Antwerpen;;'152131,914;'212103,594;';Y;MON;3;0;Unknown;Unknown;;None;;;';IFH_BATCH;'12/07/2019 07:31:49;;Y;;;;'12/07/2019 07:28:35;2;11086723;;LU;1;';';';';';;;;;;;;';;';;Y;;;;'12/07/2019 07:28:35
;;;Zoning;6807323;'20200219142313;W03-C-Antwerpen-West-FH07;6807323;'20200219142313;W03-C-Antwerpen-West-FH07;19084;FTTH-Cu;;';';;;;;;;714445;'20191016094444;60733;'1630000;'18277;Leeuwenstraat;'4;';2000;Antwerpen;;'152131,914;'212103,594;';Y;MON;3;0;Unknown;Unknown;;None;;;';IFH_BATCH;'12/07/2019 07:31:49;;Y;;;;'12/07/2019 07:28:35;3;11086724;;LU;1;';';';';';;;;;;;;';;';;Y;;;;'12/07/2019 07:28:35
;;;Zoning;6807323;'20200219142313;W03-C-Antwerpen-West-FH07;6807323;'20200219142313;W03-C-Antwerpen-West-FH07;19084;FTTH-Cu;;';';;;;;;;657822;'20191016102223;1986558;'1630000;'18277;Leeuwenstraat;'5;';2000;Antwerpen;;'152146,7;'212094,059;';Y;NA;4;12;Unknown;Unknown;;None;;;';;';;Y;;;;'15/01/2019 12:41:18;1;1802915;;LU;1;';';';';';Y;;HOUSE;WONING - MAISON;NA;;;';;';;Y;;;;'15/01/2019 12:41:18
;;;Zoning;6807323;'20200219142313;W03-C-Antwerpen-West-FH07;6807323;'20200219142313;W03-C-Antwerpen-West-FH07;19084;FTTH-Cu;;';';;;;;;;657822;'20191016102223;1986558;'1630000;'18277;Leeuwenstraat;'5;';2000;Antwerpen;;'152146,7;'212094,059;';Y;NA;4;12;Unknown;Unknown;;None;;;';;';;Y;;;;'15/01/2019 12:41:18;2;1802916;;LU;1;';';';';';Y;;HOUSE;WONING - MAISON;NA;;;';;';;Y;;;;'15/01/2019 12:41:18
;;;Zoning;6807323;'20200219142313;W03-C-Antwerpen-West-FH07;6807323;'20200219142313;W03-C-Antwerpen-West-FH07;19084;FTTH-Cu;;';';;;;;;;657822;'20191016102223;1986558;'1630000;'18277;Leeuwenstraat;'5;';2000;Antwerpen;;'152146,7;'212094,059;';Y;NA;4;12;Unknown;Unknown;;None;;;';;';;Y;;;;'15/01/2019 12:41:18;3;1802917;;LU;1;';';';';';Y;;HOUSE;WONING - MAISON;NA;;;';;';;Y;;;;'15/01/2019 12:41:18
;;;Zoning;6807323;'20200219142313;W03-C-Antwerpen-West-FH07;6807323;'20200219142313;W03-C-Antwerpen-West-FH07;19084;FTTH-Cu;;';';;;;;;;657823;'20191016100204;1986560;'1630000;'18277;Leeuwenstraat;'6;';2000;Antwerpen;;'152132,546;'212098,791;';Y;NA;4;4;Unknown;Unknown;;None;;;';IFH_BATCH;'12/07/2019 07:31:52;;Y;;;;'12/07/2019 07:28:35;1;1824166;;BU;1;';';';';';Y;;HOUSE;WONING - MAISON;NA;;;';;';;Y;;;;'12/07/2019 07:28:35
;;;Zoning;6807323;'20200219142313;W03-C-Antwerpen-West-FH07;6807323;'20200219142313;W03-C-Antwerpen-West-FH07;19084;FTTH-Cu;;';';;;;;;;657824;'20191016102223;1986561;'1630000;'18277;Leeuwenstraat;'7;';2000;Antwerpen;;'152145,689;'212089,635;';Y;NA;4;12;Unknown;Unknown;;None;;;';;';;Y;;;;'15/01/2019 12:41:18;1;1841801;;LU;1;';';';';';Y;;APTBLD;APPARTEMENTSGEBOUW - IMMEUBLE A APPARTEMENTS;NA;;;';;';;Y;;;;'15/01/2019 12:41:18
;;;Zoning;6807323;'20200219142313;W03-C-Antwerpen-West-FH07;6807323;'20200219142313;W03-C-Antwerpen-West-FH07;19084;FTTH-Cu;;';';;;;;;;657824;'20191016102223;1986561;'1630000;'18277;Leeuwenstraat;'7;';2000;Antwerpen;;'152145,689;'212089,635;';Y;NA;4;12;Unknown;Unknown;;None;;;';;';;Y;;;;'15/01/2019 12:41:18;2;1841802;;LU;1;';';';';';Y;;APTBLD;APPARTEMENTSGEBOUW - IMMEUBLE A APPARTEMENTS;NA;;;';;';;Y;;;;'15/01/2019 12:41:18
;;;Zoning;6807323;'20200219142313;W03-C-Antwerpen-West-FH07;6807323;'20200219142313;W03-C-Antwerpen-West-FH07;19084;FTTH-Cu;;';';;;;;;;657824;'20191016102223;1986561;'1630000;'18277;Leeuwenstraat;'7;';2000;Antwerpen;;'152145,689;'212089,635;';Y;NA;4;12;Unknown;Unknown;;None;;;';;';;Y;;;;'15/01/2019 12:41:18;3;1841803;;LU;1;';';';';';Y;;APTBLD;APPARTEMENTSGEBOUW - IMMEUBLE A APPARTEMENTS;NA;;;';;';;Y;;;;'15/01/2019 12:41:18
;;;Zoning;6807323;'20200219142313;W03-C-Antwerpen-West-FH07;6807323;'20200219142313;W03-C-Antwerpen-West-FH07;19084;FTTH-Cu;;';';;;;;;;657825;'20191016100204;1986567;'1630000;'18277;Leeuwenstraat;'8;';2000;Antwerpen;;'152131,03;'212094,368;';Y;NA;3;9;Unknown;Unknown;;None;;;';;';;Y;;;;'15/01/2019 12:41:18;1;1855781;;LU;1;';';';';';Y;;HOUSE;WONING - MAISON;NA;;;';;';;Y;;;;'15/01/2019 12:41:18
;;;Zoning;6807323;'20200219142313;W03-C-Antwerpen-West-FH07;6807323;'20200219142313;W03-C-Antwerpen-West-FH07;19084;FTTH-Cu;;';';;;;;;;657825;'20191016100204;1986567;'1630000;'18277;Leeuwenstraat;'8;';2000;Antwerpen;;'152131,03;'212094,368;';Y;NA;3;9;Unknown;Unknown;;None;;;';;';;Y;;;;'15/01/2019 12:41:18;2;11086725;;LU;1;';';';';';;;;;;;;';;';;Y;;;;'15/01/2019 12:41:18
;;;Zoning;6807323;'20200219142313;W03-C-Antwerpen-West-FH07;6807323;'20200219142313;W03-C-Antwerpen-West-FH07;19084;FTTH-Cu;;';';;;;;;;657825;'20191016100204;1986567;'1630000;'18277;Leeuwenstraat;'8;';2000;Antwerpen;;'152131,03;'212094,368;';Y;NA;3;9;Unknown;Unknown;;None;;;';;';;Y;;;;'15/01/2019 12:41:18;3;11086726;;LU;1;';';';';';;;;;;;;';;';;Y;;;;'15/01/2019 12:41:18
;;;Zoning;6807323;'20200219142313;W03-C-Antwerpen-West-FH07;6807323;'20200219142313;W03-C-Antwerpen-West-FH07;19084;FTTH-Cu;;';';;;;;;;706744;'20191016102223;4507881;'1630000;'18277;Leeuwenstraat;'9;';2000;Antwerpen;;'152144,298;'212085,338;';Y;NA;5;15;Unknown;Unknown;;None;;;';;';;Y;;;;'15/01/2019 12:41:18;1;1867599;;BU;1;';';';';';Y;;COMM;HANDELSZAAK - COMMERCE;NA;;;';;';;Y;;;;'15/01/2019 12:41:18
;;;Zoning;6807323;'20200219142313;W03-C-Antwerpen-West-FH07;6807323;'20200219142313;W03-C-Antwerpen-West-FH07;19084;FTTH-Cu;;';';;;;;;;706745;'20191016100204;4507902;'1630000;'18277;Leeuwenstraat;'10;';2000;Antwerpen;;'152130,581;'212092,132;';Y;NA;4;12;Unknown;Unknown;;None;;;';;';;Y;;;;'15/01/2019 12:41:18;1;1620833;;LU;1;';';';';';Y;;HOUSE;WONING - MAISON;NA;;;';;';;Y;;;;'15/01/2019 12:41:18
;;;Zoning;6807323;'20200219142313;W03-C-Antwerpen-West-FH07;6807323;'20200219142313;W03-C-Antwerpen-West-FH07;19084;FTTH-Cu;;';';;;;;;;657826;'20191016102238;1986569;'1630000;'18277;Leeuwenstraat;'11;';2000;Antwerpen;;'152144,378;'212081,644;';Y;NA;4;12;Unknown;Unknown;;None;;;';;';;Y;;;;'15/01/2019 12:41:18;1;1630572;;LU;1;';';';';';Y;;HOUSE;WONING - MAISON;NA;;;';;';;Y;;;;'15/01/2019 12:41:18
;;;Zoning;6807323;'20200219142313;W03-C-Antwerpen-West-FH07;6807323;'20200219142313;W03-C-Antwerpen-West-FH07;19084;FTTH-Cu;;';';;;;;;;657827;'20191016094459;1986571;'1630000;'18277;Leeuwenstraat;'12;';2000;Antwerpen;;'152128,569;'212085,057;';Y;ORN;4;0;Unknown;Unknown;;None;;;';IFH_BATCH;'12/07/2019 07:31:54;;Y;;;;'12/07/2019 07:28:35;1;1640055;;LU;1;';';';';';Y;;APTBLD;APPARTEMENTSGEBOUW - IMMEUBLE A APPARTEMENTS;NA;;;';;';;Y;;;;'12/07/2019 07:28:35
;;;Zoning;6807323;'20200219142313;W03-C-Antwerpen-West-FH07;6807323;'20200219142313;W03-C-Antwerpen-West-FH07;19084;FTTH-Cu;;';';;;;;;;657827;'20191016094459;1986571;'1630000;'18277;Leeuwenstraat;'12;';2000;Antwerpen;;'152128,569;'212085,057;';Y;ORN;4;0;Unknown;Unknown;;None;;;';IFH_BATCH;'12/07/2019 07:31:54;;Y;;;;'12/07/2019 07:28:35;2;1640056;;LU;1;';';';';';Y;;APTBLD;APPARTEMENTSGEBOUW - IMMEUBLE A APPARTEMENTS;NA;;;';;';;Y;;;;'12/07/2019 07:28:35
;;;Zoning;6807323;'20200219142313;W03-C-Antwerpen-West-FH07;6807323;'20200219142313;W03-C-Antwerpen-West-FH07;19084;FTTH-Cu;;';';;;;;;;657827;'20191016094459;1986571;'1630000;'18277;Leeuwenstraat;'12;';2000;Antwerpen;;'152128,569;'212085,057;';Y;ORN;4;0;Unknown;Unknown;;None;;;';IFH_BATCH;'12/07/2019 07:31:54;;Y;;;;'12/07/2019 07:28:35;3;1640057;;LU;1;';';';';';Y;;APTBLD;APPARTEMENTSGEBOUW - IMMEUBLE A APPARTEMENTS;NA;;;';;';;Y;;;;'12/07/2019 07:28:35
;;;Zoning;6807323;'20200219142313;W03-C-Antwerpen-West-FH07;6807323;'20200219142313;W03-C-Antwerpen-West-FH07;19084;FTTH-Cu;;';';;;;;;;657827;'20191016094459;1986571;'1630000;'18277;Leeuwenstraat;'12;';2000;Antwerpen;;'152128,569;'212085,057;';Y;ORN;4;0;Unknown;Unknown;;None;;;';IFH_BATCH;'12/07/2019 07:31:54;;Y;;;;'12/07/2019 07:28:35;4;1640058;;LU;1;';';';';';Y;;APTBLD;APPARTEMENTSGEBOUW - IMMEUBLE A APPARTEMENTS;NA;;;';;';;Y;;;;'12/07/2019 07:28:35
;;;Zoning;6807323;'20200219142313;W03-C-Antwerpen-West-FH07;6807323;'20200219142313;W03-C-Antwerpen-West-FH07;19084;FTTH-Cu;;';';;;;;;;657827;'20191016094459;1986571;'1630000;'18277;Leeuwenstraat;'12;';2000;Antwerpen;;'152128,569;'212085,057;';Y;ORN;4;0;Unknown;Unknown;;None;;;';IFH_BATCH;'12/07/2019 07:31:54;;Y;;;;'12/07/2019 07:28:35;5;1640059;;BU;1;';';';';';Y;;APTBLD;APPARTEMENTSGEBOUW - IMMEUBLE A APPARTEMENTS;NA;;;';;';;Y;;;;'12/07/2019 07:28:35
;;;Zoning;6807323;'20200219142313;W03-C-Antwerpen-West-FH07;6807323;'20200219142313;W03-C-Antwerpen-West-FH07;19084;FTTH-Cu;;';';;;;;;;714447;'20191016102239;60735;'1630000;'18277;Leeuwenstraat;'13;';2000;Antwerpen;;'152143,24;'212076,968;';Y;NA;3;4;Unknown;Unknown;;None;;;';IFH_BATCH;'12/07/2019 07:29:57;;Y;;;;'12/07/2019 07:28:35;1;1647926;;LU;1;';';';';';Y;;HOUSE;WONING - MAISON;NA;;;';;';;Y;;;;'12/07/2019 07:28:35
;;;Zoning;6807323;'20200219142313;W03-C-Antwerpen-West-FH07;6807323;'20200219142313;W03-C-Antwerpen-West-FH07;19084;FTTH-Cu;;';';;;;;;;657828;'20191016094508;1986572;'1630000;'18277;Leeuwenstraat;'14;';2000;Antwerpen;;'152126,803;'212079,599;';Y;MON;4;0;Unknown;Unknown;;None;;;';IFH_BATCH;'12/07/2019 07:31:56;;Y;;;;'12/07/2019 07:28:35;1;1655042;;LU;1;';';';';';Y;;APTBLD;APPARTEMENTSGEBOUW - IMMEUBLE A APPARTEMENTS;NA;;;';;';;Y;;;;'12/07/2019 07:28:35
;;;Zoning;6807323;'20200219142313;W03-C-Antwerpen-West-FH07;6807323;'20200219142313;W03-C-Antwerpen-West-FH07;19084;FTTH-Cu;;';';;;;;;;657828;'20191016094508;1986572;'1630000;'18277;Leeuwenstraat;'14;';2000;Antwerpen;;'152126,803;'212079,599;';Y;MON;4;0;Unknown;Unknown;;None;;;';IFH_BATCH;'12/07/2019 07:31:56;;Y;;;;'12/07/2019 07:28:35;2;1655043;;LU;1;';';';';';Y;;APTBLD;APPARTEMENTSGEBOUW - IMMEUBLE A APPARTEMENTS;NA;;;';;';;Y;;;;'12/07/2019 07:28:35
;;;Zoning;6807323;'20200219142313;W03-C-Antwerpen-West-FH07;6807323;'20200219142313;W03-C-Antwerpen-West-FH07;19084;FTTH-Cu;;';';;;;;;;657828;'20191016094508;1986572;'1630000;'18277;Leeuwenstraat;'14;';2000;Antwerpen;;'152126,803;'212079,599;';Y;MON;4;0;Unknown;Unknown;;None;;;';IFH_BATCH;'12/07/2019 07:31:56;;Y;;;;'12/07/2019 07:28:35;3;1655044;;LU;1;';';';';';Y;;APTBLD;APPARTEMENTSGEBOUW - IMMEUBLE A APPARTEMENTS;NA;;;';;';;Y;;;;'12/07/2019 07:28:35
;;;Zoning;6807323;'20200219142313;W03-C-Antwerpen-West-FH07;6807323;'20200219142313;W03-C-Antwerpen-West-FH07;19084;FTTH-Cu;;';';;;;;;;657828;'20191016094508;1986572;'1630000;'18277;Leeuwenstraat;'14;';2000;Antwerpen;;'152126,803;'212079,599;';Y;MON;4;0;Unknown;Unknown;;None;;;';IFH_BATCH;'12/07/2019 07:31:56;;Y;;;;'12/07/2019 07:28:35;4;1655045;;LU;1;';';';';';Y;;APTBLD;APPARTEMENTSGEBOUW - IMMEUBLE A APPARTEMENTS;NA;;;';;';;Y;;;;'12/07/2019 07:28:35
;;;Zoning;6807323;'20200219142313;W03-C-Antwerpen-West-FH07;6807323;'20200219142313;W03-C-Antwerpen-West-FH07;19084;FTTH-Cu;;';';;;;;;;657828;'20191016094508;1986572;'1630000;'18277;Leeuwenstraat;'14;';2000;Antwerpen;;'152126,803;'212079,599;';Y;MON;4;0;Unknown;Unknown;;None;;;';IFH_BATCH;'12/07/2019 07:31:56;;Y;;;;'12/07/2019 07:28:35;5;1655046;;LU;1;';';';';';Y;;APTBLD;APPARTEMENTSGEBOUW - IMMEUBLE A APPARTEMENTS;NA;;;';;';;Y;;;;'12/07/2019 07:28:35
;;;Zoning;6807323;'20200219142313;W03-C-Antwerpen-West-FH07;6807323;'20200219142313;W03-C-Antwerpen-West-FH07;19084;FTTH-Cu;;';';;;;;;;657828;'20191016094508;1986572;'1630000;'18277;Leeuwenstraat;'14;';2000;Antwerpen;;'152126,803;'212079,599;';Y;MON;4;0;Unknown;Unknown;;None;;;';IFH_BATCH;'12/07/2019 07:31:56;;Y;;;;'12/07/2019 07:28:35;6;1655047;;LU;1;';';';';';Y;;APTBLD;APPARTEMENTSGEBOUW - IMMEUBLE A APPARTEMENTS;NA;;;';;';;Y;;;;'12/07/2019 07:28:35
;;;Zoning;6807323;'20200219142313;W03-C-Antwerpen-West-FH07;6807323;'20200219142313;W03-C-Antwerpen-West-FH07;19084;FTTH-Cu;;';';;;;;;;657828;'20191016094508;1986572;'1630000;'18277;Leeuwenstraat;'14;';2000;Antwerpen;;'152126,803;'212079,599;';Y;MON;4;0;Unknown;Unknown;;None;;;';IFH_BATCH;'12/07/2019 07:31:56;;Y;;;;'12/07/2019 07:28:35;7;1655048;;LU;1;';';';';';Y;;APTBLD;APPARTEMENTSGEBOUW - IMMEUBLE A APPARTEMENTS;NA;;;';;';;Y;;;;'12/07/2019 07:28:35
;;;Zoning;6807323;'20200219142313;W03-C-Antwerpen-West-FH07;6807323;'20200219142313;W03-C-Antwerpen-West-FH07;19084;FTTH-Cu;;';';;;;;;;657828;'20191016094508;1986572;'1630000;'18277;Leeuwenstraat;'14;';2000;Antwerpen;;'152126,803;'212079,599;';Y;MON;4;0;Unknown;Unknown;;None;;;';IFH_BATCH;'12/07/2019 07:31:56;;Y;;;;'12/07/2019 07:28:35;8;1655049;;LU;1;';';';';';Y;;APTBLD;APPARTEMENTSGEBOUW - IMMEUBLE A APPARTEMENTS;NA;;;';;';;Y;;;;'12/07/2019 07:28:35
;;;Zoning;6807323;'20200219142313;W03-C-Antwerpen-West-FH07;6807323;'20200219142313;W03-C-Antwerpen-West-FH07;19084;FTTH-Cu;11382478;'20190604080256;'Bergstraat 2 A - Leeuwenstraat 15;;;;;;;714448;'20190712080944;60736;'1630000;'18277;Leeuwenstraat;'15;';2000;Antwerpen;;'152141,61;'212069,291;';N;MON;4;0;Unknown;Unknown;;None;;;';IFH_BATCH;'12/07/2019 07:31:45;;Y;;;;'12/07/2019 07:28:35;1;1661961;;LU;1;';';';';';Y;;HOUSE;WONING - MAISON;NA;;;';;';;Y;;;;'12/07/2019 07:28:35
;;;Zoning;6807323;'20200219142313;W03-C-Antwerpen-West-FH07;6807323;'20200219142313;W03-C-Antwerpen-West-FH07;19084;FTTH-Cu;;';';;;;;;;657829;'20191016100252;1986575;'1630000;'18277;Leeuwenstraat;'16;';2000;Antwerpen;;'152125,757;'212074,046;';Y;NA;3;9;Unknown;Unknown;;None;;;';;';;Y;;;;'15/01/2019 12:41:18;1;1668455;;LU;1;';';';';';Y;;APTBLD;APPARTEMENTSGEBOUW - IMMEUBLE A APPARTEMENTS;NA;;;';;';;Y;;;;'15/01/2019 12:41:18
;;;Zoning;6807323;'20200219142313;W03-C-Antwerpen-West-FH07;6807323;'20200219142313;W03-C-Antwerpen-West-FH07;19084;FTTH-Cu;;';';;;;;;;657829;'20191016100252;1986575;'1630000;'18277;Leeuwenstraat;'16;';2000;Antwerpen;;'152125,757;'212074,046;';Y;NA;3;9;Unknown;Unknown;;None;;;';;';;Y;;;;'15/01/2019 12:41:18;2;1668456;;BU;1;';';';';';Y;;APTBLD;APPARTEMENTSGEBOUW - IMMEUBLE A APPARTEMENTS;NA;;;';;';;Y;;;;'15/01/2019 12:41:18
;;;Zoning;6807323;'20200219142313;W03-C-Antwerpen-West-FH07;6807323;'20200219142313;W03-C-Antwerpen-West-FH07;19084;FTTH-Cu;;';';;;;;;;657829;'20191016100252;1986575;'1630000;'18277;Leeuwenstraat;'16;';2000;Antwerpen;;'152125,757;'212074,046;';Y;NA;3;9;Unknown;Unknown;;None;;;';;';;Y;;;;'15/01/2019 12:41:18;3;11086727;;BU;1;';';';';';;;;;;;;';;';;Y;;;;'15/01/2019 12:41:18
;;;Zoning;6807323;'20200219142313;W03-C-Antwerpen-West-FH07;6807323;'20200219142313;W03-C-Antwerpen-West-FH07;19084;FTTH-Cu;;';';;;;;;;657830;'20191016102501;1986578;'1630000;'18277;Leeuwenstraat;'17;';2000;Antwerpen;;'152143,79;'212064,601;';Y;NA;4;4;Unknown;Unknown;;None;;;';IFH_BATCH;'12/07/2019 07:31:47;;Y;;;;'12/07/2019 07:28:35;1;1674510;;LU;1;';';';';';Y;;HOUSE;WONING - MAISON;NA;;;';;';;Y;;;;'12/07/2019 07:28:35
;;;Zoning;6807323;'20200219142313;W03-C-Antwerpen-West-FH07;6807323;'20200219142313;W03-C-Antwerpen-West-FH07;19084;FTTH-Cu;;';';;;;;;;657830;'20191016102501;1986578;'1630000;'18277;Leeuwenstraat;'17;';2000;Antwerpen;;'152143,79;'212064,601;';Y;NA;4;4;Unknown;Unknown;;None;;;';IFH_BATCH;'12/07/2019 07:31:47;;Y;;;;'12/07/2019 07:28:35;2;1674511;;LU;1;';';';';';Y;;HOUSE;WONING - MAISON;NA;;;';;';;Y;;;;'12/07/2019 07:28:35
;;;Zoning;6807323;'20200219142313;W03-C-Antwerpen-West-FH07;6807323;'20200219142313;W03-C-Antwerpen-West-FH07;19084;FTTH-Cu;;';';;;;;;;657830;'20191016102501;1986578;'1630000;'18277;Leeuwenstraat;'17;';2000;Antwerpen;;'152143,79;'212064,601;';Y;NA;4;4;Unknown;Unknown;;None;;;';IFH_BATCH;'12/07/2019 07:31:47;;Y;;;;'12/07/2019 07:28:35;3;1674512;;LU;1;';';';';';Y;;HOUSE;WONING - MAISON;NA;;;';;';;Y;;;;'12/07/2019 07:28:35
;;;Zoning;6807323;'20200219142313;W03-C-Antwerpen-West-FH07;6807323;'20200219142313;W03-C-Antwerpen-West-FH07;19084;FTTH-Cu;;';';;;;;;;657830;'20191016102501;1986578;'1630000;'18277;Leeuwenstraat;'17;';2000;Antwerpen;;'152143,79;'212064,601;';Y;NA;4;4;Unknown;Unknown;;None;;;';IFH_BATCH;'12/07/2019 07:31:47;;Y;;;;'12/07/2019 07:28:35;4;11086720;;LU;1;';';';';';;;;;;;;';;';;Y;;;;'12/07/2019 07:28:35
;;;Zoning;6807323;'20200219142313;W03-C-Antwerpen-West-FH07;6807323;'20200219142313;W03-C-Antwerpen-West-FH07;19084;FTTH-Cu;11382479;'20190604080253;'Leeuwenstraat 18 - 20;;;;;;;706746;'20190604080252;4507906;'1630000;'18277;Leeuwenstraat;'18;';2000;Antwerpen;;'152124,936;'212066,651;';Y;NA;4;12;Unknown;Unknown;;None;;;';;';;Y;;;;'15/01/2019 12:41:18;1;1680045;;LU;1;';';';';';Y;;HOUSE;WONING - MAISON;NA;;;';;';;Y;;;;'15/01/2019 12:41:18
;;;Zoning;6807323;'20200219142313;W03-C-Antwerpen-West-FH07;6807323;'20200219142313;W03-C-Antwerpen-West-FH07;19084;FTTH-Cu;11382479;'20190604080253;'Leeuwenstraat 18 - 20;;;;;;;706746;'20190604080252;4507906;'1630000;'18277;Leeuwenstraat;'18;';2000;Antwerpen;;'152124,936;'212066,651;';Y;NA;4;12;Unknown;Unknown;;None;;;';;';;Y;;;;'15/01/2019 12:41:18;2;1680046;;LU;1;';';';';';Y;;HOUSE;WONING - MAISON;NA;;;';;';;Y;;;;'15/01/2019 12:41:18
;;;Zoning;6807323;'20200219142313;W03-C-Antwerpen-West-FH07;6807323;'20200219142313;W03-C-Antwerpen-West-FH07;19084;FTTH-Cu;;';';;;;;;;657831;'20190604080255;1986581;'1630000;'18277;Leeuwenstraat;'19;';2000;Antwerpen;;'152142,386;'212059,395;';Y;NA;4;12;Unknown;Unknown;;None;;;';;';;Y;;;;'15/01/2019 12:41:18;1;1685721;;BU;1;';';';';';Y;;HOUSE;WONING - MAISON;NA;;;';;';;Y;;;;'15/01/2019 12:41:18
;;;Zoning;6807323;'20200219142313;W03-C-Antwerpen-West-FH07;6807323;'20200219142313;W03-C-Antwerpen-West-FH07;19084;FTTH-Cu;11382479;'20190604080253;'Leeuwenstraat 18 - 20;;;;;;;11377981;'20190604080253;60738;'1630000;'18277;Leeuwenstraat;'20;';2000;Antwerpen;;'152123,798;'212062,228;';Y;NA;4;12;Unknown;Unknown;;None;;;';;';;Y;;;;'15/01/2019 12:41:18;1;11086071;;LU;1;';';';';';;;;;;;;';;';;Y;;;;'15/01/2019 12:41:18
;;;Zoning;6807323;'20200219142313;W03-C-Antwerpen-West-FH07;6807323;'20200219142313;W03-C-Antwerpen-West-FH07;19084;FTTH-Cu;11382479;'20190604080253;'Leeuwenstraat 18 - 20;;;;;;;11377981;'20190604080253;60738;'1630000;'18277;Leeuwenstraat;'20;';2000;Antwerpen;;'152123,798;'212062,228;';Y;NA;4;12;Unknown;Unknown;;None;;;';;';;Y;;;;'15/01/2019 12:41:18;2;11086072;;LU;1;';';';';';;;;;;;;';;';;Y;;;;'15/01/2019 12:41:18
;;;Zoning;6807323;'20200219142313;W03-C-Antwerpen-West-FH07;6807323;'20200219142313;W03-C-Antwerpen-West-FH07;19084;FTTH-Cu;;';';;;;;;;707164;'20190604080256;4511039;'1630000;'18277;Leeuwenstraat;'21;';2000;Antwerpen;;'152140,359;'212054,148;';Y;NA;3;9;Unknown;Unknown;;None;;;';;';;Y;;;;'15/01/2019 12:41:18;1;1703849;;LU;1;';';';';';Y;;COMM;HANDELSZAAK - COMMERCE;NA;;;';;';;Y;;;;'15/01/2019 12:41:18
;;;Zoning;6807323;'20200219142313;W03-C-Antwerpen-West-FH07;6807323;'20200219142313;W03-C-Antwerpen-West-FH07;19084;FTTH-Cu;;';';;;;;;;714449;'20190604080256;60737;'1630000;'18277;Leeuwenstraat;'23;';2000;Antwerpen;;'152140,608;'212051,232;';Y;NA;4;12;Unknown;Unknown;;None;;;';;';;Y;;;;'15/01/2019 12:41:18;1;1712954;;BU;1;';';';';';Y;;COMM;HANDELSZAAK - COMMERCE;NA;;;';;';;Y;;;;'15/01/2019 12:41:18
;;;Zoning;6807323;'20200219142313;W03-C-Antwerpen-West-FH07;6807323;'20200219142313;W03-C-Antwerpen-West-FH07;19084;FTTH-Cu;;';';;;;;;;714449;'20190604080256;60737;'1630000;'18277;Leeuwenstraat;'23;';2000;Antwerpen;;'152140,608;'212051,232;';Y;NA;4;12;Unknown;Unknown;;None;;;';;';;Y;;;;'15/01/2019 12:41:18;2;11086721;;LU;1;';';';';';;;;;;;;';;';;Y;;;;'15/01/2019 12:41:18
;;;Zoning;6807323;'20200219142313;W03-C-Antwerpen-West-FH07;6807323;'20200219142313;W03-C-Antwerpen-West-FH07;19084;FTTH-Cu;;';';;;;;;;714449;'20190604080256;60737;'1630000;'18277;Leeuwenstraat;'23;';2000;Antwerpen;;'152140,608;'212051,232;';Y;NA;4;12;Unknown;Unknown;;None;;;';;';;Y;;;;'15/01/2019 12:41:18;3;11086722;;LU;1;';';';';';;;;;;;;';;';;Y;;;;'15/01/2019 12:41:18
;;;Zoning;6807323;'20200219142313;W03-C-Antwerpen-West-FH07;6807323;'20200219142313;W03-C-Antwerpen-West-FH07;19084;FTTH-Cu;;';';;;;;;;700579;'20191016141646;44483;'1630000;'21840;Muntstraat;'1;';2000;Antwerpen;;'151936,62;'211931,673;';N;ORN;4;12;Unknown;Unknown;;None;;;';;';;Y;;;;'15/01/2019 12:41:18;1;1615268;;LU;1;';';';';';Y;;HOUSE;WONING - MAISON;NA;;;';;';;Y;;;;'15/01/2019 12:41:18
;;;Zoning;6807323;'20200219142313;W03-C-Antwerpen-West-FH07;6807323;'20200219142313;W03-C-Antwerpen-West-FH07;19084;FTTH-Cu;;';';;;;;;;13471477;'20191018083721;44482;'1630000;'21840;Muntstraat;'2;';2000;Antwerpen;;'151918,526;'211923,132;';N;HEIGHT;1;0;Unknown;Unknown;;None;;;';SSV_IMPORT;'12/07/2019 07:29:44;;Y;;;;'12/07/2019 07:28:35;1;11142731;;BU;1;';';';';';;;;;;;;';SSV_IMPORT;'12/07/2019 07:29:44;;Y;;;;'12/07/2019 07:28:35
;;;Zoning;6807323;'20200219142313;W03-C-Antwerpen-West-FH07;6807323;'20200219142313;W03-C-Antwerpen-West-FH07;19084;FTTH-Cu;;';';;;;;;;664121;'20191016141636;2023749;'1630000;'21840;Muntstraat;'3;';2000;Antwerpen;;'151944,25;'211927,755;';N;ORN;3;0;Unknown;Unknown;;None;;;';IFH_BATCH;'12/07/2019 07:32:21;;Y;;;;'12/07/2019 07:28:35;1;1741780;;LU;1;';';';';';Y;;HOUSE;WONING - MAISON;NA;;;';;';;Y;;;;'12/07/2019 07:28:35
;;;Zoning;6807323;'20200219142313;W03-C-Antwerpen-West-FH07;6807323;'20200219142313;W03-C-Antwerpen-West-FH07;19084;FTTH-Cu;;';';;;;;;;11377552;'20200110162324;6020652;'1630000;'21840;Muntstraat;'4;';2000;Antwerpen;;'151955,039;'211904,434;';N;IRREG;4;12;Unknown;Unknown;;None;;;';;';;Y;;;;'15/01/2019 12:41:18;1;11085883;;LU;1;';';';';';;;;;;;;';;';;Y;;;;'15/01/2019 12:41:18
;;;Zoning;6807323;'20200219142313;W03-C-Antwerpen-West-FH07;6807323;'20200219142313;W03-C-Antwerpen-West-FH07;19084;FTTH-Cu;;';';;;;;;;664122;'20191016141626;2023753;'1630000;'21840;Muntstraat;'5;';2000;Antwerpen;;'151952,104;'211922,858;';Y;NA;3;4;Unknown;Unknown;;None;;;';IFH_BATCH;'12/07/2019 07:32:23;;Y;;;;'12/07/2019 07:28:35;1;1803014;;LU;1;';';';';';Y;;HOUSE;WONING - MAISON;NA;;;';;';;Y;;;;'12/07/2019 07:28:35
;;;Zoning;6807323;'20200219142313;W03-C-Antwerpen-West-FH07;6807323;'20200219142313;W03-C-Antwerpen-West-FH07;19084;FTTH-Cu;;';';;;;;;;695532;'20191018092139;4209258;'1630000;'21840;Muntstraat;'6;';2000;Antwerpen;;'151962,753;'211900,637;';Y;NA;3;4;Unknown;Unknown;;None;;;';IFH_BATCH;'12/07/2019 07:32:31;;Y;;;;'12/07/2019 07:28:35;1;1824239;;LU;1;';';';';';Y;;HOUSE;WONING - MAISON;NA;;;';;';;Y;;;;'12/07/2019 07:28:35
;;;Zoning;6807323;'20200219142313;W03-C-Antwerpen-West-FH07;6807323;'20200219142313;W03-C-Antwerpen-West-FH07;19084;FTTH-Cu;;';';;;;;;;664123;'20190712080922;2023755;'1630000;'21840;Muntstraat;'7;';2000;Antwerpen;;'151959,439;'211919,623;';Y;NA;3;4;Unknown;Unknown;;None;;;';IFH_BATCH;'12/07/2019 07:32:26;;Y;;;;'12/07/2019 07:28:35;1;1841865;;LU;1;';';';';';Y;;HOUSE;WONING - MAISON;NA;;;';;';;Y;;;;'12/07/2019 07:28:35
;;;Zoning;6807323;'20200219142313;W03-C-Antwerpen-West-FH07;6807323;'20200219142313;W03-C-Antwerpen-West-FH07;19084;FTTH-Cu;;';';;;;;;;664124;'20191018092118;2023756;'1630000;'21840;Muntstraat;'8;';2000;Antwerpen;;'151966,316;'211898,007;';Y;NA;4;12;Unknown;Unknown;;None;;;';;';;Y;;;;'15/01/2019 12:41:18;1;1855860;;BU;1;';';';';';Y;;COMM;HANDELSZAAK - COMMERCE;NA;;;';;';;Y;;;;'15/01/2019 12:41:18
;;;Zoning;6807323;'20200219142313;W03-C-Antwerpen-West-FH07;6807323;'20200219142313;W03-C-Antwerpen-West-FH07;19084;FTTH-Cu;;';';;;;;;;664124;'20191018092118;2023756;'1630000;'21840;Muntstraat;'8;';2000;Antwerpen;;'151966,316;'211898,007;';Y;NA;4;12;Unknown;Unknown;;None;;;';;';;Y;;;;'15/01/2019 12:41:18;2;1855861;;LU;1;';';';';';Y;;COMM;HANDELSZAAK - COMMERCE;NA;;;';;';;Y;;;;'15/01/2019 12:41:18
;;;Zoning;6807323;'20200219142313;W03-C-Antwerpen-West-FH07;6807323;'20200219142313;W03-C-Antwerpen-West-FH07;19084;FTTH-Cu;;';';;;;;;;664124;'20191018092118;2023756;'1630000;'21840;Muntstraat;'8;';2000;Antwerpen;;'151966,316;'211898,007;';Y;NA;4;12;Unknown;Unknown;;None;;;';;';;Y;;;;'15/01/2019 12:41:18;3;1855862;;LU;1;';';';';';Y;;COMM;HANDELSZAAK - COMMERCE;NA;;;';;';;Y;;;;'15/01/2019 12:41:18
;;;Zoning;6807323;'20200219142313;W03-C-Antwerpen-West-FH07;6807323;'20200219142313;W03-C-Antwerpen-West-FH07;19084;FTTH-Cu;;';';;;;;;;664124;'20191018092118;2023756;'1630000;'21840;Muntstraat;'8;';2000;Antwerpen;;'151966,316;'211898,007;';Y;NA;4;12;Unknown;Unknown;;None;;;';;';;Y;;;;'15/01/2019 12:41:18;4;11086738;;LU;1;';';';';';;;;;;;;';;';;Y;;;;'15/01/2019 12:41:18
;;;Zoning;6807323;'20200219142313;W03-C-Antwerpen-West-FH07;6807323;'20200219142313;W03-C-Antwerpen-West-FH07;19084;FTTH-Cu;;';';;;;;;;664125;'20191016141616;2023758;'1630000;'21840;Muntstraat;'9;';2000;Antwerpen;;'151965,588;'211913,022;';Y;NA;3;9;Unknown;Unknown;;None;;;';;';;Y;;;;'15/01/2019 12:41:18;1;1867693;;LU;1;';';';';';Y;;HOUSE;WONING - MAISON;NA;;;';;';;Y;;;;'15/01/2019 12:41:18
;;;Zoning;6807323;'20200219142313;W03-C-Antwerpen-West-FH07;6807323;'20200219142313;W03-C-Antwerpen-West-FH07;19084;FTTH-Cu;;';';;;;;;;664125;'20191016141616;2023758;'1630000;'21840;Muntstraat;'9;';2000;Antwerpen;;'151965,588;'211913,022;';Y;NA;3;9;Unknown;Unknown;;None;;;';;';;Y;;;;'15/01/2019 12:41:18;2;11086737;;LU;1;';';';';';;;;;;;;';;';;Y;;;;'15/01/2019 12:41:18
;;;Zoning;6807323;'20200219142313;W03-C-Antwerpen-West-FH07;6807323;'20200219142313;W03-C-Antwerpen-West-FH07;19084;FTTH-Cu;;';';;;;;;;664126;'20191018092109;2023761;'1630000;'21840;Muntstraat;'10;';2000;Antwerpen;;'151970,064;'211895,798;';N;MON;4;0;Unknown;Unknown;;None;;;';IFH_BATCH;'12/07/2019 07:32:33;;Y;;;;'12/07/2019 07:28:35;1;1620910;;LU;1;';';';';';Y;;HOUSE;WONING - MAISON;NA;;;';;';;Y;;;;'12/07/2019 07:28:35
;;;Zoning;6807323;'20200219142313;W03-C-Antwerpen-West-FH07;6807323;'20200219142313;W03-C-Antwerpen-West-FH07;19084;FTTH-Cu;;';';;;;;;;664126;'20191018092109;2023761;'1630000;'21840;Muntstraat;'10;';2000;Antwerpen;;'151970,064;'211895,798;';N;MON;4;0;Unknown;Unknown;;None;;;';IFH_BATCH;'12/07/2019 07:32:33;;Y;;;;'12/07/2019 07:28:35;2;11086739;;BU;1;';';';';';;;;;;;;';;';;Y;;;;'12/07/2019 07:28:35
;;;Zoning;6807323;'20200219142313;W03-C-Antwerpen-West-FH07;6807323;'20200219142313;W03-C-Antwerpen-West-FH07;19084;FTTH-Cu;;';';;;;;;;664126;'20191018092109;2023761;'1630000;'21840;Muntstraat;'10;';2000;Antwerpen;;'151970,064;'211895,798;';N;MON;4;0;Unknown;Unknown;;None;;;';IFH_BATCH;'12/07/2019 07:32:33;;Y;;;;'12/07/2019 07:28:35;3;11086740;;LU;1;';';';';';;;;;;;;';;';;Y;;;;'12/07/2019 07:28:35
;;;Zoning;6807323;'20200219142313;W03-C-Antwerpen-West-FH07;6807323;'20200219142313;W03-C-Antwerpen-West-FH07;19084;FTTH-Cu;;';';;;;;;;664127;'20190604080304;2023764;'1630000;'21840;Muntstraat;'11;';2000;Antwerpen;;'151968,907;'211914,798;';Y;NA;4;12;Unknown;Unknown;;None;;;';;';;Y;;;;'15/01/2019 12:41:18;1;1630645;;BU;1;';';';';';Y;;HOUSE;WONING - MAISON;NA;;;';;';;Y;;;;'15/01/2019 12:41:18
;;;Zoning;6807323;'20200219142313;W03-C-Antwerpen-West-FH07;6807323;'20200219142313;W03-C-Antwerpen-West-FH07;19084;FTTH-Cu;;';';;;;;;;664128;'20191018092101;2023767;'1630000;'21840;Muntstraat;'12;';2000;Antwerpen;;'151975,483;'211893,643;';N;MON;4;0;Unknown;Unknown;;None;;;';IFH_BATCH;'12/07/2019 07:32:36;;Y;;;;'12/07/2019 07:28:35;1;1640126;;LU;1;';';';';';Y;;HOUSE;WONING - MAISON;NA;;;';;';;Y;;;;'12/07/2019 07:28:35
;;;Zoning;6807323;'20200219142313;W03-C-Antwerpen-West-FH07;6807323;'20200219142313;W03-C-Antwerpen-West-FH07;19084;FTTH-Cu;11382525;'20191016141533;'Muntstraat 13 en 15;;;;;;;11377553;'20191016141523;2023772;'1630000;'21840;Muntstraat;'13;';2000;Antwerpen;;'151976,02;'211910,914;';Y;NA;4;4;Unknown;Unknown;;None;;;';IFH_BATCH;'12/07/2019 07:43:06;;Y;;;;'12/07/2019 07:28:35;1;11085884;;BU;1;';';';';';;;;;;;;';;';;Y;;;;'12/07/2019 07:28:35
;;;Zoning;6807323;'20200219142313;W03-C-Antwerpen-West-FH07;6807323;'20200219142313;W03-C-Antwerpen-West-FH07;19084;FTTH-Cu;11382525;'20191016141533;'Muntstraat 13 en 15;;;;;;;11377553;'20191016141523;2023772;'1630000;'21840;Muntstraat;'13;';2000;Antwerpen;;'151976,02;'211910,914;';Y;NA;4;4;Unknown;Unknown;;None;;;';IFH_BATCH;'12/07/2019 07:43:06;;Y;;;;'12/07/2019 07:28:35;2;11085885;;LU;1;';';';';';;;;;;;;';;';;Y;;;;'12/07/2019 07:28:35
;;;Zoning;6807323;'20200219142313;W03-C-Antwerpen-West-FH07;6807323;'20200219142313;W03-C-Antwerpen-West-FH07;19084;FTTH-Cu;11382525;'20191016141533;'Muntstraat 13 en 15;;;;;;;11377553;'20191016141523;2023772;'1630000;'21840;Muntstraat;'13;';2000;Antwerpen;;'151976,02;'211910,914;';Y;NA;4;4;Unknown;Unknown;;None;;;';IFH_BATCH;'12/07/2019 07:43:06;;Y;;;;'12/07/2019 07:28:35;3;11085886;;LU;1;';';';';';;;;;;;;';;';;Y;;;;'12/07/2019 07:28:35
;;;Zoning;6807323;'20200219142313;W03-C-Antwerpen-West-FH07;6807323;'20200219142313;W03-C-Antwerpen-West-FH07;19084;FTTH-Cu;11382525;'20191016141533;'Muntstraat 13 en 15;;;;;;;11377553;'20191016141523;2023772;'1630000;'21840;Muntstraat;'13;';2000;Antwerpen;;'151976,02;'211910,914;';Y;NA;4;4;Unknown;Unknown;;None;;;';IFH_BATCH;'12/07/2019 07:43:06;;Y;;;;'12/07/2019 07:28:35;4;11085887;;LU;1;';';';';';;;;;;;;';;';;Y;;;;'12/07/2019 07:28:35
;;;Zoning;6807323;'20200219142313;W03-C-Antwerpen-West-FH07;6807323;'20200219142313;W03-C-Antwerpen-West-FH07;19084;FTTH-Cu;;';';;;;;;;664129;'20191018092101;2023774;'1630000;'21840;Muntstraat;'14;';2000;Antwerpen;;'151979,833;'211891,467;';Y;NA;4;4;Unknown;Unknown;;None;;;';IFH_BATCH;'12/07/2019 07:32:38;;Y;;;;'12/07/2019 07:28:35;1;1655102;;LU;1;';';';';';Y;;HOUSE;WONING - MAISON;NA;;;';;';;Y;;;;'12/07/2019 07:28:35
;;;Zoning;6807323;'20200219142313;W03-C-Antwerpen-West-FH07;6807323;'20200219142313;W03-C-Antwerpen-West-FH07;19084;FTTH-Cu;11382525;'20191016141533;'Muntstraat 13 en 15;;;;;;;664130;'20191016141523;2023777;'1630000;'21840;Muntstraat;'15;';2000;Antwerpen;;'151982,024;'211907,881;';Y;NA;4;4;Unknown;Unknown;;None;;;';IFH_BATCH;'12/07/2019 07:32:28;;Y;;;;'12/07/2019 07:28:35;1;1659689;;LU;1;';';';';';Y;#A1;APPART;DEEL_APP_GEBOUW - PARTIE_IMMEUBLE_APP;APPART;;;';;';;Y;;;;'12/07/2019 07:28:35
;;;Zoning;6807323;'20200219142313;W03-C-Antwerpen-West-FH07;6807323;'20200219142313;W03-C-Antwerpen-West-FH07;19084;FTTH-Cu;11382525;'20191016141533;'Muntstraat 13 en 15;;;;;;;664130;'20191016141523;2023777;'1630000;'21840;Muntstraat;'15;';2000;Antwerpen;;'151982,024;'211907,881;';Y;NA;4;4;Unknown;Unknown;;None;;;';IFH_BATCH;'12/07/2019 07:32:28;;Y;;;;'12/07/2019 07:28:35;2;1659913;;LU;1;';';';';';Y;#A2;APPART;DEEL_APP_GEBOUW - PARTIE_IMMEUBLE_APP;APPART;;;';;';;Y;;;;'12/07/2019 07:28:35
;;;Zoning;6807323;'20200219142313;W03-C-Antwerpen-West-FH07;6807323;'20200219142313;W03-C-Antwerpen-West-FH07;19084;FTTH-Cu;11382525;'20191016141533;'Muntstraat 13 en 15;;;;;;;664130;'20191016141523;2023777;'1630000;'21840;Muntstraat;'15;';2000;Antwerpen;;'151982,024;'211907,881;';Y;NA;4;4;Unknown;Unknown;;None;;;';IFH_BATCH;'12/07/2019 07:32:28;;Y;;;;'12/07/2019 07:28:35;3;1660122;;LU;1;';';';';';Y;#A3;APPART;DEEL_APP_GEBOUW - PARTIE_IMMEUBLE_APP;APPART;;;';;';;Y;;;;'12/07/2019 07:28:35
;;;Zoning;6807323;'20200219142313;W03-C-Antwerpen-West-FH07;6807323;'20200219142313;W03-C-Antwerpen-West-FH07;19084;FTTH-Cu;;';';;;;;;;700571;'20191018092043;44481;'1630000;'21840;Muntstraat;'16;';2000;Antwerpen;;'151984,506;'211888,331;';Y;NA;4;4;Unknown;Unknown;;None;;;';IFH_BATCH;'12/07/2019 07:32:40;;Y;;;;'12/07/2019 07:28:35;1;1668520;;LU;1;';';';';';Y;;HOUSE;WONING - MAISON;NA;;;';;';;Y;;;;'12/07/2019 07:28:35
;;;Zoning;6807323;'20200219142313;W03-C-Antwerpen-West-FH07;6807323;'20200219142313;W03-C-Antwerpen-West-FH07;19084;FTTH-Cu;;';';;;;;;;712460;'20200110155947;5576031;'1630000;'22002;Nationalestraat;'2;';2000;Antwerpen;;'152216,049;'212047,458;';N;ORN;6;18;Unknown;Unknown;;None;;;';;';;Y;;;;'15/01/2019 12:41:18;1;1691751;;BU;1;';';';';';Y;#HA.GV/W3/K.W3;APPART;DEEL_APP_GEBOUW - PARTIE_IMMEUBLE_APP;COMM;;;';;';;Y;;;;'15/01/2019 12:41:18
;;;Zoning;6807323;'20200219142313;W03-C-Antwerpen-West-FH07;6807323;'20200219142313;W03-C-Antwerpen-West-FH07;19084;FTTH-Cu;11382581;'20200113095419;'Nationalestraat  4 - 10;;;;;;;664301;'20200110153222;2024986;'1630000;'22002;Nationalestraat;'4;';2000;Antwerpen;;'152219,561;'212054,445;';N;ORN;6;18;Unknown;Unknown;;None;;;';;';;Y;;;;'15/01/2019 12:41:18;1;1772911;;LU;1;';';';';';Y;#A2./4.23-4.24/K15.16;APPART;DEEL_APP_GEBOUW - PARTIE_IMMEUBLE_APP;APPART;;;';;';;Y;;;;'15/01/2019 12:41:18
;;;Zoning;6807323;'20200219142313;W03-C-Antwerpen-West-FH07;6807323;'20200219142313;W03-C-Antwerpen-West-FH07;19084;FTTH-Cu;11382581;'20200113095419;'Nationalestraat  4 - 10;;;;;;;664301;'20200110153222;2024986;'1630000;'22002;Nationalestraat;'4;';2000;Antwerpen;;'152219,561;'212054,445;';N;ORN;6;18;Unknown;Unknown;;None;;;';;';;Y;;;;'15/01/2019 12:41:18;2;1772958;;LU;1;';';';';';Y;#A2/4.21/K13;APPART;DEEL_APP_GEBOUW - PARTIE_IMMEUBLE_APP;APPART;;;';;';;Y;;;;'15/01/2019 12:41:18
;;;Zoning;6807323;'20200219142313;W03-C-Antwerpen-West-FH07;6807323;'20200219142313;W03-C-Antwerpen-West-FH07;19084;FTTH-Cu;11382581;'20200113095419;'Nationalestraat  4 - 10;;;;;;;664301;'20200110153222;2024986;'1630000;'22002;Nationalestraat;'4;';2000;Antwerpen;;'152219,561;'212054,445;';N;ORN;6;18;Unknown;Unknown;;None;;;';;';;Y;;;;'15/01/2019 12:41:18;3;1772959;;LU;1;';';';';';Y;#A2/4.22/K14;APPART;DEEL_APP_GEBOUW - PARTIE_IMMEUBLE_APP;APPART;;;';;';;Y;;;;'15/01/2019 12:41:18
;;;Zoning;6807323;'20200219142313;W03-C-Antwerpen-West-FH07;6807323;'20200219142313;W03-C-Antwerpen-West-FH07;19084;FTTH-Cu;11382581;'20200113095419;'Nationalestraat  4 - 10;;;;;;;664301;'20200110153222;2024986;'1630000;'22002;Nationalestraat;'4;';2000;Antwerpen;;'152219,561;'212054,445;';N;ORN;6;18;Unknown;Unknown;;None;;;';;';;Y;;;;'15/01/2019 12:41:18;4;1772960;;LU;1;';';';';';Y;#A2/4.25/K17;APPART;DEEL_APP_GEBOUW - PARTIE_IMMEUBLE_APP;APPART;;;';;';;Y;;;;'15/01/2019 12:41:18
;;;Zoning;6807323;'20200219142313;W03-C-Antwerpen-West-FH07;6807323;'20200219142313;W03-C-Antwerpen-West-FH07;19084;FTTH-Cu;11382581;'20200113095419;'Nationalestraat  4 - 10;;;;;;;664301;'20200110153222;2024986;'1630000;'22002;Nationalestraat;'4;';2000;Antwerpen;;'152219,561;'212054,445;';N;ORN;6;18;Unknown;Unknown;;None;;;';;';;Y;;;;'15/01/2019 12:41:18;5;1772961;;LU;1;';';';';';Y;#A2/4.26/K18;APPART;DEEL_APP_GEBOUW - PARTIE_IMMEUBLE_APP;APPART;;;';;';;Y;;;;'15/01/2019 12:41:18
;;;Zoning;6807323;'20200219142313;W03-C-Antwerpen-West-FH07;6807323;'20200219142313;W03-C-Antwerpen-West-FH07;19084;FTTH-Cu;11382581;'20200113095419;'Nationalestraat  4 - 10;;;;;;;664301;'20200110153222;2024986;'1630000;'22002;Nationalestraat;'4;';2000;Antwerpen;;'152219,561;'212054,445;';N;ORN;6;18;Unknown;Unknown;;None;;;';;';;Y;;;;'15/01/2019 12:41:18;6;1772962;;LU;1;';';';';';Y;#A2/4.27-4.28/K19.20;APPART;DEEL_APP_GEBOUW - PARTIE_IMMEUBLE_APP;APPART;;;';;';;Y;;;;'15/01/2019 12:41:18
;;;Zoning;6807323;'20200219142313;W03-C-Antwerpen-West-FH07;6807323;'20200219142313;W03-C-Antwerpen-West-FH07;19084;FTTH-Cu;11382581;'20200113095419;'Nationalestraat  4 - 10;;;;;;;664301;'20200110153222;2024986;'1630000;'22002;Nationalestraat;'4;';2000;Antwerpen;;'152219,561;'212054,445;';N;ORN;6;18;Unknown;Unknown;;None;;;';;';;Y;;;;'15/01/2019 12:41:18;7;1773216;;LU;1;';';';';';Y;#A3/4.31/K21;APPART;DEEL_APP_GEBOUW - PARTIE_IMMEUBLE_APP;APPART;;;';;';;Y;;;;'15/01/2019 12:41:18
;;;Zoning;6807323;'20200219142313;W03-C-Antwerpen-West-FH07;6807323;'20200219142313;W03-C-Antwerpen-West-FH07;19084;FTTH-Cu;11382581;'20200113095419;'Nationalestraat  4 - 10;;;;;;;664301;'20200110153222;2024986;'1630000;'22002;Nationalestraat;'4;';2000;Antwerpen;;'152219,561;'212054,445;';N;ORN;6;18;Unknown;Unknown;;None;;;';;';;Y;;;;'15/01/2019 12:41:18;8;1773217;;LU;1;';';';';';Y;#A3/4.32/K22;APPART;DEEL_APP_GEBOUW - PARTIE_IMMEUBLE_APP;APPART;;;';;';;Y;;;;'15/01/2019 12:41:18
;;;Zoning;6807323;'20200219142313;W03-C-Antwerpen-West-FH07;6807323;'20200219142313;W03-C-Antwerpen-West-FH07;19084;FTTH-Cu;11382581;'20200113095419;'Nationalestraat  4 - 10;;;;;;;664301;'20200110153222;2024986;'1630000;'22002;Nationalestraat;'4;';2000;Antwerpen;;'152219,561;'212054,445;';N;ORN;6;18;Unknown;Unknown;;None;;;';;';;Y;;;;'15/01/2019 12:41:18;9;1773218;;LU;1;';';';';';Y;#A3/4.33/K23;APPART;DEEL_APP_GEBOUW - PARTIE_IMMEUBLE_APP;APPART;;;';;';;Y;;;;'15/01/2019 12:41:18
;;;Zoning;6807323;'20200219142313;W03-C-Antwerpen-West-FH07;6807323;'20200219142313;W03-C-Antwerpen-West-FH07;19084;FTTH-Cu;11382581;'20200113095419;'Nationalestraat  4 - 10;;;;;;;664301;'20200110153222;2024986;'1630000;'22002;Nationalestraat;'4;';2000;Antwerpen;;'152219,561;'212054,445;';N;ORN;6;18;Unknown;Unknown;;None;;;';;';;Y;;;;'15/01/2019 12:41:18;10;1773219;;LU;1;';';';';';Y;#A3/4.34/K24;APPART;DEEL_APP_GEBOUW - PARTIE_IMMEUBLE_APP;APPART;;;';;';;Y;;;;'15/01/2019 12:41:18
;;;Zoning;6807323;'20200219142313;W03-C-Antwerpen-West-FH07;6807323;'20200219142313;W03-C-Antwerpen-West-FH07;19084;FTTH-Cu;11382581;'20200113095419;'Nationalestraat  4 - 10;;;;;;;664301;'20200110153222;2024986;'1630000;'22002;Nationalestraat;'4;';2000;Antwerpen;;'152219,561;'212054,445;';N;ORN;6;18;Unknown;Unknown;;None;;;';;';;Y;;;;'15/01/2019 12:41:18;11;1773220;;LU;1;';';';';';Y;#A3/4.35/K25;APPART;DEEL_APP_GEBOUW - PARTIE_IMMEUBLE_APP;APPART;;;';;';;Y;;;;'15/01/2019 12:41:18
;;;Zoning;6807323;'20200219142313;W03-C-Antwerpen-West-FH07;6807323;'20200219142313;W03-C-Antwerpen-West-FH07;19084;FTTH-Cu;11382581;'20200113095419;'Nationalestraat  4 - 10;;;;;;;664301;'20200110153222;2024986;'1630000;'22002;Nationalestraat;'4;';2000;Antwerpen;;'152219,561;'212054,445;';N;ORN;6;18;Unknown;Unknown;;None;;;';;';;Y;;;;'15/01/2019 12:41:18;12;1773221;;LU;1;';';';';';Y;#A3/4.36/K26;APPART;DEEL_APP_GEBOUW - PARTIE_IMMEUBLE_APP;APPART;;;';;';;Y;;;;'15/01/2019 12:41:18
;;;Zoning;6807323;'20200219142313;W03-C-Antwerpen-West-FH07;6807323;'20200219142313;W03-C-Antwerpen-West-FH07;19084;FTTH-Cu;11382581;'20200113095419;'Nationalestraat  4 - 10;;;;;;;664301;'20200110153222;2024986;'1630000;'22002;Nationalestraat;'4;';2000;Antwerpen;;'152219,561;'212054,445;';N;ORN;6;18;Unknown;Unknown;;None;;;';;';;Y;;;;'15/01/2019 12:41:18;13;1773222;;LU;1;';';';';';Y;#A3/4.37/K27;APPART;DEEL_APP_GEBOUW - PARTIE_IMMEUBLE_APP;APPART;;;';;';;Y;;;;'15/01/2019 12:41:18
;;;Zoning;6807323;'20200219142313;W03-C-Antwerpen-West-FH07;6807323;'20200219142313;W03-C-Antwerpen-West-FH07;19084;FTTH-Cu;11382581;'20200113095419;'Nationalestraat  4 - 10;;;;;;;664301;'20200110153222;2024986;'1630000;'22002;Nationalestraat;'4;';2000;Antwerpen;;'152219,561;'212054,445;';N;ORN;6;18;Unknown;Unknown;;None;;;';;';;Y;;;;'15/01/2019 12:41:18;14;1773223;;LU;1;';';';';';Y;#A3/4.38/K28;APPART;DEEL_APP_GEBOUW - PARTIE_IMMEUBLE_APP;APPART;;;';;';;Y;;;;'15/01/2019 12:41:18
;;;Zoning;6807323;'20200219142313;W03-C-Antwerpen-West-FH07;6807323;'20200219142313;W03-C-Antwerpen-West-FH07;19084;FTTH-Cu;11382581;'20200113095419;'Nationalestraat  4 - 10;;;;;;;664301;'20200110153222;2024986;'1630000;'22002;Nationalestraat;'4;';2000;Antwerpen;;'152219,561;'212054,445;';N;ORN;6;18;Unknown;Unknown;;None;;;';;';;Y;;;;'15/01/2019 12:41:18;15;1773395;;LU;1;';';';';';Y;#A4/4.41/K29;APPART;DEEL_APP_GEBOUW - PARTIE_IMMEUBLE_APP;APPART;;;';;';;Y;;;;'15/01/2019 12:41:18
;;;Zoning;6807323;'20200219142313;W03-C-Antwerpen-West-FH07;6807323;'20200219142313;W03-C-Antwerpen-West-FH07;19084;FTTH-Cu;11382581;'20200113095419;'Nationalestraat  4 - 10;;;;;;;664301;'20200110153222;2024986;'1630000;'22002;Nationalestraat;'4;';2000;Antwerpen;;'152219,561;'212054,445;';N;ORN;6;18;Unknown;Unknown;;None;;;';;';;Y;;;;'15/01/2019 12:41:18;16;1773396;;LU;1;';';';';';Y;#A4/4.42/K30;APPART;DEEL_APP_GEBOUW - PARTIE_IMMEUBLE_APP;APPART;;;';;';;Y;;;;'15/01/2019 12:41:18
;;;Zoning;6807323;'20200219142313;W03-C-Antwerpen-West-FH07;6807323;'20200219142313;W03-C-Antwerpen-West-FH07;19084;FTTH-Cu;11382581;'20200113095419;'Nationalestraat  4 - 10;;;;;;;664301;'20200110153222;2024986;'1630000;'22002;Nationalestraat;'4;';2000;Antwerpen;;'152219,561;'212054,445;';N;ORN;6;18;Unknown;Unknown;;None;;;';;';;Y;;;;'15/01/2019 12:41:18;17;1773397;;LU;1;';';';';';Y;#A4/4.43/K31;APPART;DEEL_APP_GEBOUW - PARTIE_IMMEUBLE_APP;APPART;;;';;';;Y;;;;'15/01/2019 12:41:18
;;;Zoning;6807323;'20200219142313;W03-C-Antwerpen-West-FH07;6807323;'20200219142313;W03-C-Antwerpen-West-FH07;19084;FTTH-Cu;11382581;'20200113095419;'Nationalestraat  4 - 10;;;;;;;664301;'20200110153222;2024986;'1630000;'22002;Nationalestraat;'4;';2000;Antwerpen;;'152219,561;'212054,445;';N;ORN;6;18;Unknown;Unknown;;None;;;';;';;Y;;;;'15/01/2019 12:41:18;18;1773398;;LU;1;';';';';';Y;#A4/4.44/K32;APPART;DEEL_APP_GEBOUW - PARTIE_IMMEUBLE_APP;APPART;;;';;';;Y;;;;'15/01/2019 12:41:18
;;;Zoning;6807323;'20200219142313;W03-C-Antwerpen-West-FH07;6807323;'20200219142313;W03-C-Antwerpen-West-FH07;19084;FTTH-Cu;11382581;'20200113095419;'Nationalestraat  4 - 10;;;;;;;664301;'20200110153222;2024986;'1630000;'22002;Nationalestraat;'4;';2000;Antwerpen;;'152219,561;'212054,445;';N;ORN;6;18;Unknown;Unknown;;None;;;';;';;Y;;;;'15/01/2019 12:41:18;19;1773399;;LU;1;';';';';';Y;#A4/4.45/K33;APPART;DEEL_APP_GEBOUW - PARTIE_IMMEUBLE_APP;APPART;;;';;';;Y;;;;'15/01/2019 12:41:18
;;;Zoning;6807323;'20200219142313;W03-C-Antwerpen-West-FH07;6807323;'20200219142313;W03-C-Antwerpen-West-FH07;19084;FTTH-Cu;11382581;'20200113095419;'Nationalestraat  4 - 10;;;;;;;664301;'20200110153222;2024986;'1630000;'22002;Nationalestraat;'4;';2000;Antwerpen;;'152219,561;'212054,445;';N;ORN;6;18;Unknown;Unknown;;None;;;';;';;Y;;;;'15/01/2019 12:41:18;20;1773400;;LU;1;';';';';';Y;#A4/4.46/K34;APPART;DEEL_APP_GEBOUW - PARTIE_IMMEUBLE_APP;APPART;;;';;';;Y;;;;'15/01/2019 12:41:18
;;;Zoning;6807323;'20200219142313;W03-C-Antwerpen-West-FH07;6807323;'20200219142313;W03-C-Antwerpen-West-FH07;19084;FTTH-Cu;11382581;'20200113095419;'Nationalestraat  4 - 10;;;;;;;664301;'20200110153222;2024986;'1630000;'22002;Nationalestraat;'4;';2000;Antwerpen;;'152219,561;'212054,445;';N;ORN;6;18;Unknown;Unknown;;None;;;';;';;Y;;;;'15/01/2019 12:41:18;21;1773401;;LU;1;';';';';';Y;#A4/4.47/K35;APPART;DEEL_APP_GEBOUW - PARTIE_IMMEUBLE_APP;APPART;;;';;';;Y;;;;'15/01/2019 12:41:18
;;;Zoning;6807323;'20200219142313;W03-C-Antwerpen-West-FH07;6807323;'20200219142313;W03-C-Antwerpen-West-FH07;19084;FTTH-Cu;11382581;'20200113095419;'Nationalestraat  4 - 10;;;;;;;664301;'20200110153222;2024986;'1630000;'22002;Nationalestraat;'4;';2000;Antwerpen;;'152219,561;'212054,445;';N;ORN;6;18;Unknown;Unknown;;None;;;';;';;Y;;;;'15/01/2019 12:41:18;22;1773402;;LU;1;';';';';';Y;#A4/4.48/K36;APPART;DEEL_APP_GEBOUW - PARTIE_IMMEUBLE_APP;APPART;;;';;';;Y;;;;'15/01/2019 12:41:18
;;;Zoning;6807323;'20200219142313;W03-C-Antwerpen-West-FH07;6807323;'20200219142313;W03-C-Antwerpen-West-FH07;19084;FTTH-Cu;11382581;'20200113095419;'Nationalestraat  4 - 10;;;;;;;664301;'20200110153222;2024986;'1630000;'22002;Nationalestraat;'4;';2000;Antwerpen;;'152219,561;'212054,445;';N;ORN;6;18;Unknown;Unknown;;None;;;';;';;Y;;;;'15/01/2019 12:41:18;23;1773525;;LU;1;';';';';';Y;#A5.6/10.10/K10;APPART;DEEL_APP_GEBOUW - PARTIE_IMMEUBLE_APP;APPART;;;';;';;Y;;;;'15/01/2019 12:41:18
;;;Zoning;6807323;'20200219142313;W03-C-Antwerpen-West-FH07;6807323;'20200219142313;W03-C-Antwerpen-West-FH07;19084;FTTH-Cu;11382581;'20200113095419;'Nationalestraat  4 - 10;;;;;;;664301;'20200110153222;2024986;'1630000;'22002;Nationalestraat;'4;';2000;Antwerpen;;'152219,561;'212054,445;';N;ORN;6;18;Unknown;Unknown;;None;;;';;';;Y;;;;'15/01/2019 12:41:18;24;1773526;;LU;1;';';';';';Y;#A5.6/10.11/K11;APPART;DEEL_APP_GEBOUW - PARTIE_IMMEUBLE_APP;APPART;;;';;';;Y;;;;'15/01/2019 12:41:18
;;;Zoning;6807323;'20200219142313;W03-C-Antwerpen-West-FH07;6807323;'20200219142313;W03-C-Antwerpen-West-FH07;19084;FTTH-Cu;11382581;'20200113095419;'Nationalestraat  4 - 10;;;;;;;664301;'20200110153222;2024986;'1630000;'22002;Nationalestraat;'4;';2000;Antwerpen;;'152219,561;'212054,445;';N;ORN;6;18;Unknown;Unknown;;None;;;';;';;Y;;;;'15/01/2019 12:41:18;28;1773972;;BU;1;';';';';';Y;#BU1/AK/K.BU1;APPART;DEEL_APP_GEBOUW - PARTIE_IMMEUBLE_APP;OFFICE;;;';;';;Y;;;;'15/01/2019 12:41:18
;;;Zoning;6807323;'20200219142313;W03-C-Antwerpen-West-FH07;6807323;'20200219142313;W03-C-Antwerpen-West-FH07;19084;FTTH-Cu;;';';;;;;;;11378768;'20200113095318;2025007;'1630000;'22002;Nationalestraat;'6;';2000;Antwerpen;;'152222,986;'212059,337;';Y;NA;18;4;Unknown;Unknown;;None;;;';IFH_BATCH;'12/07/2019 07:43:14;;Y;;;;'12/07/2019 07:28:35;1;11086240;;BU;1;';';';';';;;;;;;;';;';;Y;;;;'12/07/2019 07:28:35
;;;Zoning;6807323;'20200219142313;W03-C-Antwerpen-West-FH07;6807323;'20200219142313;W03-C-Antwerpen-West-FH07;19084;FTTH-Cu;11382581;'20200113095419;'Nationalestraat  4 - 10;;;;;;;637725;'20200110155904;182832;'1630000;'22002;Nationalestraat;'10;';2000;Antwerpen;;'152225,273;'212064,995;';Y;NA;18;4;Unknown;Unknown;;None;;;';IFH_BATCH;'12/07/2019 07:33:48;;Y;;;;'12/07/2019 07:28:35;1;1618485;;LU;1;';';';';';Y;#A5.6/10.1/K1;APPART;DEEL_APP_GEBOUW - PARTIE_IMMEUBLE_APP;APPART;;;';;';;Y;;;;'12/07/2019 07:28:35
;;;Zoning;6807323;'20200219142313;W03-C-Antwerpen-West-FH07;6807323;'20200219142313;W03-C-Antwerpen-West-FH07;19084;FTTH-Cu;11382581;'20200113095419;'Nationalestraat  4 - 10;;;;;;;637725;'20200110155904;182832;'1630000;'22002;Nationalestraat;'10;';2000;Antwerpen;;'152225,273;'212064,995;';Y;NA;18;4;Unknown;Unknown;;None;;;';IFH_BATCH;'12/07/2019 07:33:48;;Y;;;;'12/07/2019 07:28:35;2;1618486;;LU;1;';';';';';Y;#A5.6/10.2/K2;APPART;DEEL_APP_GEBOUW - PARTIE_IMMEUBLE_APP;APPART;;;';;';;Y;;;;'12/07/2019 07:28:35
;;;Zoning;6807323;'20200219142313;W03-C-Antwerpen-West-FH07;6807323;'20200219142313;W03-C-Antwerpen-West-FH07;19084;FTTH-Cu;11382581;'20200113095419;'Nationalestraat  4 - 10;;;;;;;637725;'20200110155904;182832;'1630000;'22002;Nationalestraat;'10;';2000;Antwerpen;;'152225,273;'212064,995;';Y;NA;18;4;Unknown;Unknown;;None;;;';IFH_BATCH;'12/07/2019 07:33:48;;Y;;;;'12/07/2019 07:28:35;3;1618487;;LU;1;';';';';';Y;#A5.6/10.3/K3;APPART;DEEL_APP_GEBOUW - PARTIE_IMMEUBLE_APP;APPART;;;';;';;Y;;;;'12/07/2019 07:28:35
;;;Zoning;6807323;'20200219142313;W03-C-Antwerpen-West-FH07;6807323;'20200219142313;W03-C-Antwerpen-West-FH07;19084;FTTH-Cu;11382581;'20200113095419;'Nationalestraat  4 - 10;;;;;;;637725;'20200110155904;182832;'1630000;'22002;Nationalestraat;'10;';2000;Antwerpen;;'152225,273;'212064,995;';Y;NA;18;4;Unknown;Unknown;;None;;;';IFH_BATCH;'12/07/2019 07:33:48;;Y;;;;'12/07/2019 07:28:35;4;1618488;;LU;1;';';';';';Y;#A5.6/10.4/K4;APPART;DEEL_APP_GEBOUW - PARTIE_IMMEUBLE_APP;APPART;;;';;';;Y;;;;'12/07/2019 07:28:35
;;;Zoning;6807323;'20200219142313;W03-C-Antwerpen-West-FH07;6807323;'20200219142313;W03-C-Antwerpen-West-FH07;19084;FTTH-Cu;11382581;'20200113095419;'Nationalestraat  4 - 10;;;;;;;637725;'20200110155904;182832;'1630000;'22002;Nationalestraat;'10;';2000;Antwerpen;;'152225,273;'212064,995;';Y;NA;18;4;Unknown;Unknown;;None;;;';IFH_BATCH;'12/07/2019 07:33:48;;Y;;;;'12/07/2019 07:28:35;5;1618489;;LU;1;';';';';';Y;#A5.6/10.5/K5;APPART;DEEL_APP_GEBOUW - PARTIE_IMMEUBLE_APP;APPART;;;';;';;Y;;;;'12/07/2019 07:28:35
;;;Zoning;6807323;'20200219142313;W03-C-Antwerpen-West-FH07;6807323;'20200219142313;W03-C-Antwerpen-West-FH07;19084;FTTH-Cu;11382581;'20200113095419;'Nationalestraat  4 - 10;;;;;;;637725;'20200110155904;182832;'1630000;'22002;Nationalestraat;'10;';2000;Antwerpen;;'152225,273;'212064,995;';Y;NA;18;4;Unknown;Unknown;;None;;;';IFH_BATCH;'12/07/2019 07:33:48;;Y;;;;'12/07/2019 07:28:35;6;1618490;;LU;1;';';';';';Y;#A5.6/10.6/K6;APPART;DEEL_APP_GEBOUW - PARTIE_IMMEUBLE_APP;APPART;;;';;';;Y;;;;'12/07/2019 07:28:35
;;;Zoning;6807323;'20200219142313;W03-C-Antwerpen-West-FH07;6807323;'20200219142313;W03-C-Antwerpen-West-FH07;19084;FTTH-Cu;11382581;'20200113095419;'Nationalestraat  4 - 10;;;;;;;637725;'20200110155904;182832;'1630000;'22002;Nationalestraat;'10;';2000;Antwerpen;;'152225,273;'212064,995;';Y;NA;18;4;Unknown;Unknown;;None;;;';IFH_BATCH;'12/07/2019 07:33:48;;Y;;;;'12/07/2019 07:28:35;7;1618491;;LU;1;';';';';';Y;#A5/10.7/K7;APPART;DEEL_APP_GEBOUW - PARTIE_IMMEUBLE_APP;APPART;;;';;';;Y;;;;'12/07/2019 07:28:35
;;;Zoning;6807323;'20200219142313;W03-C-Antwerpen-West-FH07;6807323;'20200219142313;W03-C-Antwerpen-West-FH07;19084;FTTH-Cu;11382581;'20200113095419;'Nationalestraat  4 - 10;;;;;;;637725;'20200110155904;182832;'1630000;'22002;Nationalestraat;'10;';2000;Antwerpen;;'152225,273;'212064,995;';Y;NA;18;4;Unknown;Unknown;;None;;;';IFH_BATCH;'12/07/2019 07:33:48;;Y;;;;'12/07/2019 07:28:35;8;11087135;;LU;1;';';';';';;;;;;;;';;';;Y;;;;'12/07/2019 07:28:35
;;;Zoning;6807323;'20200219142313;W03-C-Antwerpen-West-FH07;6807323;'20200219142313;W03-C-Antwerpen-West-FH07;19084;FTTH-Cu;11382581;'20200113095419;'Nationalestraat  4 - 10;;;;;;;637725;'20200110155904;182832;'1630000;'22002;Nationalestraat;'10;';2000;Antwerpen;;'152225,273;'212064,995;';Y;NA;18;4;Unknown;Unknown;;None;;;';IFH_BATCH;'12/07/2019 07:33:48;;Y;;;;'12/07/2019 07:28:35;9;11087136;;LU;1;';';';';';;;;;;;;';;';;Y;;;;'12/07/2019 07:28:35
;;;Zoning;6807323;'20200219142313;W03-C-Antwerpen-West-FH07;6807323;'20200219142313;W03-C-Antwerpen-West-FH07;19084;FTTH-Cu;11382581;'20200113095419;'Nationalestraat  4 - 10;;;;;;;637725;'20200110155904;182832;'1630000;'22002;Nationalestraat;'10;';2000;Antwerpen;;'152225,273;'212064,995;';Y;NA;18;4;Unknown;Unknown;;None;;;';IFH_BATCH;'12/07/2019 07:33:48;;Y;;;;'12/07/2019 07:28:35;10;11087137;;LU;1;';';';';';;;;;;;;';;';;Y;;;;'12/07/2019 07:28:35
;;;Zoning;6807323;'20200219142313;W03-C-Antwerpen-West-FH07;6807323;'20200219142313;W03-C-Antwerpen-West-FH07;19084;FTTH-Cu;11382581;'20200113095419;'Nationalestraat  4 - 10;;;;;;;637725;'20200110155904;182832;'1630000;'22002;Nationalestraat;'10;';2000;Antwerpen;;'152225,273;'212064,995;';Y;NA;18;4;Unknown;Unknown;;None;;;';IFH_BATCH;'12/07/2019 07:33:48;;Y;;;;'12/07/2019 07:28:35;11;11087138;;LU;1;';';';';';;;;;;;;';;';;Y;;;;'12/07/2019 07:28:35
;;;Zoning;6807323;'20200219142313;W03-C-Antwerpen-West-FH07;6807323;'20200219142313;W03-C-Antwerpen-West-FH07;19084;FTTH-Cu;11382581;'20200113095419;'Nationalestraat  4 - 10;;;;;;;637725;'20200110155904;182832;'1630000;'22002;Nationalestraat;'10;';2000;Antwerpen;;'152225,273;'212064,995;';Y;NA;18;4;Unknown;Unknown;;None;;;';IFH_BATCH;'12/07/2019 07:33:48;;Y;;;;'12/07/2019 07:28:35;12;11087139;;LU;1;';';';';';;;;;;;;';;';;Y;;;;'12/07/2019 07:28:35
;;;Zoning;6807323;'20200219142313;W03-C-Antwerpen-West-FH07;6807323;'20200219142313;W03-C-Antwerpen-West-FH07;19084;FTTH-Cu;11382520;'20190604080257;'Nationalestraat 12 - Kammenstraat 11;;;;;;;637729;'20190712080922;182836;'1630000;'22002;Nationalestraat;'12;';2000;Antwerpen;;'152217,505;'212040,34;';Y;NA;15;4;Unknown;Unknown;;None;;;';IFH_BATCH;'12/07/2019 07:33:58;;Y;;;;'12/07/2019 07:28:35;2;1638463;;BU;1;';';';';';Y;#HA.GV/B6;APPART;DEEL_APP_GEBOUW - PARTIE_IMMEUBLE_APP;COMM;;;';;';;Y;;;;'12/07/2019 07:28:35
;;;Zoning;6807323;'20200219142313;W03-C-Antwerpen-West-FH07;6807323;'20200219142313;W03-C-Antwerpen-West-FH07;19084;FTTH-Cu;;';';;;;;;;664302;'20200113132328;2025020;'1630000;'22002;Nationalestraat;'14;';2000;Antwerpen;;'152214,643;'212034,651;';Y;NA;5;4;Unknown;Unknown;;None;;;';IFH_BATCH;'12/07/2019 07:33:50;;Y;;;;'12/07/2019 07:28:35;1;1655019;;BU;1;';';';';';Y;;COMM;HANDELSZAAK - COMMERCE;NA;;;';;';;Y;;;;'12/07/2019 07:28:35
;;;Zoning;6807323;'20200219142313;W03-C-Antwerpen-West-FH07;6807323;'20200219142313;W03-C-Antwerpen-West-FH07;19084;FTTH-Cu;;';';;;;;;;637727;'20190712080922;182834;'1630000;'22002;Nationalestraat;'16;';2000;Antwerpen;;'152209,164;'212025,539;';N;MON;5;0;Unknown;Unknown;;None;;;';IFH_BATCH;'12/07/2019 07:33:53;;Y;;;;'12/07/2019 07:28:35;1;1668420;;BU;1;';';';';';Y;;COMM;HANDELSZAAK - COMMERCE;NA;;;';;';;Y;;;;'12/07/2019 07:28:35
;;;Zoning;6807323;'20200219142313;W03-C-Antwerpen-West-FH07;6807323;'20200219142313;W03-C-Antwerpen-West-FH07;19084;FTTH-Cu;;';';;;;;;;715065;'20191016150114;61110;'1630000;'22002;Nationalestraat;'18;';2000;Antwerpen;;'152182,964;'211966,634;';Y;NA;5;4;Unknown;Unknown;;None;;;';IFH_BATCH;'12/07/2019 07:32:48;;Y;;;;'12/07/2019 07:28:35;1;1680052;;BU;1;';';';';';Y;;COMM;HANDELSZAAK - COMMERCE;NA;;;';;';;Y;;;;'12/07/2019 07:28:35
;;;Zoning;6807323;'20200219142313;W03-C-Antwerpen-West-FH07;6807323;'20200219142313;W03-C-Antwerpen-West-FH07;19084;FTTH-Cu;;';';;;;;;;664306;'20191016150114;2025038;'1630000;'22002;Nationalestraat;'20;';2000;Antwerpen;;'152181,195;'211962,184;';Y;NA;5;4;Unknown;Unknown;;None;;;';IFH_BATCH;'12/07/2019 07:32:51;;Y;;;;'12/07/2019 07:28:35;1;1698363;;BU;1;';';';';';Y;;COMM;HANDELSZAAK - COMMERCE;NA;;;';;';;Y;;;;'12/07/2019 07:28:35
;;;Zoning;6807323;'20200219142313;W03-C-Antwerpen-West-FH07;6807323;'20200219142313;W03-C-Antwerpen-West-FH07;19084;FTTH-Cu;;';';;;;;;;664308;'20191016150114;2025043;'1630000;'22002;Nationalestraat;'22;';2000;Antwerpen;;'152178,194;'211957,375;';Y;NA;4;4;Unknown;Unknown;;None;;;';IFH_BATCH;'12/07/2019 07:32:53;;Y;;;;'12/07/2019 07:28:35;1;1708431;;BU;1;';';';';';Y;;COMM;HANDELSZAAK - COMMERCE;NA;;;';;';;Y;;;;'12/07/2019 07:28:35
;;;Zoning;6807323;'20200219142313;W03-C-Antwerpen-West-FH07;6807323;'20200219142313;W03-C-Antwerpen-West-FH07;19084;FTTH-Cu;;';';;;;;;;664308;'20191016150114;2025043;'1630000;'22002;Nationalestraat;'22;';2000;Antwerpen;;'152178,194;'211957,375;';Y;NA;4;4;Unknown;Unknown;;None;;;';IFH_BATCH;'12/07/2019 07:32:53;;Y;;;;'12/07/2019 07:28:35;2;11086745;;LU;1;';';';';';;;;;;;;';;';;Y;;;;'12/07/2019 07:28:35
;;;Zoning;6807323;'20200219142313;W03-C-Antwerpen-West-FH07;6807323;'20200219142313;W03-C-Antwerpen-West-FH07;19084;FTTH-Cu;;';';;;;;;;664310;'20191016150114;2025052;'1630000;'22002;Nationalestraat;'24;';2000;Antwerpen;;'152174,963;'211952,623;';Y;NA;5;4;Unknown;Unknown;;None;;;';IFH_BATCH;'12/07/2019 07:32:56;;Y;;;;'12/07/2019 07:28:35;1;1715444;;LU;1;';';';';';Y;#A1@5/WOONGEDEELTE/;APPART;DEEL_APP_GEBOUW - PARTIE_IMMEUBLE_APP;APPART;;;';;';;Y;;;;'12/07/2019 07:28:35
;;;Zoning;6807323;'20200219142313;W03-C-Antwerpen-West-FH07;6807323;'20200219142313;W03-C-Antwerpen-West-FH07;19084;FTTH-Cu;;';';;;;;;;664310;'20191016150114;2025052;'1630000;'22002;Nationalestraat;'24;';2000;Antwerpen;;'152174,963;'211952,623;';Y;NA;5;4;Unknown;Unknown;;None;;;';IFH_BATCH;'12/07/2019 07:32:56;;Y;;;;'12/07/2019 07:28:35;2;1716018;;BU;1;';';';';';Y;#HA.GV/;APPART;DEEL_APP_GEBOUW - PARTIE_IMMEUBLE_APP;COMM;;;';;';;Y;;;;'12/07/2019 07:28:35
;;;Zoning;6807323;'20200219142313;W03-C-Antwerpen-West-FH07;6807323;'20200219142313;W03-C-Antwerpen-West-FH07;19084;FTTH-Cu;;';';;;;;;;664310;'20191016150114;2025052;'1630000;'22002;Nationalestraat;'24;';2000;Antwerpen;;'152174,963;'211952,623;';Y;NA;5;4;Unknown;Unknown;;None;;;';IFH_BATCH;'12/07/2019 07:32:56;;Y;;;;'12/07/2019 07:28:35;3;10377576;;LU;1;';';';';';Y;#A1@5/WOONGEDEELTE/;APPART;DEEL_APP_GEBOUW - PARTIE_IMMEUBLE_APP;APPART;;;';;';;Y;;;;'12/07/2019 07:28:35
;;;Zoning;6807323;'20200219142313;W03-C-Antwerpen-West-FH07;6807323;'20200219142313;W03-C-Antwerpen-West-FH07;19084;FTTH-Cu;;';';;;;;;;664310;'20191016150114;2025052;'1630000;'22002;Nationalestraat;'24;';2000;Antwerpen;;'152174,963;'211952,623;';Y;NA;5;4;Unknown;Unknown;;None;;;';IFH_BATCH;'12/07/2019 07:32:56;;Y;;;;'12/07/2019 07:28:35;4;10377577;;LU;1;';';';';';Y;#A1@5/WOONGEDEELTE/;APPART;DEEL_APP_GEBOUW - PARTIE_IMMEUBLE_APP;APPART;;;';;';;Y;;;;'12/07/2019 07:28:35
;;;Zoning;6807323;'20200219142313;W03-C-Antwerpen-West-FH07;6807323;'20200219142313;W03-C-Antwerpen-West-FH07;19084;FTTH-Cu;;';';;;;;;;664310;'20191016150114;2025052;'1630000;'22002;Nationalestraat;'24;';2000;Antwerpen;;'152174,963;'211952,623;';Y;NA;5;4;Unknown;Unknown;;None;;;';IFH_BATCH;'12/07/2019 07:32:56;;Y;;;;'12/07/2019 07:28:35;5;11086746;;LU;1;';';';';';;;;;;;;';;';;Y;;;;'12/07/2019 07:28:35
;;;Zoning;6807323;'20200219142313;W03-C-Antwerpen-West-FH07;6807323;'20200219142313;W03-C-Antwerpen-West-FH07;19084;FTTH-Cu;;';';;;;;;;715064;'20191016150114;61109;'1630000;'22002;Nationalestraat;'26;';2000;Antwerpen;;'152172,236;'211948,15;';Y;NA;4;4;Unknown;Unknown;;None;;;';IFH_BATCH;'12/07/2019 07:32:58;;Y;;;;'12/07/2019 07:28:35;1;1725183;;LU;1;';';';';';Y;;APTBLD;APPARTEMENTSGEBOUW - IMMEUBLE A APPARTEMENTS;NA;;;';;';;Y;;;;'12/07/2019 07:28:35
;;;Zoning;6807323;'20200219142313;W03-C-Antwerpen-West-FH07;6807323;'20200219142313;W03-C-Antwerpen-West-FH07;19084;FTTH-Cu;;';';;;;;;;715064;'20191016150114;61109;'1630000;'22002;Nationalestraat;'26;';2000;Antwerpen;;'152172,236;'211948,15;';Y;NA;4;4;Unknown;Unknown;;None;;;';IFH_BATCH;'12/07/2019 07:32:58;;Y;;;;'12/07/2019 07:28:35;2;1725184;;LU;1;';';';';';Y;;APTBLD;APPARTEMENTSGEBOUW - IMMEUBLE A APPARTEMENTS;NA;;;';;';;Y;;;;'12/07/2019 07:28:35
;;;Zoning;6807323;'20200219142313;W03-C-Antwerpen-West-FH07;6807323;'20200219142313;W03-C-Antwerpen-West-FH07;19084;FTTH-Cu;;';';;;;;;;715064;'20191016150114;61109;'1630000;'22002;Nationalestraat;'26;';2000;Antwerpen;;'152172,236;'211948,15;';Y;NA;4;4;Unknown;Unknown;;None;;;';IFH_BATCH;'12/07/2019 07:32:58;;Y;;;;'12/07/2019 07:28:35;3;1725185;;LU;1;';';';';';Y;;APTBLD;APPARTEMENTSGEBOUW - IMMEUBLE A APPARTEMENTS;NA;;;';;';;Y;;;;'12/07/2019 07:28:35
;;;Zoning;6807323;'20200219142313;W03-C-Antwerpen-West-FH07;6807323;'20200219142313;W03-C-Antwerpen-West-FH07;19084;FTTH-Cu;;';';;;;;;;715064;'20191016150114;61109;'1630000;'22002;Nationalestraat;'26;';2000;Antwerpen;;'152172,236;'211948,15;';Y;NA;4;4;Unknown;Unknown;;None;;;';IFH_BATCH;'12/07/2019 07:32:58;;Y;;;;'12/07/2019 07:28:35;4;11086747;;LU;1;';';';';';;;;;;;;';;';;Y;;;;'12/07/2019 07:28:35
;;;Zoning;6807323;'20200219142313;W03-C-Antwerpen-West-FH07;6807323;'20200219142313;W03-C-Antwerpen-West-FH07;19084;FTTH-Cu;11382575;'20191016150211;'Nationalestraat 28 - 28 A - 32;;;;;;;11377808;'20190712080948;61108;'1630000;'22002;Nationalestraat;'28;';2000;Antwerpen;;'152162;'211925;';Y;NA;7;4;Unknown;Unknown;;None;;;';IFH_BATCH;'12/07/2019 07:43:09;;Y;;;;'12/07/2019 07:28:35;1;11086018;;BU;1;';';';';';;;;;;;;';;';;Y;;;;'12/07/2019 07:28:35
;;;Zoning;6807323;'20200219142313;W03-C-Antwerpen-West-FH07;6807323;'20200219142313;W03-C-Antwerpen-West-FH07;19084;FTTH-Cu;11382575;'20191016150211;'Nationalestraat 28 - 28 A - 32;;;;;;;11377808;'20190712080948;61108;'1630000;'22002;Nationalestraat;'28;';2000;Antwerpen;;'152162;'211925;';Y;NA;7;4;Unknown;Unknown;;None;;;';IFH_BATCH;'12/07/2019 07:43:09;;Y;;;;'12/07/2019 07:28:35;2;11086019;;BU;1;';';';';';;;;;;;;';;';;Y;;;;'12/07/2019 07:28:35
;;;Zoning;6807323;'20200219142313;W03-C-Antwerpen-West-FH07;6807323;'20200219142313;W03-C-Antwerpen-West-FH07;19084;FTTH-Cu;11382575;'20191016150211;'Nationalestraat 28 - 28 A - 32;;;;;;;11377808;'20190712080948;61108;'1630000;'22002;Nationalestraat;'28;';2000;Antwerpen;;'152162;'211925;';Y;NA;7;4;Unknown;Unknown;;None;;;';IFH_BATCH;'12/07/2019 07:43:09;;Y;;;;'12/07/2019 07:28:35;3;11086020;;BU;1;';';';';';;;;;;;;';;';;Y;;;;'12/07/2019 07:28:35
;;;Zoning;6807323;'20200219142313;W03-C-Antwerpen-West-FH07;6807323;'20200219142313;W03-C-Antwerpen-West-FH07;19084;FTTH-Cu;11382575;'20191016150211;'Nationalestraat 28 - 28 A - 32;;;;;;;11377808;'20190712080948;61108;'1630000;'22002;Nationalestraat;'28;';2000;Antwerpen;;'152162;'211925;';Y;NA;7;4;Unknown;Unknown;;None;;;';IFH_BATCH;'12/07/2019 07:43:09;;Y;;;;'12/07/2019 07:28:35;4;11086021;;BU;1;';';';';';;;;;;;;';;';;Y;;;;'12/07/2019 07:28:35
;;;Zoning;6807323;'20200219142313;W03-C-Antwerpen-West-FH07;6807323;'20200219142313;W03-C-Antwerpen-West-FH07;19084;FTTH-Cu;11382575;'20191016150211;'Nationalestraat 28 - 28 A - 32;;;;;;;11377808;'20190712080948;61108;'1630000;'22002;Nationalestraat;'28;';2000;Antwerpen;;'152162;'211925;';Y;NA;7;4;Unknown;Unknown;;None;;;';IFH_BATCH;'12/07/2019 07:43:09;;Y;;;;'12/07/2019 07:28:35;5;11086022;;BU;1;';';';';';;;;;;;;';;';;Y;;;;'12/07/2019 07:28:35
;;;Zoning;6807323;'20200219142313;W03-C-Antwerpen-West-FH07;6807323;'20200219142313;W03-C-Antwerpen-West-FH07;19084;FTTH-Cu;11382575;'20191016150211;'Nationalestraat 28 - 28 A - 32;;;;;;;11377808;'20190712080948;61108;'1630000;'22002;Nationalestraat;'28;';2000;Antwerpen;;'152162;'211925;';Y;NA;7;4;Unknown;Unknown;;None;;;';IFH_BATCH;'12/07/2019 07:43:09;;Y;;;;'12/07/2019 07:28:35;6;11086023;;BU;1;';';';';';;;;;;;;';;';;Y;;;;'12/07/2019 07:28:35
;;;Zoning;6807323;'20200219142313;W03-C-Antwerpen-West-FH07;6807323;'20200219142313;W03-C-Antwerpen-West-FH07;19084;FTTH-Cu;11382575;'20191016150211;'Nationalestraat 28 - 28 A - 32;;;;;;;11377809;'20190712080948;1072862;'1630000;'22002;Nationalestraat;'32;';2000;Antwerpen;;'152147,054;'211902,791;';Y;NA;7;4;Unknown;Unknown;;None;;;';IFH_BATCH;'12/07/2019 07:43:11;;Y;;;;'12/07/2019 07:28:35;1;11086024;;BU;1;';';';';';;;;;;;;';;';;Y;;;;'12/07/2019 07:28:35
;;;Zoning;6807323;'20200219142313;W03-C-Antwerpen-West-FH07;6807323;'20200219142313;W03-C-Antwerpen-West-FH07;19084;FTTH-Cu;;';';;;;;;;664313;'20191016144156;2025097;'1630000;'22002;Nationalestraat;'36;';2000;Antwerpen;;'152122,786;'211880,945;';N;ORN;3;0;Unknown;Unknown;;None;;;';IFH_BATCH;'12/07/2019 07:32:43;;Y;;;;'12/07/2019 07:28:35;1;1762162;;LU;1;';';';';';Y;#A2.3;APPART;DEEL_APP_GEBOUW - PARTIE_IMMEUBLE_APP;APPART;;;';;';;Y;;;;'12/07/2019 07:28:35
;;;Zoning;6807323;'20200219142313;W03-C-Antwerpen-West-FH07;6807323;'20200219142313;W03-C-Antwerpen-West-FH07;19084;FTTH-Cu;;';';;;;;;;664313;'20191016144156;2025097;'1630000;'22002;Nationalestraat;'36;';2000;Antwerpen;;'152122,786;'211880,945;';N;ORN;3;0;Unknown;Unknown;;None;;;';IFH_BATCH;'12/07/2019 07:32:43;;Y;;;;'12/07/2019 07:28:35;2;1762514;;BU;1;';';';';';Y;#BU1;APPART;DEEL_APP_GEBOUW - PARTIE_IMMEUBLE_APP;OFFICE;;;';;';;Y;;;;'12/07/2019 07:28:35
;;;Zoning;6807323;'20200219142313;W03-C-Antwerpen-West-FH07;6807323;'20200219142313;W03-C-Antwerpen-West-FH07;19084;FTTH-Cu;;';';;;;;;;664313;'20191016144156;2025097;'1630000;'22002;Nationalestraat;'36;';2000;Antwerpen;;'152122,786;'211880,945;';N;ORN;3;0;Unknown;Unknown;;None;;;';IFH_BATCH;'12/07/2019 07:32:43;;Y;;;;'12/07/2019 07:28:35;3;1762573;;BU;1;';';';';';Y;#HA.GV-K;APPART;DEEL_APP_GEBOUW - PARTIE_IMMEUBLE_APP;COMM;;;';;';;Y;;;;'12/07/2019 07:28:35
;;;Zoning;6807323;'20200219142313;W03-C-Antwerpen-West-FH07;6807323;'20200219142313;W03-C-Antwerpen-West-FH07;19084;FTTH-Cu;;';';;;;;;;664313;'20191016144156;2025097;'1630000;'22002;Nationalestraat;'36;';2000;Antwerpen;;'152122,786;'211880,945;';N;ORN;3;0;Unknown;Unknown;;None;;;';IFH_BATCH;'12/07/2019 07:32:43;;Y;;;;'12/07/2019 07:28:35;4;11086741;;LU;1;';';';';';;;;;;;;';;';;Y;;;;'12/07/2019 07:28:35
;;;Zoning;6807323;'20200219142313;W03-C-Antwerpen-West-FH07;6807323;'20200219142313;W03-C-Antwerpen-West-FH07;19084;FTTH-Cu;;';';;;;;;;664313;'20191016144156;2025097;'1630000;'22002;Nationalestraat;'36;';2000;Antwerpen;;'152122,786;'211880,945;';N;ORN;3;0;Unknown;Unknown;;None;;;';IFH_BATCH;'12/07/2019 07:32:43;;Y;;;;'12/07/2019 07:28:35;5;11086742;;LU;1;';';';';';;;;;;;;';;';;Y;;;;'12/07/2019 07:28:35
;;;Zoning;6807323;'20200219142313;W03-C-Antwerpen-West-FH07;6807323;'20200219142313;W03-C-Antwerpen-West-FH07;19084;FTTH-Cu;11382484;'20191021161429;'Nationalestraat 38 - 40;;;;;;;710487;'20191021161411;48927;'1630000;'22002;Nationalestraat;'38;';2000;Antwerpen;;'152117,597;'211870,896;';Y;NA;5;15;Unknown;Unknown;;None;;;';;';;Y;;;;'15/01/2019 12:41:18;1;1768732;;BU;1;';';';';';Y;;HOTEL;HOTEL - HOTEL;NA;;;';;';;Y;;;;'15/01/2019 12:41:18
;;;Zoning;6807323;'20200219142313;W03-C-Antwerpen-West-FH07;6807323;'20200219142313;W03-C-Antwerpen-West-FH07;19084;FTTH-Cu;11382484;'20191021161429;'Nationalestraat 38 - 40;;;;;;;11378767;'20191021161420;6524083;'1630000;'22002;Nationalestraat;'40;';2000;Antwerpen;;'152119,667;'211861,577;';Y;NA;5;15;Unknown;Unknown;;None;;;';;';;Y;;;;'15/01/2019 12:41:18;1;11086239;;BU;1;';';';';';;;;;;;;';;';;Y;;;;'15/01/2019 12:41:18
;;;Zoning;6807323;'20200219142313;W03-C-Antwerpen-West-FH07;6807323;'20200219142313;W03-C-Antwerpen-West-FH07;19084;FTTH-Cu;;';';;;;;;;664316;'20190712080923;2025110;'1630000;'22002;Nationalestraat;'42;';2000;Antwerpen;;'152115,836;'211848,192;';Y;NA;5;4;Unknown;Unknown;;None;;;';IFH_BATCH;'12/07/2019 07:32:46;;Y;;;;'12/07/2019 07:28:35;1;1783332;;BU;1;';';';';';Y;;COMM;HANDELSZAAK - COMMERCE;NA;;;';;';;Y;;;;'12/07/2019 07:28:35
;;;Zoning;6807323;'20200219142313;W03-C-Antwerpen-West-FH07;6807323;'20200219142313;W03-C-Antwerpen-West-FH07;19084;FTTH-Cu;;';';;;;;;;664316;'20190712080923;2025110;'1630000;'22002;Nationalestraat;'42;';2000;Antwerpen;;'152115,836;'211848,192;';Y;NA;5;4;Unknown;Unknown;;None;;;';IFH_BATCH;'12/07/2019 07:32:46;;Y;;;;'12/07/2019 07:28:35;2;1783333;;LU;1;';';';';';Y;;COMM;HANDELSZAAK - COMMERCE;NA;;;';;';;Y;;;;'12/07/2019 07:28:35
;;;Zoning;6807323;'20200219142313;W03-C-Antwerpen-West-FH07;6807323;'20200219142313;W03-C-Antwerpen-West-FH07;19084;FTTH-Cu;;';';;;;;;;664316;'20190712080923;2025110;'1630000;'22002;Nationalestraat;'42;';2000;Antwerpen;;'152115,836;'211848,192;';Y;NA;5;4;Unknown;Unknown;;None;;;';IFH_BATCH;'12/07/2019 07:32:46;;Y;;;;'12/07/2019 07:28:35;3;11086743;;LU;1;';';';';';;;;;;;;';;';;Y;;;;'12/07/2019 07:28:35
;;;Zoning;6807323;'20200219142313;W03-C-Antwerpen-West-FH07;6807323;'20200219142313;W03-C-Antwerpen-West-FH07;19084;FTTH-Cu;;';';;;;;;;664316;'20190712080923;2025110;'1630000;'22002;Nationalestraat;'42;';2000;Antwerpen;;'152115,836;'211848,192;';Y;NA;5;4;Unknown;Unknown;;None;;;';IFH_BATCH;'12/07/2019 07:32:46;;Y;;;;'12/07/2019 07:28:35;4;11086744;;LU;1;';';';';';;;;;;;;';;';;Y;;;;'12/07/2019 07:28:35
;;;Zoning;6807323;'20200219142313;W03-C-Antwerpen-West-FH07;6807323;'20200219142313;W03-C-Antwerpen-West-FH07;19084;FTTH-Cu;;';';;;;;;;710486;'20190604080309;48926;'1630000;'22002;Nationalestraat;'44;';2000;Antwerpen;;'152116,121;'211842,855;';Y;NA;1;3;Unknown;Unknown;;None;;;';;';;Y;;;;'15/01/2019 12:41:18;1;1787757;;BU;1;';';';';';Y;;COMM;HANDELSZAAK - COMMERCE;NA;;;';;';;Y;;;;'15/01/2019 12:41:18
;;;Zoning;6807323;'20200219142313;W03-C-Antwerpen-West-FH07;6807323;'20200219142313;W03-C-Antwerpen-West-FH07;19084;FTTH-Cu;11382568;'20200207153650;'Nationalestraat 56 - 58 - 60;;;;;;;664320;'20200207153821;2025132;'1630000;'22002;Nationalestraat;'50;';2000;Antwerpen;;'152108,96;'211821,505;';N;ORN;7;21;Unknown;Unknown;;None;;;';;';;Y;;;;'15/01/2019 12:41:18;1;1804337;;LU;1;';';';';';Y;#A1/G/B13;APPART;DEEL_APP_GEBOUW - PARTIE_IMMEUBLE_APP;APPART;;;';;';;Y;;;;'15/01/2019 12:41:18
;;;Zoning;6807323;'20200219142313;W03-C-Antwerpen-West-FH07;6807323;'20200219142313;W03-C-Antwerpen-West-FH07;19084;FTTH-Cu;11382568;'20200207153650;'Nationalestraat 56 - 58 - 60;;;;;;;664320;'20200207153821;2025132;'1630000;'22002;Nationalestraat;'50;';2000;Antwerpen;;'152108,96;'211821,505;';N;ORN;7;21;Unknown;Unknown;;None;;;';;';;Y;;;;'15/01/2019 12:41:18;2;1804342;;LU;1;';';';';';Y;#A1/H/B6;APPART;DEEL_APP_GEBOUW - PARTIE_IMMEUBLE_APP;APPART;;;';;';;Y;;;;'15/01/2019 12:41:18
;;;Zoning;6807323;'20200219142313;W03-C-Antwerpen-West-FH07;6807323;'20200219142313;W03-C-Antwerpen-West-FH07;19084;FTTH-Cu;11382568;'20200207153650;'Nationalestraat 56 - 58 - 60;;;;;;;664320;'20200207153821;2025132;'1630000;'22002;Nationalestraat;'50;';2000;Antwerpen;;'152108,96;'211821,505;';N;ORN;7;21;Unknown;Unknown;;None;;;';;';;Y;;;;'15/01/2019 12:41:18;3;1804458;;LU;1;';';';';';Y;#A2/G/B10;APPART;DEEL_APP_GEBOUW - PARTIE_IMMEUBLE_APP;APPART;;;';;';;Y;;;;'15/01/2019 12:41:18
;;;Zoning;6807323;'20200219142313;W03-C-Antwerpen-West-FH07;6807323;'20200219142313;W03-C-Antwerpen-West-FH07;19084;FTTH-Cu;11382568;'20200207153650;'Nationalestraat 56 - 58 - 60;;;;;;;664320;'20200207153821;2025132;'1630000;'22002;Nationalestraat;'50;';2000;Antwerpen;;'152108,96;'211821,505;';N;ORN;7;21;Unknown;Unknown;;None;;;';;';;Y;;;;'15/01/2019 12:41:18;4;1804462;;LU;1;';';';';';Y;#A2/H/B1-S.1;APPART;DEEL_APP_GEBOUW - PARTIE_IMMEUBLE_APP;APPART;;;';;';;Y;;;;'15/01/2019 12:41:18
;;;Zoning;6807323;'20200219142313;W03-C-Antwerpen-West-FH07;6807323;'20200219142313;W03-C-Antwerpen-West-FH07;19084;FTTH-Cu;11382568;'20200207153650;'Nationalestraat 56 - 58 - 60;;;;;;;664320;'20200207153821;2025132;'1630000;'22002;Nationalestraat;'50;';2000;Antwerpen;;'152108,96;'211821,505;';N;ORN;7;21;Unknown;Unknown;;None;;;';;';;Y;;;;'15/01/2019 12:41:18;5;1804546;;LU;1;';';';';';Y;#A3/G/B8-S.36;APPART;DEEL_APP_GEBOUW - PARTIE_IMMEUBLE_APP;APPART;;;';;';;Y;;;;'15/01/2019 12:41:18
;;;Zoning;6807323;'20200219142313;W03-C-Antwerpen-West-FH07;6807323;'20200219142313;W03-C-Antwerpen-West-FH07;19084;FTTH-Cu;11382568;'20200207153650;'Nationalestraat 56 - 58 - 60;;;;;;;664320;'20200207153821;2025132;'1630000;'22002;Nationalestraat;'50;';2000;Antwerpen;;'152108,96;'211821,505;';N;ORN;7;21;Unknown;Unknown;;None;;;';;';;Y;;;;'15/01/2019 12:41:18;6;1804548;;LU;1;';';';';';Y;#A3/H/;APPART;DEEL_APP_GEBOUW - PARTIE_IMMEUBLE_APP;APPART;;;';;';;Y;;;;'15/01/2019 12:41:18
;;;Zoning;6807323;'20200219142313;W03-C-Antwerpen-West-FH07;6807323;'20200219142313;W03-C-Antwerpen-West-FH07;19084;FTTH-Cu;11382568;'20200207153650;'Nationalestraat 56 - 58 - 60;;;;;;;664320;'20200207153821;2025132;'1630000;'22002;Nationalestraat;'50;';2000;Antwerpen;;'152108,96;'211821,505;';N;ORN;7;21;Unknown;Unknown;;None;;;';;';;Y;;;;'15/01/2019 12:41:18;7;1804603;;LU;1;';';';';';Y;#A4/G/;APPART;DEEL_APP_GEBOUW - PARTIE_IMMEUBLE_APP;APPART;;;';;';;Y;;;;'15/01/2019 12:41:18
;;;Zoning;6807323;'20200219142313;W03-C-Antwerpen-West-FH07;6807323;'20200219142313;W03-C-Antwerpen-West-FH07;19084;FTTH-Cu;11382568;'20200207153650;'Nationalestraat 56 - 58 - 60;;;;;;;664320;'20200207153821;2025132;'1630000;'22002;Nationalestraat;'50;';2000;Antwerpen;;'152108,96;'211821,505;';N;ORN;7;21;Unknown;Unknown;;None;;;';;';;Y;;;;'15/01/2019 12:41:18;8;1804605;;LU;1;';';';';';Y;#A4/H/B5-S.14;APPART;DEEL_APP_GEBOUW - PARTIE_IMMEUBLE_APP;APPART;;;';;';;Y;;;;'15/01/2019 12:41:18
;;;Zoning;6807323;'20200219142313;W03-C-Antwerpen-West-FH07;6807323;'20200219142313;W03-C-Antwerpen-West-FH07;19084;FTTH-Cu;11382568;'20200207153650;'Nationalestraat 56 - 58 - 60;;;;;;;664320;'20200207153821;2025132;'1630000;'22002;Nationalestraat;'50;';2000;Antwerpen;;'152108,96;'211821,505;';N;ORN;7;21;Unknown;Unknown;;None;;;';;';;Y;;;;'15/01/2019 12:41:18;9;1804643;;LU;1;';';';';';Y;#A5/N/S42;APPART;DEEL_APP_GEBOUW - PARTIE_IMMEUBLE_APP;APPART;;;';;';;Y;;;;'15/01/2019 12:41:18
;;;Zoning;6807323;'20200219142313;W03-C-Antwerpen-West-FH07;6807323;'20200219142313;W03-C-Antwerpen-West-FH07;19084;FTTH-Cu;11382568;'20200207153650;'Nationalestraat 56 - 58 - 60;;;;;;;664320;'20200207153821;2025132;'1630000;'22002;Nationalestraat;'50;';2000;Antwerpen;;'152108,96;'211821,505;';N;ORN;7;21;Unknown;Unknown;;None;;;';;';;Y;;;;'15/01/2019 12:41:18;10;1804644;;LU;1;';';';';';Y;#A5/O/S10;APPART;DEEL_APP_GEBOUW - PARTIE_IMMEUBLE_APP;APPART;;;';;';;Y;;;;'15/01/2019 12:41:18
;;;Zoning;6807323;'20200219142313;W03-C-Antwerpen-West-FH07;6807323;'20200219142313;W03-C-Antwerpen-West-FH07;19084;FTTH-Cu;11382568;'20200207153650;'Nationalestraat 56 - 58 - 60;;;;;;;664320;'20200207153821;2025132;'1630000;'22002;Nationalestraat;'50;';2000;Antwerpen;;'152108,96;'211821,505;';N;ORN;7;21;Unknown;Unknown;;None;;;';;';;Y;;;;'15/01/2019 12:41:18;11;1804645;;LU;1;';';';';';Y;#A5/P/B3-S9;APPART;DEEL_APP_GEBOUW - PARTIE_IMMEUBLE_APP;APPART;;;';;';;Y;;;;'15/01/2019 12:41:18
;;;Zoning;6807323;'20200219142313;W03-C-Antwerpen-West-FH07;6807323;'20200219142313;W03-C-Antwerpen-West-FH07;19084;FTTH-Cu;11382568;'20200207153650;'Nationalestraat 56 - 58 - 60;;;;;;;664320;'20200207153821;2025132;'1630000;'22002;Nationalestraat;'50;';2000;Antwerpen;;'152108,96;'211821,505;';N;ORN;7;21;Unknown;Unknown;;None;;;';;';;Y;;;;'15/01/2019 12:41:18;12;1804664;;LU;1;';';';';';Y;#A6/S/;APPART;DEEL_APP_GEBOUW - PARTIE_IMMEUBLE_APP;APPART;;;';;';;Y;;;;'15/01/2019 12:41:18
;;;Zoning;6807323;'20200219142313;W03-C-Antwerpen-West-FH07;6807323;'20200219142313;W03-C-Antwerpen-West-FH07;19084;FTTH-Cu;;';';;;;;;;664323;'20200113115317;2025160;'1630000;'22002;Nationalestraat;'58;';2000;Antwerpen;;'152102,507;'211797,253;';N;ORN;7;21;Unknown;Unknown;;None;;;';;';;Y;;;;'15/01/2019 12:41:18;1;1818166;;BU;1;';';';';';Y;#HA.GV/W2/;APPART;DEEL_APP_GEBOUW - PARTIE_IMMEUBLE_APP;COMM;;;';;';;Y;;;;'15/01/2019 12:41:18
;;;Zoning;6807323;'20200219142313;W03-C-Antwerpen-West-FH07;6807323;'20200219142313;W03-C-Antwerpen-West-FH07;19084;FTTH-Cu;;';';;;;;;;710584;'20200113115333;49136;'1630000;'22002;Nationalestraat;'60;';2000;Antwerpen;;'152100,218;'211791,703;';N;ORN;6;18;Unknown;Unknown;;None;;;';;';;Y;;;;'15/01/2019 12:41:18;1;1825997;;BU;1;';';';';';Y;#HA.GV/W1/;APPART;DEEL_APP_GEBOUW - PARTIE_IMMEUBLE_APP;COMM;;;';;';;Y;;;;'15/01/2019 12:41:18
;;;Zoning;6807323;'20200219142313;W03-C-Antwerpen-West-FH07;6807323;'20200219142313;W03-C-Antwerpen-West-FH07;19084;FTTH-Cu;11382568;'20200207153650;'Nationalestraat 56 - 58 - 60;;;;;;;710485;'20200113115408;48925;'1630000;'22002;Nationalestraat;'62;';2000;Antwerpen;;'152098,969;'211785,738;';N;ORN;7;21;Unknown;Unknown;;None;;;';;';;Y;;;;'15/01/2019 12:41:18;1;1828881;;BU;1;';';';';';Y;#A1/C/;APPART;DEEL_APP_GEBOUW - PARTIE_IMMEUBLE_APP;APPART;;;';;';;Y;;;;'15/01/2019 12:41:18
;;;Zoning;6807323;'20200219142313;W03-C-Antwerpen-West-FH07;6807323;'20200219142313;W03-C-Antwerpen-West-FH07;19084;FTTH-Cu;11382527;'20191018161131;'Nationalestraat 64 - Sint-Andriesstraat 44;;;;;;;714860;'20191018161119;60998;'1630000;'22002;Nationalestraat;'64;';2000;Antwerpen;;'152099,893;'211757,365;';Y;NA;5;4;Unknown;Unknown;;None;;;';IFH_BATCH;'12/07/2019 07:33:00;;Y;;;;'12/07/2019 07:28:35;1;1832212;;BU;1;';';';';';Y;;COMM;HANDELSZAAK - COMMERCE;NA;;;';;';;Y;;;;'12/07/2019 07:28:35
;;;Zoning;6807323;'20200219142313;W03-C-Antwerpen-West-FH07;6807323;'20200219142313;W03-C-Antwerpen-West-FH07;19084;FTTH-Cu;11382528;'20200220124044;'Nationalestraat 66 - 68;;;;;;;664328;'20191018161231;2025189;'1630000;'22002;Nationalestraat;'66;';2000;Antwerpen;;'152093,713;'211751,413;';Y;ORN;5;15;Unknown;Unknown;;None;;;';;';;Y;;;;'15/01/2019 12:41:18;17;1834551;;BU;1;';';';';';Y;#HA.GV;APPART;DEEL_APP_GEBOUW - PARTIE_IMMEUBLE_APP;COMM;;;';;';;Y;;;;'15/01/2019 12:41:18
;;;Zoning;6807323;'20200219142313;W03-C-Antwerpen-West-FH07;6807323;'20200219142313;W03-C-Antwerpen-West-FH07;19084;FTTH-Cu;11382528;'20200220124044;'Nationalestraat 66 - 68;;;;;;;11377815;'20191018161212;60996;'1630000;'22002;Nationalestraat;'68;';2000;Antwerpen;;'152092,303;'211745,974;';Y;ORN;5;15;Unknown;Unknown;;None;;;';;';;Y;;;;'15/01/2019 12:41:18;1;11086025;;LU;1;';';';';';;;;;;;;';;';;Y;;;;'15/01/2019 12:41:18
;;;Zoning;6807323;'20200219142313;W03-C-Antwerpen-West-FH07;6807323;'20200219142313;W03-C-Antwerpen-West-FH07;19084;FTTH-Cu;11382528;'20200220124044;'Nationalestraat 66 - 68;;;;;;;11377815;'20191018161212;60996;'1630000;'22002;Nationalestraat;'68;';2000;Antwerpen;;'152092,303;'211745,974;';Y;ORN;5;15;Unknown;Unknown;;None;;;';;';;Y;;;;'15/01/2019 12:41:18;2;11086026;;LU;1;';';';';';;;;;;;;';;';;Y;;;;'15/01/2019 12:41:18
;;;Zoning;6807323;'20200219142313;W03-C-Antwerpen-West-FH07;6807323;'20200219142313;W03-C-Antwerpen-West-FH07;19084;FTTH-Cu;11382528;'20200220124044;'Nationalestraat 66 - 68;;;;;;;11377815;'20191018161212;60996;'1630000;'22002;Nationalestraat;'68;';2000;Antwerpen;;'152092,303;'211745,974;';Y;ORN;5;15;Unknown;Unknown;;None;;;';;';;Y;;;;'15/01/2019 12:41:18;3;11086027;;LU;1;';';';';';;;;;;;;';;';;Y;;;;'15/01/2019 12:41:18
;;;Zoning;6807323;'20200219142313;W03-C-Antwerpen-West-FH07;6807323;'20200219142313;W03-C-Antwerpen-West-FH07;19084;FTTH-Cu;11382528;'20200220124044;'Nationalestraat 66 - 68;;;;;;;11377815;'20191018161212;60996;'1630000;'22002;Nationalestraat;'68;';2000;Antwerpen;;'152092,303;'211745,974;';Y;ORN;5;15;Unknown;Unknown;;None;;;';;';;Y;;;;'15/01/2019 12:41:18;4;11086028;;LU;1;';';';';';;;;;;;;';;';;Y;;;;'15/01/2019 12:41:18
;;;Zoning;6807323;'20200219142313;W03-C-Antwerpen-West-FH07;6807323;'20200219142313;W03-C-Antwerpen-West-FH07;19084;FTTH-Cu;11382528;'20200220124044;'Nationalestraat 66 - 68;;;;;;;11377815;'20191018161212;60996;'1630000;'22002;Nationalestraat;'68;';2000;Antwerpen;;'152092,303;'211745,974;';Y;ORN;5;15;Unknown;Unknown;;None;;;';;';;Y;;;;'15/01/2019 12:41:18;5;11086029;;LU;1;';';';';';;;;;;;;';;';;Y;;;;'15/01/2019 12:41:18
;;;Zoning;6807323;'20200219142313;W03-C-Antwerpen-West-FH07;6807323;'20200219142313;W03-C-Antwerpen-West-FH07;19084;FTTH-Cu;11382528;'20200220124044;'Nationalestraat 66 - 68;;;;;;;11377815;'20191018161212;60996;'1630000;'22002;Nationalestraat;'68;';2000;Antwerpen;;'152092,303;'211745,974;';Y;ORN;5;15;Unknown;Unknown;;None;;;';;';;Y;;;;'15/01/2019 12:41:18;6;11086030;;LU;1;';';';';';;;;;;;;';;';;Y;;;;'15/01/2019 12:41:18
;;;Zoning;6807323;'20200219142313;W03-C-Antwerpen-West-FH07;6807323;'20200219142313;W03-C-Antwerpen-West-FH07;19084;FTTH-Cu;11382528;'20200220124044;'Nationalestraat 66 - 68;;;;;;;11377815;'20191018161212;60996;'1630000;'22002;Nationalestraat;'68;';2000;Antwerpen;;'152092,303;'211745,974;';Y;ORN;5;15;Unknown;Unknown;;None;;;';;';;Y;;;;'15/01/2019 12:41:18;7;11086031;;LU;1;';';';';';;;;;;;;';;';;Y;;;;'15/01/2019 12:41:18
;;;Zoning;6807323;'20200219142313;W03-C-Antwerpen-West-FH07;6807323;'20200219142313;W03-C-Antwerpen-West-FH07;19084;FTTH-Cu;11382528;'20200220124044;'Nationalestraat 66 - 68;;;;;;;11377815;'20191018161212;60996;'1630000;'22002;Nationalestraat;'68;';2000;Antwerpen;;'152092,303;'211745,974;';Y;ORN;5;15;Unknown;Unknown;;None;;;';;';;Y;;;;'15/01/2019 12:41:18;8;11086032;;LU;1;';';';';';;;;;;;;';;';;Y;;;;'15/01/2019 12:41:18
;;;Zoning;6807323;'20200219142313;W03-C-Antwerpen-West-FH07;6807323;'20200219142313;W03-C-Antwerpen-West-FH07;19084;FTTH-Cu;;';';;;;;;;714859;'20191018161319;60997;'1630000;'22002;Nationalestraat;'70;';2000;Antwerpen;;'152091,479;'211739,004;';Y;NA;4;15;Unknown;Unknown;;None;;;';;';;Y;;;;'15/01/2019 12:41:18;1;1843523;;BU;1;';';';';';Y;;COMM;HANDELSZAAK - COMMERCE;NA;;;';;';;Y;;;;'15/01/2019 12:41:18
;;;Zoning;6807323;'20200219142313;W03-C-Antwerpen-West-FH07;6807323;'20200219142313;W03-C-Antwerpen-West-FH07;19084;FTTH-Cu;;';';;;;;;;664331;'20191018161319;2025207;'1630000;'22002;Nationalestraat;'72;';2000;Antwerpen;;'152088,68;'211732,53;';Y;NA;5;4;Unknown;Unknown;;None;;;';IFH_BATCH;'12/07/2019 07:33:03;;Y;;;;'12/07/2019 07:28:35;1;1845597;;BU;1;';';';';';Y;;COMM;HANDELSZAAK - COMMERCE;NA;;;';;';;Y;;;;'12/07/2019 07:28:35
;;;Zoning;6807323;'20200219142313;W03-C-Antwerpen-West-FH07;6807323;'20200219142313;W03-C-Antwerpen-West-FH07;19084;FTTH-Cu;;';';;;;;;;664331;'20191018161319;2025207;'1630000;'22002;Nationalestraat;'72;';2000;Antwerpen;;'152088,68;'211732,53;';Y;NA;5;4;Unknown;Unknown;;None;;;';IFH_BATCH;'12/07/2019 07:33:03;;Y;;;;'12/07/2019 07:28:35;2;1845598;;LU;1;';';';';';Y;;COMM;HANDELSZAAK - COMMERCE;NA;;;';;';;Y;;;;'12/07/2019 07:28:35
;;;Zoning;6807323;'20200219142313;W03-C-Antwerpen-West-FH07;6807323;'20200219142313;W03-C-Antwerpen-West-FH07;19084;FTTH-Cu;;';';;;;;;;664331;'20191018161319;2025207;'1630000;'22002;Nationalestraat;'72;';2000;Antwerpen;;'152088,68;'211732,53;';Y;NA;5;4;Unknown;Unknown;;None;;;';IFH_BATCH;'12/07/2019 07:33:03;;Y;;;;'12/07/2019 07:28:35;3;1845599;;LU;1;';';';';';Y;;COMM;HANDELSZAAK - COMMERCE;NA;;;';;';;Y;;;;'12/07/2019 07:28:35
;;;Zoning;6807323;'20200219142313;W03-C-Antwerpen-West-FH07;6807323;'20200219142313;W03-C-Antwerpen-West-FH07;19084;FTTH-Cu;;';';;;;;;;664331;'20191018161319;2025207;'1630000;'22002;Nationalestraat;'72;';2000;Antwerpen;;'152088,68;'211732,53;';Y;NA;5;4;Unknown;Unknown;;None;;;';IFH_BATCH;'12/07/2019 07:33:03;;Y;;;;'12/07/2019 07:28:35;4;1845600;;LU;1;';';';';';Y;;COMM;HANDELSZAAK - COMMERCE;NA;;;';;';;Y;;;;'12/07/2019 07:28:35
;;;Zoning;6807323;'20200219142313;W03-C-Antwerpen-West-FH07;6807323;'20200219142313;W03-C-Antwerpen-West-FH07;19084;FTTH-Cu;;';';;;;;;;664332;'20190712080923;2025212;'1630000;'22002;Nationalestraat;'74;';2000;Antwerpen;;'152087,045;'211726,041;';Y;NA;5;4;Unknown;Unknown;;None;;;';IFH_BATCH;'12/07/2019 07:33:05;;Y;;;;'12/07/2019 07:28:35;1;1847591;;BU;1;';';';';';Y;;COMM;HANDELSZAAK - COMMERCE;NA;;;';;';;Y;;;;'12/07/2019 07:28:35
;;;Zoning;6807323;'20200219142313;W03-C-Antwerpen-West-FH07;6807323;'20200219142313;W03-C-Antwerpen-West-FH07;19084;FTTH-Cu;;';';;;;;;;664332;'20190712080923;2025212;'1630000;'22002;Nationalestraat;'74;';2000;Antwerpen;;'152087,045;'211726,041;';Y;NA;5;4;Unknown;Unknown;;None;;;';IFH_BATCH;'12/07/2019 07:33:05;;Y;;;;'12/07/2019 07:28:35;2;1847592;;LU;1;';';';';';Y;;COMM;HANDELSZAAK - COMMERCE;NA;;;';;';;Y;;;;'12/07/2019 07:28:35
;;;Zoning;6807323;'20200219142313;W03-C-Antwerpen-West-FH07;6807323;'20200219142313;W03-C-Antwerpen-West-FH07;19084;FTTH-Cu;;';';;;;;;;664332;'20190712080923;2025212;'1630000;'22002;Nationalestraat;'74;';2000;Antwerpen;;'152087,045;'211726,041;';Y;NA;5;4;Unknown;Unknown;;None;;;';IFH_BATCH;'12/07/2019 07:33:05;;Y;;;;'12/07/2019 07:28:35;3;1847593;;LU;1;';';';';';Y;;COMM;HANDELSZAAK - COMMERCE;NA;;;';;';;Y;;;;'12/07/2019 07:28:35
;;;Zoning;6807323;'20200219142313;W03-C-Antwerpen-West-FH07;6807323;'20200219142313;W03-C-Antwerpen-West-FH07;19084;FTTH-Cu;;';';;;;;;;664332;'20190712080923;2025212;'1630000;'22002;Nationalestraat;'74;';2000;Antwerpen;;'152087,045;'211726,041;';Y;NA;5;4;Unknown;Unknown;;None;;;';IFH_BATCH;'12/07/2019 07:33:05;;Y;;;;'12/07/2019 07:28:35;4;1847594;;LU;1;';';';';';Y;;COMM;HANDELSZAAK - COMMERCE;NA;;;';;';;Y;;;;'12/07/2019 07:28:35
;;;Zoning;6807323;'20200219142313;W03-C-Antwerpen-West-FH07;6807323;'20200219142313;W03-C-Antwerpen-West-FH07;19084;FTTH-Cu;;';';;;;;;;664332;'20190712080923;2025212;'1630000;'22002;Nationalestraat;'74;';2000;Antwerpen;;'152087,045;'211726,041;';Y;NA;5;4;Unknown;Unknown;;None;;;';IFH_BATCH;'12/07/2019 07:33:05;;Y;;;;'12/07/2019 07:28:35;5;11086749;;LU;1;';';';';';;;;;;;;';;';;Y;;;;'12/07/2019 07:28:35
;;;Zoning;6807323;'20200219142313;W03-C-Antwerpen-West-FH07;6807323;'20200219142313;W03-C-Antwerpen-West-FH07;19084;FTTH-Cu;11382486;'20191018161707;'Nationalestraat 76 + 78 - Franckenstraat 23;;;;;;;11378869;'20191018161458;2025225;'1630000;'22002;Nationalestraat;'76;';2000;Antwerpen;;'152088,632;'211719,566;';Y;NA;5;4;Unknown;Unknown;;None;;;';IFH_BATCH;'12/07/2019 07:43:17;;Y;;;;'12/07/2019 07:28:35;1;11086320;;BU;1;';';';';';;;;;;;;';;';;Y;;;;'12/07/2019 07:28:35
;;;Zoning;6807323;'20200219142313;W03-C-Antwerpen-West-FH07;6807323;'20200219142313;W03-C-Antwerpen-West-FH07;19084;FTTH-Cu;11382486;'20191018161707;'Nationalestraat 76 + 78 - Franckenstraat 23;;;;;;;710585;'20191018161514;49137;'1630000;'22002;Nationalestraat;'78;';2000;Antwerpen;;'152087,263;'211714,924;';Y;NA;5;4;Unknown;Unknown;;None;;;';IFH_BATCH;'12/07/2019 07:33:08;;Y;;;;'12/07/2019 07:28:35;1;1851603;;BU;1;';';';';';Y;;APTBLD;APPARTEMENTSGEBOUW - IMMEUBLE A APPARTEMENTS;NA;;;';;';;Y;;;;'12/07/2019 07:28:35
;;;Zoning;6807323;'20200219142313;W03-C-Antwerpen-West-FH07;6807323;'20200219142313;W03-C-Antwerpen-West-FH07;19084;FTTH-Cu;;';';;;;;;;714853;'20191021114633;60991;'1630000;'22002;Nationalestraat;'80;';2000;Antwerpen;;'152079,747;'211695,147;';Y;NA;4;4;Unknown;Unknown;;None;;;';IFH_BATCH;'12/07/2019 07:33:10;;Y;;;;'12/07/2019 07:28:35;1;1857469;;BU;1;';';';';';Y;;COMM;HANDELSZAAK - COMMERCE;NA;;;';;';;Y;;;;'12/07/2019 07:28:35
;;;Zoning;6807323;'20200219142313;W03-C-Antwerpen-West-FH07;6807323;'20200219142313;W03-C-Antwerpen-West-FH07;19084;FTTH-Cu;;';';;;;;;;714853;'20191021114633;60991;'1630000;'22002;Nationalestraat;'80;';2000;Antwerpen;;'152079,747;'211695,147;';Y;NA;4;4;Unknown;Unknown;;None;;;';IFH_BATCH;'12/07/2019 07:33:10;;Y;;;;'12/07/2019 07:28:35;2;11086750;;LU;1;';';';';';;;;;;;;';;';;Y;;;;'12/07/2019 07:28:35
;;;Zoning;6807323;'20200219142313;W03-C-Antwerpen-West-FH07;6807323;'20200219142313;W03-C-Antwerpen-West-FH07;19084;FTTH-Cu;;';';;;;;;;615352;'20191021114644;12643;'1630000;'22002;Nationalestraat;'82;';2000;Antwerpen;;'152077,173;'211688,106;';Y;NA;5;4;Unknown;Unknown;;None;;;';IFH_BATCH;'12/07/2019 07:33:13;;Y;;;;'12/07/2019 07:28:35;1;1859236;;BU;1;';';';';';Y;;COMM;HANDELSZAAK - COMMERCE;NA;;;';;';;Y;;;;'12/07/2019 07:28:35
;;;Zoning;6807323;'20200219142313;W03-C-Antwerpen-West-FH07;6807323;'20200219142313;W03-C-Antwerpen-West-FH07;19084;FTTH-Cu;;';';;;;;;;615352;'20191021114644;12643;'1630000;'22002;Nationalestraat;'82;';2000;Antwerpen;;'152077,173;'211688,106;';Y;NA;5;4;Unknown;Unknown;;None;;;';IFH_BATCH;'12/07/2019 07:33:13;;Y;;;;'12/07/2019 07:28:35;2;1859237;;LU;1;';';';';';Y;;COMM;HANDELSZAAK - COMMERCE;NA;;;';;';;Y;;;;'12/07/2019 07:28:35
;;;Zoning;6807323;'20200219142313;W03-C-Antwerpen-West-FH07;6807323;'20200219142313;W03-C-Antwerpen-West-FH07;19084;FTTH-Cu;;';';;;;;;;615352;'20191021114644;12643;'1630000;'22002;Nationalestraat;'82;';2000;Antwerpen;;'152077,173;'211688,106;';Y;NA;5;4;Unknown;Unknown;;None;;;';IFH_BATCH;'12/07/2019 07:33:13;;Y;;;;'12/07/2019 07:28:35;3;10366180;;LU;1;';';';';';Y;;COMM;HANDELSZAAK - COMMERCE;NA;;;';;';;Y;;;;'12/07/2019 07:28:35
;;;Zoning;6807323;'20200219142313;W03-C-Antwerpen-West-FH07;6807323;'20200219142313;W03-C-Antwerpen-West-FH07;19084;FTTH-Cu;;';';;;;;;;615352;'20191021114644;12643;'1630000;'22002;Nationalestraat;'82;';2000;Antwerpen;;'152077,173;'211688,106;';Y;NA;5;4;Unknown;Unknown;;None;;;';IFH_BATCH;'12/07/2019 07:33:13;;Y;;;;'12/07/2019 07:28:35;4;10366181;;LU;1;';';';';';Y;;COMM;HANDELSZAAK - COMMERCE;NA;;;';;';;Y;;;;'12/07/2019 07:28:35
;;;Zoning;6807323;'20200219142313;W03-C-Antwerpen-West-FH07;6807323;'20200219142313;W03-C-Antwerpen-West-FH07;19084;FTTH-Cu;;';';;;;;;;615352;'20191021114644;12643;'1630000;'22002;Nationalestraat;'82;';2000;Antwerpen;;'152077,173;'211688,106;';Y;NA;5;4;Unknown;Unknown;;None;;;';IFH_BATCH;'12/07/2019 07:33:13;;Y;;;;'12/07/2019 07:28:35;5;11086751;;LU;1;';';';';';;;;;;;;';;';;Y;;;;'12/07/2019 07:28:35
;;;Zoning;6807323;'20200219142313;W03-C-Antwerpen-West-FH07;6807323;'20200219142313;W03-C-Antwerpen-West-FH07;19084;FTTH-Cu;11382529;'20191021115228;'84 - 86;;;;;;;691113;'20191021115207;3928061;'1630000;'22002;Nationalestraat;'84;';2000;Antwerpen;;'152074,794;'211681,693;';Y;NA;5;15;Unknown;Unknown;;None;;;';;';;Y;;;;'15/01/2019 12:41:18;12;1860560;;BU;1;';';';';';Y;#HA.GV.A.GV.A1.2/KAVEL 1;APPART;DEEL_APP_GEBOUW - PARTIE_IMMEUBLE_APP;COMM;;;';;';;Y;;;;'15/01/2019 12:41:18
;;;Zoning;6807323;'20200219142313;W03-C-Antwerpen-West-FH07;6807323;'20200219142313;W03-C-Antwerpen-West-FH07;19084;FTTH-Cu;11382529;'20191021115228;'84 - 86;;;;;;;664339;'20191021115215;2025267;'1630000;'22002;Nationalestraat;'86;';2000;Antwerpen;;'152072,053;'211675,021;';Y;NA;5;15;Unknown;Unknown;;None;;;';;';;Y;;;;'15/01/2019 12:41:18;1;1862454;;LU;1;';';';';';Y;;APTBLD;APPARTEMENTSGEBOUW - IMMEUBLE A APPARTEMENTS;NA;;;';;';;Y;;;;'15/01/2019 12:41:18
;;;Zoning;6807323;'20200219142313;W03-C-Antwerpen-West-FH07;6807323;'20200219142313;W03-C-Antwerpen-West-FH07;19084;FTTH-Cu;11382529;'20191021115228;'84 - 86;;;;;;;664339;'20191021115215;2025267;'1630000;'22002;Nationalestraat;'86;';2000;Antwerpen;;'152072,053;'211675,021;';Y;NA;5;15;Unknown;Unknown;;None;;;';;';;Y;;;;'15/01/2019 12:41:18;2;1862455;;LU;1;';';';';';Y;;APTBLD;APPARTEMENTSGEBOUW - IMMEUBLE A APPARTEMENTS;NA;;;';;';;Y;;;;'15/01/2019 12:41:18
;;;Zoning;6807323;'20200219142313;W03-C-Antwerpen-West-FH07;6807323;'20200219142313;W03-C-Antwerpen-West-FH07;19084;FTTH-Cu;11382529;'20191021115228;'84 - 86;;;;;;;664339;'20191021115215;2025267;'1630000;'22002;Nationalestraat;'86;';2000;Antwerpen;;'152072,053;'211675,021;';Y;NA;5;15;Unknown;Unknown;;None;;;';;';;Y;;;;'15/01/2019 12:41:18;3;1862456;;LU;1;';';';';';Y;;APTBLD;APPARTEMENTSGEBOUW - IMMEUBLE A APPARTEMENTS;NA;;;';;';;Y;;;;'15/01/2019 12:41:18
;;;Zoning;6807323;'20200219142313;W03-C-Antwerpen-West-FH07;6807323;'20200219142313;W03-C-Antwerpen-West-FH07;19084;FTTH-Cu;11382529;'20191021115228;'84 - 86;;;;;;;664339;'20191021115215;2025267;'1630000;'22002;Nationalestraat;'86;';2000;Antwerpen;;'152072,053;'211675,021;';Y;NA;5;15;Unknown;Unknown;;None;;;';;';;Y;;;;'15/01/2019 12:41:18;4;1862457;;LU;1;';';';';';Y;;APTBLD;APPARTEMENTSGEBOUW - IMMEUBLE A APPARTEMENTS;NA;;;';;';;Y;;;;'15/01/2019 12:41:18
;;;Zoning;6807323;'20200219142313;W03-C-Antwerpen-West-FH07;6807323;'20200219142313;W03-C-Antwerpen-West-FH07;19084;FTTH-Cu;11382529;'20191021115228;'84 - 86;;;;;;;664339;'20191021115215;2025267;'1630000;'22002;Nationalestraat;'86;';2000;Antwerpen;;'152072,053;'211675,021;';Y;NA;5;15;Unknown;Unknown;;None;;;';;';;Y;;;;'15/01/2019 12:41:18;5;1862458;;LU;1;';';';';';Y;;APTBLD;APPARTEMENTSGEBOUW - IMMEUBLE A APPARTEMENTS;NA;;;';;';;Y;;;;'15/01/2019 12:41:18
;;;Zoning;6807323;'20200219142313;W03-C-Antwerpen-West-FH07;6807323;'20200219142313;W03-C-Antwerpen-West-FH07;19084;FTTH-Cu;11382529;'20191021115228;'84 - 86;;;;;;;664339;'20191021115215;2025267;'1630000;'22002;Nationalestraat;'86;';2000;Antwerpen;;'152072,053;'211675,021;';Y;NA;5;15;Unknown;Unknown;;None;;;';;';;Y;;;;'15/01/2019 12:41:18;6;1862459;;LU;1;';';';';';Y;;APTBLD;APPARTEMENTSGEBOUW - IMMEUBLE A APPARTEMENTS;NA;;;';;';;Y;;;;'15/01/2019 12:41:18
;;;Zoning;6807323;'20200219142313;W03-C-Antwerpen-West-FH07;6807323;'20200219142313;W03-C-Antwerpen-West-FH07;19084;FTTH-Cu;11382529;'20191021115228;'84 - 86;;;;;;;664339;'20191021115215;2025267;'1630000;'22002;Nationalestraat;'86;';2000;Antwerpen;;'152072,053;'211675,021;';Y;NA;5;15;Unknown;Unknown;;None;;;';;';;Y;;;;'15/01/2019 12:41:18;7;1862460;;LU;1;';';';';';Y;;APTBLD;APPARTEMENTSGEBOUW - IMMEUBLE A APPARTEMENTS;NA;;;';;';;Y;;;;'15/01/2019 12:41:18
;;;Zoning;6807323;'20200219142313;W03-C-Antwerpen-West-FH07;6807323;'20200219142313;W03-C-Antwerpen-West-FH07;19084;FTTH-Cu;11382529;'20191021115228;'84 - 86;;;;;;;664339;'20191021115215;2025267;'1630000;'22002;Nationalestraat;'86;';2000;Antwerpen;;'152072,053;'211675,021;';Y;NA;5;15;Unknown;Unknown;;None;;;';;';;Y;;;;'15/01/2019 12:41:18;8;1862461;;LU;1;';';';';';Y;;APTBLD;APPARTEMENTSGEBOUW - IMMEUBLE A APPARTEMENTS;NA;;;';;';;Y;;;;'15/01/2019 12:41:18
;;;Zoning;6807323;'20200219142313;W03-C-Antwerpen-West-FH07;6807323;'20200219142313;W03-C-Antwerpen-West-FH07;19084;FTTH-Cu;11382529;'20191021115228;'84 - 86;;;;;;;664339;'20191021115215;2025267;'1630000;'22002;Nationalestraat;'86;';2000;Antwerpen;;'152072,053;'211675,021;';Y;NA;5;15;Unknown;Unknown;;None;;;';;';;Y;;;;'15/01/2019 12:41:18;9;1862462;;LU;1;';';';';';Y;;APTBLD;APPARTEMENTSGEBOUW - IMMEUBLE A APPARTEMENTS;NA;;;';;';;Y;;;;'15/01/2019 12:41:18
;;;Zoning;6807323;'20200219142313;W03-C-Antwerpen-West-FH07;6807323;'20200219142313;W03-C-Antwerpen-West-FH07;19084;FTTH-Cu;11382529;'20191021115228;'84 - 86;;;;;;;664339;'20191021115215;2025267;'1630000;'22002;Nationalestraat;'86;';2000;Antwerpen;;'152072,053;'211675,021;';Y;NA;5;15;Unknown;Unknown;;None;;;';;';;Y;;;;'15/01/2019 12:41:18;10;11087127;;BU;1;';';';';';;;;;;;;';;';;Y;;;;'15/01/2019 12:41:18
;;;Zoning;6807323;'20200219142313;W03-C-Antwerpen-West-FH07;6807323;'20200219142313;W03-C-Antwerpen-West-FH07;19084;FTTH-Cu;11382529;'20191021115228;'84 - 86;;;;;;;664339;'20191021115215;2025267;'1630000;'22002;Nationalestraat;'86;';2000;Antwerpen;;'152072,053;'211675,021;';Y;NA;5;15;Unknown;Unknown;;None;;;';;';;Y;;;;'15/01/2019 12:41:18;11;11087128;;LU;1;';';';';';;;;;;;;';;';;Y;;;;'15/01/2019 12:41:18
;;;Zoning;6807323;'20200219142313;W03-C-Antwerpen-West-FH07;6807323;'20200219142313;W03-C-Antwerpen-West-FH07;19084;FTTH-Cu;11382529;'20191021115228;'84 - 86;;;;;;;664339;'20191021115215;2025267;'1630000;'22002;Nationalestraat;'86;';2000;Antwerpen;;'152072,053;'211675,021;';Y;NA;5;15;Unknown;Unknown;;None;;;';;';;Y;;;;'15/01/2019 12:41:18;12;11087129;;LU;1;';';';';';;;;;;;;';;';;Y;;;;'15/01/2019 12:41:18
;;;Zoning;6807323;'20200219142313;W03-C-Antwerpen-West-FH07;6807323;'20200219142313;W03-C-Antwerpen-West-FH07;19084;FTTH-Cu;11382529;'20191021115228;'84 - 86;;;;;;;664339;'20191021115215;2025267;'1630000;'22002;Nationalestraat;'86;';2000;Antwerpen;;'152072,053;'211675,021;';Y;NA;5;15;Unknown;Unknown;;None;;;';;';;Y;;;;'15/01/2019 12:41:18;13;11087130;;LU;1;';';';';';;;;;;;;';;';;Y;;;;'15/01/2019 12:41:18
;;;Zoning;6807323;'20200219142313;W03-C-Antwerpen-West-FH07;6807323;'20200219142313;W03-C-Antwerpen-West-FH07;19084;FTTH-Cu;;';';;;;;;;664341;'20191021115309;2025281;'1630000;'22002;Nationalestraat;'88;';2000;Antwerpen;;'152071,18;'211670,086;';Y;NA;5;15;Unknown;Unknown;;None;;;';;';;Y;;;;'15/01/2019 12:41:18;1;1863443;;BU;1;';';';';';Y;#A.TV.1/2/;APPART;DEEL_APP_GEBOUW - PARTIE_IMMEUBLE_APP;APPART;;;';;';;Y;;;;'15/01/2019 12:41:18
;;;Zoning;6807323;'20200219142313;W03-C-Antwerpen-West-FH07;6807323;'20200219142313;W03-C-Antwerpen-West-FH07;19084;FTTH-Cu;;';';;;;;;;664341;'20191021115309;2025281;'1630000;'22002;Nationalestraat;'88;';2000;Antwerpen;;'152071,18;'211670,086;';Y;NA;5;15;Unknown;Unknown;;None;;;';;';;Y;;;;'15/01/2019 12:41:18;4;1863609;;BU;1;';';';';';Y;#HA.GV/1/K;APPART;DEEL_APP_GEBOUW - PARTIE_IMMEUBLE_APP;COMM;;;';;';;Y;;;;'15/01/2019 12:41:18
;;;Zoning;6807323;'20200219142313;W03-C-Antwerpen-West-FH07;6807323;'20200219142313;W03-C-Antwerpen-West-FH07;19084;FTTH-Cu;11382530;'20191021115104;'90 - 92;;;;;;;664342;'20191021114816;2025286;'1630000;'22002;Nationalestraat;'90;';2000;Antwerpen;;'152068,595;'211664,583;';Y;NA;5;15;Unknown;Unknown;;None;;;';;';;Y;;;;'15/01/2019 12:41:18;1;1869375;;LU;1;';';';';';Y;;APTBLD;APPARTEMENTSGEBOUW - IMMEUBLE A APPARTEMENTS;NA;;;';;';;Y;;;;'15/01/2019 12:41:18
;;;Zoning;6807323;'20200219142313;W03-C-Antwerpen-West-FH07;6807323;'20200219142313;W03-C-Antwerpen-West-FH07;19084;FTTH-Cu;11382530;'20191021115104;'90 - 92;;;;;;;664342;'20191021114816;2025286;'1630000;'22002;Nationalestraat;'90;';2000;Antwerpen;;'152068,595;'211664,583;';Y;NA;5;15;Unknown;Unknown;;None;;;';;';;Y;;;;'15/01/2019 12:41:18;2;1869376;;LU;1;';';';';';Y;;APTBLD;APPARTEMENTSGEBOUW - IMMEUBLE A APPARTEMENTS;NA;;;';;';;Y;;;;'15/01/2019 12:41:18
;;;Zoning;6807323;'20200219142313;W03-C-Antwerpen-West-FH07;6807323;'20200219142313;W03-C-Antwerpen-West-FH07;19084;FTTH-Cu;11382530;'20191021115104;'90 - 92;;;;;;;664342;'20191021114816;2025286;'1630000;'22002;Nationalestraat;'90;';2000;Antwerpen;;'152068,595;'211664,583;';Y;NA;5;15;Unknown;Unknown;;None;;;';;';;Y;;;;'15/01/2019 12:41:18;3;1869377;;LU;1;';';';';';Y;;APTBLD;APPARTEMENTSGEBOUW - IMMEUBLE A APPARTEMENTS;NA;;;';;';;Y;;;;'15/01/2019 12:41:18
;;;Zoning;6807323;'20200219142313;W03-C-Antwerpen-West-FH07;6807323;'20200219142313;W03-C-Antwerpen-West-FH07;19084;FTTH-Cu;11382530;'20191021115104;'90 - 92;;;;;;;664342;'20191021114816;2025286;'1630000;'22002;Nationalestraat;'90;';2000;Antwerpen;;'152068,595;'211664,583;';Y;NA;5;15;Unknown;Unknown;;None;;;';;';;Y;;;;'15/01/2019 12:41:18;4;1869378;;LU;1;';';';';';Y;;APTBLD;APPARTEMENTSGEBOUW - IMMEUBLE A APPARTEMENTS;NA;;;';;';;Y;;;;'15/01/2019 12:41:18
;;;Zoning;6807323;'20200219142313;W03-C-Antwerpen-West-FH07;6807323;'20200219142313;W03-C-Antwerpen-West-FH07;19084;FTTH-Cu;11382530;'20191021115104;'90 - 92;;;;;;;664342;'20191021114816;2025286;'1630000;'22002;Nationalestraat;'90;';2000;Antwerpen;;'152068,595;'211664,583;';Y;NA;5;15;Unknown;Unknown;;None;;;';;';;Y;;;;'15/01/2019 12:41:18;5;1869379;;LU;1;';';';';';Y;;APTBLD;APPARTEMENTSGEBOUW - IMMEUBLE A APPARTEMENTS;NA;;;';;';;Y;;;;'15/01/2019 12:41:18
;;;Zoning;6807323;'20200219142313;W03-C-Antwerpen-West-FH07;6807323;'20200219142313;W03-C-Antwerpen-West-FH07;19084;FTTH-Cu;11382530;'20191021115104;'90 - 92;;;;;;;664342;'20191021114816;2025286;'1630000;'22002;Nationalestraat;'90;';2000;Antwerpen;;'152068,595;'211664,583;';Y;NA;5;15;Unknown;Unknown;;None;;;';;';;Y;;;;'15/01/2019 12:41:18;6;1869380;;LU;1;';';';';';Y;;APTBLD;APPARTEMENTSGEBOUW - IMMEUBLE A APPARTEMENTS;NA;;;';;';;Y;;;;'15/01/2019 12:41:18
;;;Zoning;6807323;'20200219142313;W03-C-Antwerpen-West-FH07;6807323;'20200219142313;W03-C-Antwerpen-West-FH07;19084;FTTH-Cu;11382530;'20191021115104;'90 - 92;;;;;;;664342;'20191021114816;2025286;'1630000;'22002;Nationalestraat;'90;';2000;Antwerpen;;'152068,595;'211664,583;';Y;NA;5;15;Unknown;Unknown;;None;;;';;';;Y;;;;'15/01/2019 12:41:18;7;1869381;;LU;1;';';';';';Y;;APTBLD;APPARTEMENTSGEBOUW - IMMEUBLE A APPARTEMENTS;NA;;;';;';;Y;;;;'15/01/2019 12:41:18
;;;Zoning;6807323;'20200219142313;W03-C-Antwerpen-West-FH07;6807323;'20200219142313;W03-C-Antwerpen-West-FH07;19084;FTTH-Cu;11382530;'20191021115104;'90 - 92;;;;;;;664342;'20191021114816;2025286;'1630000;'22002;Nationalestraat;'90;';2000;Antwerpen;;'152068,595;'211664,583;';Y;NA;5;15;Unknown;Unknown;;None;;;';;';;Y;;;;'15/01/2019 12:41:18;8;1869382;;LU;1;';';';';';Y;;APTBLD;APPARTEMENTSGEBOUW - IMMEUBLE A APPARTEMENTS;NA;;;';;';;Y;;;;'15/01/2019 12:41:18
;;;Zoning;6807323;'20200219142313;W03-C-Antwerpen-West-FH07;6807323;'20200219142313;W03-C-Antwerpen-West-FH07;19084;FTTH-Cu;11382530;'20191021115104;'90 - 92;;;;;;;664342;'20191021114816;2025286;'1630000;'22002;Nationalestraat;'90;';2000;Antwerpen;;'152068,595;'211664,583;';Y;NA;5;15;Unknown;Unknown;;None;;;';;';;Y;;;;'15/01/2019 12:41:18;9;1869383;;LU;1;';';';';';Y;;APTBLD;APPARTEMENTSGEBOUW - IMMEUBLE A APPARTEMENTS;NA;;;';;';;Y;;;;'15/01/2019 12:41:18
;;;Zoning;6807323;'20200219142313;W03-C-Antwerpen-West-FH07;6807323;'20200219142313;W03-C-Antwerpen-West-FH07;19084;FTTH-Cu;11382530;'20191021115104;'90 - 92;;;;;;;664342;'20191021114816;2025286;'1630000;'22002;Nationalestraat;'90;';2000;Antwerpen;;'152068,595;'211664,583;';Y;NA;5;15;Unknown;Unknown;;None;;;';;';;Y;;;;'15/01/2019 12:41:18;10;1869384;;LU;1;';';';';';Y;;APTBLD;APPARTEMENTSGEBOUW - IMMEUBLE A APPARTEMENTS;NA;;;';;';;Y;;;;'15/01/2019 12:41:18
;;;Zoning;6807323;'20200219142313;W03-C-Antwerpen-West-FH07;6807323;'20200219142313;W03-C-Antwerpen-West-FH07;19084;FTTH-Cu;11382530;'20191021115104;'90 - 92;;;;;;;664342;'20191021114816;2025286;'1630000;'22002;Nationalestraat;'90;';2000;Antwerpen;;'152068,595;'211664,583;';Y;NA;5;15;Unknown;Unknown;;None;;;';;';;Y;;;;'15/01/2019 12:41:18;11;11087131;;BU;1;';';';';';;;;;;;;';;';;Y;;;;'15/01/2019 12:41:18
;;;Zoning;6807323;'20200219142313;W03-C-Antwerpen-West-FH07;6807323;'20200219142313;W03-C-Antwerpen-West-FH07;19084;FTTH-Cu;11382530;'20191021115104;'90 - 92;;;;;;;664342;'20191021114816;2025286;'1630000;'22002;Nationalestraat;'90;';2000;Antwerpen;;'152068,595;'211664,583;';Y;NA;5;15;Unknown;Unknown;;None;;;';;';;Y;;;;'15/01/2019 12:41:18;12;11087132;;BU;1;';';';';';;;;;;;;';;';;Y;;;;'15/01/2019 12:41:18
;;;Zoning;6807323;'20200219142313;W03-C-Antwerpen-West-FH07;6807323;'20200219142313;W03-C-Antwerpen-West-FH07;19084;FTTH-Cu;11382530;'20191021115104;'90 - 92;;;;;;;664342;'20191021114816;2025286;'1630000;'22002;Nationalestraat;'90;';2000;Antwerpen;;'152068,595;'211664,583;';Y;NA;5;15;Unknown;Unknown;;None;;;';;';;Y;;;;'15/01/2019 12:41:18;13;11087133;;BU;1;';';';';';;;;;;;;';;';;Y;;;;'15/01/2019 12:41:18
;;;Zoning;6807323;'20200219142313;W03-C-Antwerpen-West-FH07;6807323;'20200219142313;W03-C-Antwerpen-West-FH07;19084;FTTH-Cu;11382530;'20191021115104;'90 - 92;;;;;;;11378771;'20200110152304;2025299;'1630000;'22002;Nationalestraat;'92;';2000;Antwerpen;;'152067,822;'211658,703;';Y;NA;5;4;Unknown;Unknown;;None;;;';IFH_BATCH;'12/07/2019 07:33:55;;Y;;;;'12/07/2019 07:28:35;1;11086241;;BU;1;';';';';';;;;;;;;';;';;Y;;;;'12/07/2019 07:28:35
;;;Zoning;6807323;'20200219142313;W03-C-Antwerpen-West-FH07;6807323;'20200219142313;W03-C-Antwerpen-West-FH07;19084;FTTH-Cu;11382530;'20191021115104;'90 - 92;;;;;;;11378771;'20200110152304;2025299;'1630000;'22002;Nationalestraat;'92;';2000;Antwerpen;;'152067,822;'211658,703;';Y;NA;5;4;Unknown;Unknown;;None;;;';IFH_BATCH;'12/07/2019 07:33:55;;Y;;;;'12/07/2019 07:28:35;2;11086242;;LU;1;';';';';';;;;;;;;';;';;Y;;;;'12/07/2019 07:28:35
;;;Zoning;6807323;'20200219142313;W03-C-Antwerpen-West-FH07;6807323;'20200219142313;W03-C-Antwerpen-West-FH07;19084;FTTH-Cu;11382530;'20191021115104;'90 - 92;;;;;;;11378771;'20200110152304;2025299;'1630000;'22002;Nationalestraat;'92;';2000;Antwerpen;;'152067,822;'211658,703;';Y;NA;5;4;Unknown;Unknown;;None;;;';IFH_BATCH;'12/07/2019 07:33:55;;Y;;;;'12/07/2019 07:28:35;3;11086243;;LU;1;';';';';';;;;;;;;';;';;Y;;;;'12/07/2019 07:28:35
;;;Zoning;6807323;'20200219142313;W03-C-Antwerpen-West-FH07;6807323;'20200219142313;W03-C-Antwerpen-West-FH07;19084;FTTH-Cu;11382530;'20191021115104;'90 - 92;;;;;;;11378771;'20200110152304;2025299;'1630000;'22002;Nationalestraat;'92;';2000;Antwerpen;;'152067,822;'211658,703;';Y;NA;5;4;Unknown;Unknown;;None;;;';IFH_BATCH;'12/07/2019 07:33:55;;Y;;;;'12/07/2019 07:28:35;4;11086244;;LU;1;';';';';';;;;;;;;';;';;Y;;;;'12/07/2019 07:28:35
;;;Zoning;6807323;'20200219142313;W03-C-Antwerpen-West-FH07;6807323;'20200219142313;W03-C-Antwerpen-West-FH07;19084;FTTH-Cu;11382530;'20191021115104;'90 - 92;;;;;;;11378771;'20200110152304;2025299;'1630000;'22002;Nationalestraat;'92;';2000;Antwerpen;;'152067,822;'211658,703;';Y;NA;5;4;Unknown;Unknown;;None;;;';IFH_BATCH;'12/07/2019 07:33:55;;Y;;;;'12/07/2019 07:28:35;5;11086245;;LU;1;';';';';';;;;;;;;';;';;Y;;;;'12/07/2019 07:28:35
;;;Zoning;6807323;'20200219142313;W03-C-Antwerpen-West-FH07;6807323;'20200219142313;W03-C-Antwerpen-West-FH07;19084;FTTH-Cu;11382530;'20191021115104;'90 - 92;;;;;;;11378771;'20200110152304;2025299;'1630000;'22002;Nationalestraat;'92;';2000;Antwerpen;;'152067,822;'211658,703;';Y;NA;5;4;Unknown;Unknown;;None;;;';IFH_BATCH;'12/07/2019 07:33:55;;Y;;;;'12/07/2019 07:28:35;6;11086246;;LU;1;';';';';';;;;;;;;';;';;Y;;;;'12/07/2019 07:28:35
;;;Zoning;6807323;'20200219142313;W03-C-Antwerpen-West-FH07;6807323;'20200219142313;W03-C-Antwerpen-West-FH07;19084;FTTH-Cu;11382530;'20191021115104;'90 - 92;;;;;;;11378771;'20200110152304;2025299;'1630000;'22002;Nationalestraat;'92;';2000;Antwerpen;;'152067,822;'211658,703;';Y;NA;5;4;Unknown;Unknown;;None;;;';IFH_BATCH;'12/07/2019 07:33:55;;Y;;;;'12/07/2019 07:28:35;7;11086247;;LU;1;';';';';';;;;;;;;';;';;Y;;;;'12/07/2019 07:28:35
;;;Zoning;6807323;'20200219142313;W03-C-Antwerpen-West-FH07;6807323;'20200219142313;W03-C-Antwerpen-West-FH07;19084;FTTH-Cu;;';';;;;;;;664343;'20191021114838;2025303;'1630000;'22002;Nationalestraat;'94;';2000;Antwerpen;;'152065,89;'211652,747;';Y;NA;5;15;Unknown;Unknown;;None;;;';;';;Y;;;;'15/01/2019 12:41:18;1;1872124;;BU;1;';';';';';Y;;COMM;HANDELSZAAK - COMMERCE;NA;;;';;';;Y;;;;'15/01/2019 12:41:18
;;;Zoning;6807323;'20200219142313;W03-C-Antwerpen-West-FH07;6807323;'20200219142313;W03-C-Antwerpen-West-FH07;19084;FTTH-Cu;;';';;;;;;;664343;'20191021114838;2025303;'1630000;'22002;Nationalestraat;'94;';2000;Antwerpen;;'152065,89;'211652,747;';Y;NA;5;15;Unknown;Unknown;;None;;;';;';;Y;;;;'15/01/2019 12:41:18;2;1872125;;LU;1;';';';';';Y;;COMM;HANDELSZAAK - COMMERCE;NA;;;';;';;Y;;;;'15/01/2019 12:41:18
;;;Zoning;6807323;'20200219142313;W03-C-Antwerpen-West-FH07;6807323;'20200219142313;W03-C-Antwerpen-West-FH07;19084;FTTH-Cu;11382487;'20191021114955;'Nationalestraat 96 - 98;;;;;;;664344;'20191021114848;2025306;'1630000;'22002;Nationalestraat;'96;';2000;Antwerpen;;'152064,764;'211645,873;';Y;NA;5;4;Unknown;Unknown;;None;;;';IFH_BATCH;'12/07/2019 07:33:16;;Y;;;;'12/07/2019 07:28:35;1;1872860;;LU;1;';';';';';Y;#A.4;APPART;DEEL_APP_GEBOUW - PARTIE_IMMEUBLE_APP;APPART;;;';;';;Y;;;;'12/07/2019 07:28:35
;;;Zoning;6807323;'20200219142313;W03-C-Antwerpen-West-FH07;6807323;'20200219142313;W03-C-Antwerpen-West-FH07;19084;FTTH-Cu;11382487;'20191021114955;'Nationalestraat 96 - 98;;;;;;;664344;'20191021114848;2025306;'1630000;'22002;Nationalestraat;'96;';2000;Antwerpen;;'152064,764;'211645,873;';Y;NA;5;4;Unknown;Unknown;;None;;;';IFH_BATCH;'12/07/2019 07:33:16;;Y;;;;'12/07/2019 07:28:35;2;1872877;;LU;1;';';';';';Y;#A1;APPART;DEEL_APP_GEBOUW - PARTIE_IMMEUBLE_APP;APPART;;;';;';;Y;;;;'12/07/2019 07:28:35
;;;Zoning;6807323;'20200219142313;W03-C-Antwerpen-West-FH07;6807323;'20200219142313;W03-C-Antwerpen-West-FH07;19084;FTTH-Cu;11382487;'20191021114955;'Nationalestraat 96 - 98;;;;;;;664344;'20191021114848;2025306;'1630000;'22002;Nationalestraat;'96;';2000;Antwerpen;;'152064,764;'211645,873;';Y;NA;5;4;Unknown;Unknown;;None;;;';IFH_BATCH;'12/07/2019 07:33:16;;Y;;;;'12/07/2019 07:28:35;3;1872903;;LU;1;';';';';';Y;#A2;APPART;DEEL_APP_GEBOUW - PARTIE_IMMEUBLE_APP;APPART;;;';;';;Y;;;;'12/07/2019 07:28:35
;;;Zoning;6807323;'20200219142313;W03-C-Antwerpen-West-FH07;6807323;'20200219142313;W03-C-Antwerpen-West-FH07;19084;FTTH-Cu;11382487;'20191021114955;'Nationalestraat 96 - 98;;;;;;;664344;'20191021114848;2025306;'1630000;'22002;Nationalestraat;'96;';2000;Antwerpen;;'152064,764;'211645,873;';Y;NA;5;4;Unknown;Unknown;;None;;;';IFH_BATCH;'12/07/2019 07:33:16;;Y;;;;'12/07/2019 07:28:35;4;1872928;;LU;1;';';';';';Y;#A3;APPART;DEEL_APP_GEBOUW - PARTIE_IMMEUBLE_APP;APPART;;;';;';;Y;;;;'12/07/2019 07:28:35
;;;Zoning;6807323;'20200219142313;W03-C-Antwerpen-West-FH07;6807323;'20200219142313;W03-C-Antwerpen-West-FH07;19084;FTTH-Cu;11382487;'20191021114955;'Nationalestraat 96 - 98;;;;;;;664344;'20191021114848;2025306;'1630000;'22002;Nationalestraat;'96;';2000;Antwerpen;;'152064,764;'211645,873;';Y;NA;5;4;Unknown;Unknown;;None;;;';IFH_BATCH;'12/07/2019 07:33:16;;Y;;;;'12/07/2019 07:28:35;5;1872990;;BU;1;';';';';';Y;#HA.GV/K;APPART;DEEL_APP_GEBOUW - PARTIE_IMMEUBLE_APP;COMM;;;';;';;Y;;;;'12/07/2019 07:28:35
;;;Zoning;6807323;'20200219142313;W03-C-Antwerpen-West-FH07;6807323;'20200219142313;W03-C-Antwerpen-West-FH07;19084;FTTH-Cu;11382487;'20191021114955;'Nationalestraat 96 - 98;;;;;;;664344;'20191021114848;2025306;'1630000;'22002;Nationalestraat;'96;';2000;Antwerpen;;'152064,764;'211645,873;';Y;NA;5;4;Unknown;Unknown;;None;;;';IFH_BATCH;'12/07/2019 07:33:16;;Y;;;;'12/07/2019 07:28:35;6;1872993;;LU;1;';';';';';Y;#KA.TV1;APPART;DEEL_APP_GEBOUW - PARTIE_IMMEUBLE_APP;ROOM;;;';;';;Y;;;;'12/07/2019 07:28:35
;;;Zoning;6807323;'20200219142313;W03-C-Antwerpen-West-FH07;6807323;'20200219142313;W03-C-Antwerpen-West-FH07;19084;FTTH-Cu;11382487;'20191021114955;'Nationalestraat 96 - 98;;;;;;;11378863;'20191021114856;4506581;'1630000;'22002;Nationalestraat;'98;';2000;Antwerpen;;'152063,925;'211641,722;';Y;NA;5;4;Unknown;Unknown;;None;;;';IFH_BATCH;'12/07/2019 07:43:27;;Y;;;;'12/07/2019 07:28:35;1;11086314;;BU;1;';';';';';;;;;;;;';;';;Y;;;;'12/07/2019 07:28:35
;;;Zoning;6807323;'20200219142313;W03-C-Antwerpen-West-FH07;6807323;'20200219142313;W03-C-Antwerpen-West-FH07;19084;FTTH-Cu;11382487;'20191021114955;'Nationalestraat 96 - 98;;;;;;;11378863;'20191021114856;4506581;'1630000;'22002;Nationalestraat;'98;';2000;Antwerpen;;'152063,925;'211641,722;';Y;NA;5;4;Unknown;Unknown;;None;;;';IFH_BATCH;'12/07/2019 07:43:27;;Y;;;;'12/07/2019 07:28:35;2;11086315;;LU;1;';';';';';;;;;;;;';;';;Y;;;;'12/07/2019 07:28:35
;;;Zoning;6807323;'20200219142313;W03-C-Antwerpen-West-FH07;6807323;'20200219142313;W03-C-Antwerpen-West-FH07;19084;FTTH-Cu;11382487;'20191021114955;'Nationalestraat 96 - 98;;;;;;;11378863;'20191021114856;4506581;'1630000;'22002;Nationalestraat;'98;';2000;Antwerpen;;'152063,925;'211641,722;';Y;NA;5;4;Unknown;Unknown;;None;;;';IFH_BATCH;'12/07/2019 07:43:27;;Y;;;;'12/07/2019 07:28:35;3;11086316;;LU;1;';';';';';;;;;;;;';;';;Y;;;;'12/07/2019 07:28:35
;;;Zoning;6807323;'20200219142313;W03-C-Antwerpen-West-FH07;6807323;'20200219142313;W03-C-Antwerpen-West-FH07;19084;FTTH-Cu;11382487;'20191021114955;'Nationalestraat 96 - 98;;;;;;;11378863;'20191021114856;4506581;'1630000;'22002;Nationalestraat;'98;';2000;Antwerpen;;'152063,925;'211641,722;';Y;NA;5;4;Unknown;Unknown;;None;;;';IFH_BATCH;'12/07/2019 07:43:27;;Y;;;;'12/07/2019 07:28:35;4;11086317;;LU;1;';';';';';;;;;;;;';;';;Y;;;;'12/07/2019 07:28:35
;;;Zoning;6807323;'20200219142313;W03-C-Antwerpen-West-FH07;6807323;'20200219142313;W03-C-Antwerpen-West-FH07;19084;FTTH-Cu;11382487;'20191021114955;'Nationalestraat 96 - 98;;;;;;;11378863;'20191021114856;4506581;'1630000;'22002;Nationalestraat;'98;';2000;Antwerpen;;'152063,925;'211641,722;';Y;NA;5;4;Unknown;Unknown;;None;;;';IFH_BATCH;'12/07/2019 07:43:27;;Y;;;;'12/07/2019 07:28:35;5;11086318;;LU;1;';';';';';;;;;;;;';;';;Y;;;;'12/07/2019 07:28:35
;;;Zoning;6807323;'20200219142313;W03-C-Antwerpen-West-FH07;6807323;'20200219142313;W03-C-Antwerpen-West-FH07;19084;FTTH-Cu;11382487;'20191021114955;'Nationalestraat 96 - 98;;;;;;;11378863;'20191021114856;4506581;'1630000;'22002;Nationalestraat;'98;';2000;Antwerpen;;'152063,925;'211641,722;';Y;NA;5;4;Unknown;Unknown;;None;;;';IFH_BATCH;'12/07/2019 07:43:27;;Y;;;;'12/07/2019 07:28:35;6;11086319;;LU;1;';';';';';;;;;;;;';;';;Y;;;;'12/07/2019 07:28:35
;;;Zoning;6807323;'20200219142313;W03-C-Antwerpen-West-FH07;6807323;'20200219142313;W03-C-Antwerpen-West-FH07;19084;FTTH-Cu;;';';;;;;;;714854;'20191021114802;60992;'1630000;'22002;Nationalestraat;'100;';2000;Antwerpen;;'152060,799;'211636,506;';N;ORN;5;15;Unknown;Unknown;;None;;;';;';;Y;;;;'15/01/2019 12:41:18;1;1622602;;LU;1;';';';';';Y;;APTBLD;APPARTEMENTSGEBOUW - IMMEUBLE A APPARTEMENTS;NA;;;';;';;Y;;;;'15/01/2019 12:41:18
;;;Zoning;6807323;'20200219142313;W03-C-Antwerpen-West-FH07;6807323;'20200219142313;W03-C-Antwerpen-West-FH07;19084;FTTH-Cu;;';';;;;;;;714854;'20191021114802;60992;'1630000;'22002;Nationalestraat;'100;';2000;Antwerpen;;'152060,799;'211636,506;';N;ORN;5;15;Unknown;Unknown;;None;;;';;';;Y;;;;'15/01/2019 12:41:18;2;1622603;;LU;1;';';';';';Y;;APTBLD;APPARTEMENTSGEBOUW - IMMEUBLE A APPARTEMENTS;NA;;;';;';;Y;;;;'15/01/2019 12:41:18
;;;Zoning;6807323;'20200219142313;W03-C-Antwerpen-West-FH07;6807323;'20200219142313;W03-C-Antwerpen-West-FH07;19084;FTTH-Cu;;';';;;;;;;714854;'20191021114802;60992;'1630000;'22002;Nationalestraat;'100;';2000;Antwerpen;;'152060,799;'211636,506;';N;ORN;5;15;Unknown;Unknown;;None;;;';;';;Y;;;;'15/01/2019 12:41:18;3;11086752;;BU;1;';';';';';;;;;;;;';;';;Y;;;;'15/01/2019 12:41:18
;;;Zoning;6807323;'20200219142313;W03-C-Antwerpen-West-FH07;6807323;'20200219142313;W03-C-Antwerpen-West-FH07;19084;FTTH-Cu;;';';;;;;;;714854;'20191021114802;60992;'1630000;'22002;Nationalestraat;'100;';2000;Antwerpen;;'152060,799;'211636,506;';N;ORN;5;15;Unknown;Unknown;;None;;;';;';;Y;;;;'15/01/2019 12:41:18;4;11086753;;LU;1;';';';';';;;;;;;;';;';;Y;;;;'15/01/2019 12:41:18
;;;Zoning;6807323;'20200219142313;W03-C-Antwerpen-West-FH07;6807323;'20200219142313;W03-C-Antwerpen-West-FH07;19084;FTTH-Cu;11382531;'20191021124145;'Nationalestraat - Steenbergstraat 40;;;;;;;714856;'20191021124107;60993;'1630000;'22002;Nationalestraat;'102;';2000;Antwerpen;;'152053,911;'211618,002;';Y;NA;5;4;Unknown;Unknown;;None;;;';IFH_BATCH;'12/07/2019 07:33:18;;Y;;;;'12/07/2019 07:28:35;1;1623780;;BU;1;';';';';';Y;;APTBLD;APPARTEMENTSGEBOUW - IMMEUBLE A APPARTEMENTS;NA;;;';;';;Y;;;;'12/07/2019 07:28:35
;;;Zoning;6807323;'20200219142313;W03-C-Antwerpen-West-FH07;6807323;'20200219142313;W03-C-Antwerpen-West-FH07;19084;FTTH-Cu;;';';;;;;;;664349;'20191021124257;2025335;'1630000;'22002;Nationalestraat;'104;';2000;Antwerpen;;'152053,147;'211611,389;';Y;NA;5;4;Unknown;Unknown;;None;;;';IFH_BATCH;'12/07/2019 07:33:23;;Y;;;;'12/07/2019 07:28:35;1;1624967;;BU;1;';';';';';Y;;COMM;HANDELSZAAK - COMMERCE;NA;;;';;';;Y;;;;'12/07/2019 07:28:35
;;;Zoning;6807323;'20200219142313;W03-C-Antwerpen-West-FH07;6807323;'20200219142313;W03-C-Antwerpen-West-FH07;19084;FTTH-Cu;;';';;;;;;;664349;'20191021124257;2025335;'1630000;'22002;Nationalestraat;'104;';2000;Antwerpen;;'152053,147;'211611,389;';Y;NA;5;4;Unknown;Unknown;;None;;;';IFH_BATCH;'12/07/2019 07:33:23;;Y;;;;'12/07/2019 07:28:35;2;11086754;;LU;1;';';';';';;;;;;;;';;';;Y;;;;'12/07/2019 07:28:35
;;;Zoning;6807323;'20200219142313;W03-C-Antwerpen-West-FH07;6807323;'20200219142313;W03-C-Antwerpen-West-FH07;19084;FTTH-Cu;;';';;;;;;;664353;'20191021124257;2025348;'1630000;'22002;Nationalestraat;'108;';2000;Antwerpen;;'152048,943;'211601,351;';Y;NA;5;4;Unknown;Unknown;;None;;;';IFH_BATCH;'12/07/2019 07:33:27;;Y;;;;'12/07/2019 07:28:35;1;1626837;;LU;1;';';';';';Y;#A1.2.3.4/BERG.2-AK;APPART;DEEL_APP_GEBOUW - PARTIE_IMMEUBLE_APP;APPART;;;';;';;Y;;;;'12/07/2019 07:28:35
;;;Zoning;6807323;'20200219142313;W03-C-Antwerpen-West-FH07;6807323;'20200219142313;W03-C-Antwerpen-West-FH07;19084;FTTH-Cu;;';';;;;;;;664353;'20191021124257;2025348;'1630000;'22002;Nationalestraat;'108;';2000;Antwerpen;;'152048,943;'211601,351;';Y;NA;5;4;Unknown;Unknown;;None;;;';IFH_BATCH;'12/07/2019 07:33:27;;Y;;;;'12/07/2019 07:28:35;2;1626983;;BU;1;';';';';';Y;#HA.GV.BU1-AK/KELDER;APPART;DEEL_APP_GEBOUW - PARTIE_IMMEUBLE_APP;COMM;;;';;';;Y;;;;'12/07/2019 07:28:35
;;;Zoning;6807323;'20200219142313;W03-C-Antwerpen-West-FH07;6807323;'20200219142313;W03-C-Antwerpen-West-FH07;19084;FTTH-Cu;;';';;;;;;;664353;'20191021124257;2025348;'1630000;'22002;Nationalestraat;'108;';2000;Antwerpen;;'152048,943;'211601,351;';Y;NA;5;4;Unknown;Unknown;;None;;;';IFH_BATCH;'12/07/2019 07:33:27;;Y;;;;'12/07/2019 07:28:35;3;11086755;;LU;1;';';';';';;;;;;;;';;';;Y;;;;'12/07/2019 07:28:35
;;;Zoning;6807323;'20200219142313;W03-C-Antwerpen-West-FH07;6807323;'20200219142313;W03-C-Antwerpen-West-FH07;19084;FTTH-Cu;;';';;;;;;;664354;'20191021124309;2025353;'1630000;'22002;Nationalestraat;'110;';2000;Antwerpen;;'152047,86;'211595,629;';Y;NA;5;4;Unknown;Unknown;;None;;;';IFH_BATCH;'12/07/2019 07:33:29;;Y;;;;'12/07/2019 07:28:35;1;1632731;;BU;1;';';';';';Y;;COMM;HANDELSZAAK - COMMERCE;NA;;;';;';;Y;;;;'12/07/2019 07:28:35
;;;Zoning;6807323;'20200219142313;W03-C-Antwerpen-West-FH07;6807323;'20200219142313;W03-C-Antwerpen-West-FH07;19084;FTTH-Cu;;';';;;;;;;664354;'20191021124309;2025353;'1630000;'22002;Nationalestraat;'110;';2000;Antwerpen;;'152047,86;'211595,629;';Y;NA;5;4;Unknown;Unknown;;None;;;';IFH_BATCH;'12/07/2019 07:33:29;;Y;;;;'12/07/2019 07:28:35;2;1632732;;LU;1;';';';';';Y;;COMM;HANDELSZAAK - COMMERCE;NA;;;';;';;Y;;;;'12/07/2019 07:28:35
;;;Zoning;6807323;'20200219142313;W03-C-Antwerpen-West-FH07;6807323;'20200219142313;W03-C-Antwerpen-West-FH07;19084;FTTH-Cu;;';';;;;;;;664354;'20191021124309;2025353;'1630000;'22002;Nationalestraat;'110;';2000;Antwerpen;;'152047,86;'211595,629;';Y;NA;5;4;Unknown;Unknown;;None;;;';IFH_BATCH;'12/07/2019 07:33:29;;Y;;;;'12/07/2019 07:28:35;3;1632733;;LU;1;';';';';';Y;;COMM;HANDELSZAAK - COMMERCE;NA;;;';;';;Y;;;;'12/07/2019 07:28:35
;;;Zoning;6807323;'20200219142313;W03-C-Antwerpen-West-FH07;6807323;'20200219142313;W03-C-Antwerpen-West-FH07;19084;FTTH-Cu;;';';;;;;;;664354;'20191021124309;2025353;'1630000;'22002;Nationalestraat;'110;';2000;Antwerpen;;'152047,86;'211595,629;';Y;NA;5;4;Unknown;Unknown;;None;;;';IFH_BATCH;'12/07/2019 07:33:29;;Y;;;;'12/07/2019 07:28:35;4;1632734;;LU;1;';';';';';Y;;COMM;HANDELSZAAK - COMMERCE;NA;;;';;';;Y;;;;'12/07/2019 07:28:35
;;;Zoning;6807323;'20200219142313;W03-C-Antwerpen-West-FH07;6807323;'20200219142313;W03-C-Antwerpen-West-FH07;19084;FTTH-Cu;;';';;;;;;;664354;'20191021124309;2025353;'1630000;'22002;Nationalestraat;'110;';2000;Antwerpen;;'152047,86;'211595,629;';Y;NA;5;4;Unknown;Unknown;;None;;;';IFH_BATCH;'12/07/2019 07:33:29;;Y;;;;'12/07/2019 07:28:35;5;11086756;;LU;1;';';';';';;;;;;;;';;';;Y;;;;'12/07/2019 07:28:35
;;;Zoning;6807323;'20200219142313;W03-C-Antwerpen-West-FH07;6807323;'20200219142313;W03-C-Antwerpen-West-FH07;19084;FTTH-Cu;;';';;;;;;;664354;'20191021124309;2025353;'1630000;'22002;Nationalestraat;'110;';2000;Antwerpen;;'152047,86;'211595,629;';Y;NA;5;4;Unknown;Unknown;;None;;;';IFH_BATCH;'12/07/2019 07:33:29;;Y;;;;'12/07/2019 07:28:35;6;11086757;;LU;1;';';';';';;;;;;;;';;';;Y;;;;'12/07/2019 07:28:35
;;;Zoning;6807323;'20200219142313;W03-C-Antwerpen-West-FH07;6807323;'20200219142313;W03-C-Antwerpen-West-FH07;19084;FTTH-Cu;;';';;;;;;;664354;'20191021124309;2025353;'1630000;'22002;Nationalestraat;'110;';2000;Antwerpen;;'152047,86;'211595,629;';Y;NA;5;4;Unknown;Unknown;;None;;;';IFH_BATCH;'12/07/2019 07:33:29;;Y;;;;'12/07/2019 07:28:35;7;11086758;;LU;1;';';';';';;;;;;;;';;';;Y;;;;'12/07/2019 07:28:35
;;;Zoning;6807323;'20200219142313;W03-C-Antwerpen-West-FH07;6807323;'20200219142313;W03-C-Antwerpen-West-FH07;19084;FTTH-Cu;;';';;;;;;;618242;'20191021124308;1445942;'1630000;'22002;Nationalestraat;'112;';2000;Antwerpen;;'152046,069;'211589,662;';Y;NA;4;12;Unknown;Unknown;;None;;;';;';;Y;;;;'15/01/2019 12:41:18;1;1633792;;BU;1;';';';';';Y;;COMM;HANDELSZAAK - COMMERCE;NA;;;';;';;Y;;;;'15/01/2019 12:41:18
;;;Zoning;6807323;'20200219142313;W03-C-Antwerpen-West-FH07;6807323;'20200219142313;W03-C-Antwerpen-West-FH07;19084;FTTH-Cu;;';';;;;;;;618242;'20191021124308;1445942;'1630000;'22002;Nationalestraat;'112;';2000;Antwerpen;;'152046,069;'211589,662;';Y;NA;4;12;Unknown;Unknown;;None;;;';;';;Y;;;;'15/01/2019 12:41:18;2;1633793;;LU;1;';';';';';Y;;COMM;HANDELSZAAK - COMMERCE;NA;;;';;';;Y;;;;'15/01/2019 12:41:18
;;;Zoning;6807323;'20200219142313;W03-C-Antwerpen-West-FH07;6807323;'20200219142313;W03-C-Antwerpen-West-FH07;19084;FTTH-Cu;;';';;;;;;;618242;'20191021124308;1445942;'1630000;'22002;Nationalestraat;'112;';2000;Antwerpen;;'152046,069;'211589,662;';Y;NA;4;12;Unknown;Unknown;;None;;;';;';;Y;;;;'15/01/2019 12:41:18;3;1633794;;LU;1;';';';';';Y;;COMM;HANDELSZAAK - COMMERCE;NA;;;';;';;Y;;;;'15/01/2019 12:41:18
;;;Zoning;6807323;'20200219142313;W03-C-Antwerpen-West-FH07;6807323;'20200219142313;W03-C-Antwerpen-West-FH07;19084;FTTH-Cu;;';';;;;;;;618242;'20191021124308;1445942;'1630000;'22002;Nationalestraat;'112;';2000;Antwerpen;;'152046,069;'211589,662;';Y;NA;4;12;Unknown;Unknown;;None;;;';;';;Y;;;;'15/01/2019 12:41:18;4;11086759;;LU;1;';';';';';;;;;;;;';;';;Y;;;;'15/01/2019 12:41:18
;;;Zoning;6807323;'20200219142313;W03-C-Antwerpen-West-FH07;6807323;'20200219142313;W03-C-Antwerpen-West-FH07;19084;FTTH-Cu;;';';;;;;;;714857;'20200219120216;60994;'1630000;'22002;Nationalestraat;'114;';2000;Antwerpen;;'152046,511;'211584,501;';Y;NA;5;4;Unknown;Unknown;;None;;;';IFH_BATCH;'12/07/2019 07:33:31;;Y;;;;'12/07/2019 07:28:35;1;10369012;;LU;1;';';';';';Y;#A1/A.1/;APPART;DEEL_APP_GEBOUW - PARTIE_IMMEUBLE_APP;APPART;;;';;';;Y;;;;'12/07/2019 07:28:35
;;;Zoning;6807323;'20200219142313;W03-C-Antwerpen-West-FH07;6807323;'20200219142313;W03-C-Antwerpen-West-FH07;19084;FTTH-Cu;;';';;;;;;;714857;'20200219120216;60994;'1630000;'22002;Nationalestraat;'114;';2000;Antwerpen;;'152046,511;'211584,501;';Y;NA;5;4;Unknown;Unknown;;None;;;';IFH_BATCH;'12/07/2019 07:33:31;;Y;;;;'12/07/2019 07:28:35;2;10369277;;LU;1;';';';';';Y;#A2/A.2/;APPART;DEEL_APP_GEBOUW - PARTIE_IMMEUBLE_APP;APPART;;;';;';;Y;;;;'12/07/2019 07:28:35
;;;Zoning;6807323;'20200219142313;W03-C-Antwerpen-West-FH07;6807323;'20200219142313;W03-C-Antwerpen-West-FH07;19084;FTTH-Cu;;';';;;;;;;714857;'20200219120216;60994;'1630000;'22002;Nationalestraat;'114;';2000;Antwerpen;;'152046,511;'211584,501;';Y;NA;5;4;Unknown;Unknown;;None;;;';IFH_BATCH;'12/07/2019 07:33:31;;Y;;;;'12/07/2019 07:28:35;3;10369501;;LU;1;';';';';';Y;#A3/A.3/;APPART;DEEL_APP_GEBOUW - PARTIE_IMMEUBLE_APP;APPART;;;';;';;Y;;;;'12/07/2019 07:28:35
;;;Zoning;6807323;'20200219142313;W03-C-Antwerpen-West-FH07;6807323;'20200219142313;W03-C-Antwerpen-West-FH07;19084;FTTH-Cu;;';';;;;;;;714857;'20200219120216;60994;'1630000;'22002;Nationalestraat;'114;';2000;Antwerpen;;'152046,511;'211584,501;';Y;NA;5;4;Unknown;Unknown;;None;;;';IFH_BATCH;'12/07/2019 07:33:31;;Y;;;;'12/07/2019 07:28:35;4;10369614;;LU;1;';';';';';Y;#A4/A.4/;APPART;DEEL_APP_GEBOUW - PARTIE_IMMEUBLE_APP;APPART;;;';;';;Y;;;;'12/07/2019 07:28:35
;;;Zoning;6807323;'20200219142313;W03-C-Antwerpen-West-FH07;6807323;'20200219142313;W03-C-Antwerpen-West-FH07;19084;FTTH-Cu;;';';;;;;;;714857;'20200219120216;60994;'1630000;'22002;Nationalestraat;'114;';2000;Antwerpen;;'152046,511;'211584,501;';Y;NA;5;4;Unknown;Unknown;;None;;;';IFH_BATCH;'12/07/2019 07:33:31;;Y;;;;'12/07/2019 07:28:35;6;11086760;;LU;1;';';';';';;;;;;;;';;';;Y;;;;'12/07/2019 07:28:35
;;;Zoning;6807323;'20200219142313;W03-C-Antwerpen-West-FH07;6807323;'20200219142313;W03-C-Antwerpen-West-FH07;19084;FTTH-Cu;;';';;;;;;;11378596;'20200219120346;2025369;'1630000;'22002;Nationalestraat;'114;'A;2000;Antwerpen;;'152043,323;'211585,363;';Y;NA;4;12;Unknown;Unknown;;None;;;';;';;Y;;;;'15/01/2019 12:41:18;1;11086183;;BU;1;';';';';';;;;;;;;';;';;Y;;;;'15/01/2019 12:41:18
;;;Zoning;6807323;'20200219142313;W03-C-Antwerpen-West-FH07;6807323;'20200219142313;W03-C-Antwerpen-West-FH07;19084;FTTH-Cu;;';';;;;;;;726218;'20191021145111;976539;'1630000;'22002;Nationalestraat;'116;';2000;Antwerpen;;'152031,191;'211539,348;';Y;NA;4;4;Unknown;Unknown;;None;;;';IFH_BATCH;'12/07/2019 07:33:34;;Y;;;;'12/07/2019 07:28:35;1;1635810;;BU;1;';';';';';Y;;COMM;HANDELSZAAK - COMMERCE;NA;;;';;';;Y;;;;'12/07/2019 07:28:35
;;;Zoning;6807323;'20200219142313;W03-C-Antwerpen-West-FH07;6807323;'20200219142313;W03-C-Antwerpen-West-FH07;19084;FTTH-Cu;;';';;;;;;;726218;'20191021145111;976539;'1630000;'22002;Nationalestraat;'116;';2000;Antwerpen;;'152031,191;'211539,348;';Y;NA;4;4;Unknown;Unknown;;None;;;';IFH_BATCH;'12/07/2019 07:33:34;;Y;;;;'12/07/2019 07:28:35;2;1635811;;LU;1;';';';';';Y;;COMM;HANDELSZAAK - COMMERCE;NA;;;';;';;Y;;;;'12/07/2019 07:28:35
;;;Zoning;6807323;'20200219142313;W03-C-Antwerpen-West-FH07;6807323;'20200219142313;W03-C-Antwerpen-West-FH07;19084;FTTH-Cu;;';';;;;;;;726218;'20191021145111;976539;'1630000;'22002;Nationalestraat;'116;';2000;Antwerpen;;'152031,191;'211539,348;';Y;NA;4;4;Unknown;Unknown;;None;;;';IFH_BATCH;'12/07/2019 07:33:34;;Y;;;;'12/07/2019 07:28:35;3;1635812;;LU;1;';';';';';Y;;COMM;HANDELSZAAK - COMMERCE;NA;;;';;';;Y;;;;'12/07/2019 07:28:35
;;;Zoning;6807323;'20200219142313;W03-C-Antwerpen-West-FH07;6807323;'20200219142313;W03-C-Antwerpen-West-FH07;19084;FTTH-Cu;;';';;;;;;;726218;'20191021145111;976539;'1630000;'22002;Nationalestraat;'116;';2000;Antwerpen;;'152031,191;'211539,348;';Y;NA;4;4;Unknown;Unknown;;None;;;';IFH_BATCH;'12/07/2019 07:33:34;;Y;;;;'12/07/2019 07:28:35;4;11086761;;LU;1;';';';';';;;;;;;;';;';;Y;;;;'12/07/2019 07:28:35
;;;Zoning;6807323;'20200219142313;W03-C-Antwerpen-West-FH07;6807323;'20200219142313;W03-C-Antwerpen-West-FH07;19084;FTTH-Cu;;';';;;;;;;664355;'20200110160917;2025377;'1630000;'22002;Nationalestraat;'118;';2000;Antwerpen;;'152029,271;'211532,904;';Y;NA;4;4;Unknown;Unknown;;None;;;';IFH_BATCH;'12/07/2019 07:33:36;;Y;;;;'12/07/2019 07:28:35;1;1636947;;BU;1;';';';';';Y;;COMM;HANDELSZAAK - COMMERCE;NA;;;';;';;Y;;;;'12/07/2019 07:28:35
;;;Zoning;6807323;'20200219142313;W03-C-Antwerpen-West-FH07;6807323;'20200219142313;W03-C-Antwerpen-West-FH07;19084;FTTH-Cu;;';';;;;;;;664355;'20200110160917;2025377;'1630000;'22002;Nationalestraat;'118;';2000;Antwerpen;;'152029,271;'211532,904;';Y;NA;4;4;Unknown;Unknown;;None;;;';IFH_BATCH;'12/07/2019 07:33:36;;Y;;;;'12/07/2019 07:28:35;2;11086762;;LU;1;';';';';';;;;;;;;';;';;Y;;;;'12/07/2019 07:28:35
;;;Zoning;6807323;'20200219142313;W03-C-Antwerpen-West-FH07;6807323;'20200219142313;W03-C-Antwerpen-West-FH07;19084;FTTH-Cu;;';';;;;;;;664356;'20191021145121;2025382;'1630000;'22002;Nationalestraat;'120;';2000;Antwerpen;;'152024,971;'211527,882;';Y;NA;5;4;Unknown;Unknown;;None;;;';IFH_BATCH;'12/07/2019 07:33:39;;Y;;;;'12/07/2019 07:28:35;1;1641260;;LU;1;';';';';';Y;#A1@4/KAVEL 2/K2.3;APPART;DEEL_APP_GEBOUW - PARTIE_IMMEUBLE_APP;APPART;;;';;';;Y;;;;'12/07/2019 07:28:35
;;;Zoning;6807323;'20200219142313;W03-C-Antwerpen-West-FH07;6807323;'20200219142313;W03-C-Antwerpen-West-FH07;19084;FTTH-Cu;;';';;;;;;;664356;'20191021145121;2025382;'1630000;'22002;Nationalestraat;'120;';2000;Antwerpen;;'152024,971;'211527,882;';Y;NA;5;4;Unknown;Unknown;;None;;;';IFH_BATCH;'12/07/2019 07:33:39;;Y;;;;'12/07/2019 07:28:35;2;1641261;;LU;1;';';';';';Y;#A1@4/KAVEL 2/K2.3;APPART;DEEL_APP_GEBOUW - PARTIE_IMMEUBLE_APP;APPART;;;';;';;Y;;;;'12/07/2019 07:28:35
;;;Zoning;6807323;'20200219142313;W03-C-Antwerpen-West-FH07;6807323;'20200219142313;W03-C-Antwerpen-West-FH07;19084;FTTH-Cu;;';';;;;;;;664356;'20191021145121;2025382;'1630000;'22002;Nationalestraat;'120;';2000;Antwerpen;;'152024,971;'211527,882;';Y;NA;5;4;Unknown;Unknown;;None;;;';IFH_BATCH;'12/07/2019 07:33:39;;Y;;;;'12/07/2019 07:28:35;3;1641262;;LU;1;';';';';';Y;#A1@4/KAVEL 2/K2.3;APPART;DEEL_APP_GEBOUW - PARTIE_IMMEUBLE_APP;APPART;;;';;';;Y;;;;'12/07/2019 07:28:35
;;;Zoning;6807323;'20200219142313;W03-C-Antwerpen-West-FH07;6807323;'20200219142313;W03-C-Antwerpen-West-FH07;19084;FTTH-Cu;;';';;;;;;;664356;'20191021145121;2025382;'1630000;'22002;Nationalestraat;'120;';2000;Antwerpen;;'152024,971;'211527,882;';Y;NA;5;4;Unknown;Unknown;;None;;;';IFH_BATCH;'12/07/2019 07:33:39;;Y;;;;'12/07/2019 07:28:35;4;1641263;;LU;1;';';';';';Y;#A1@4/KAVEL 2/K2.3;APPART;DEEL_APP_GEBOUW - PARTIE_IMMEUBLE_APP;APPART;;;';;';;Y;;;;'12/07/2019 07:28:35
;;;Zoning;6807323;'20200219142313;W03-C-Antwerpen-West-FH07;6807323;'20200219142313;W03-C-Antwerpen-West-FH07;19084;FTTH-Cu;;';';;;;;;;664356;'20191021145121;2025382;'1630000;'22002;Nationalestraat;'120;';2000;Antwerpen;;'152024,971;'211527,882;';Y;NA;5;4;Unknown;Unknown;;None;;;';IFH_BATCH;'12/07/2019 07:33:39;;Y;;;;'12/07/2019 07:28:35;5;1641264;;LU;1;';';';';';Y;#A1@4/KAVEL 2/K2.3;APPART;DEEL_APP_GEBOUW - PARTIE_IMMEUBLE_APP;APPART;;;';;';;Y;;;;'12/07/2019 07:28:35
;;;Zoning;6807323;'20200219142313;W03-C-Antwerpen-West-FH07;6807323;'20200219142313;W03-C-Antwerpen-West-FH07;19084;FTTH-Cu;;';';;;;;;;664356;'20191021145121;2025382;'1630000;'22002;Nationalestraat;'120;';2000;Antwerpen;;'152024,971;'211527,882;';Y;NA;5;4;Unknown;Unknown;;None;;;';IFH_BATCH;'12/07/2019 07:33:39;;Y;;;;'12/07/2019 07:28:35;6;1641265;;LU;1;';';';';';Y;#A1@4/KAVEL 2/K2.3;APPART;DEEL_APP_GEBOUW - PARTIE_IMMEUBLE_APP;APPART;;;';;';;Y;;;;'12/07/2019 07:28:35
;;;Zoning;6807323;'20200219142313;W03-C-Antwerpen-West-FH07;6807323;'20200219142313;W03-C-Antwerpen-West-FH07;19084;FTTH-Cu;;';';;;;;;;664356;'20191021145121;2025382;'1630000;'22002;Nationalestraat;'120;';2000;Antwerpen;;'152024,971;'211527,882;';Y;NA;5;4;Unknown;Unknown;;None;;;';IFH_BATCH;'12/07/2019 07:33:39;;Y;;;;'12/07/2019 07:28:35;7;1641266;;LU;1;';';';';';Y;#A1@4/KAVEL 2/K2.3;APPART;DEEL_APP_GEBOUW - PARTIE_IMMEUBLE_APP;APPART;;;';;';;Y;;;;'12/07/2019 07:28:35
;;;Zoning;6807323;'20200219142313;W03-C-Antwerpen-West-FH07;6807323;'20200219142313;W03-C-Antwerpen-West-FH07;19084;FTTH-Cu;;';';;;;;;;664356;'20191021145121;2025382;'1630000;'22002;Nationalestraat;'120;';2000;Antwerpen;;'152024,971;'211527,882;';Y;NA;5;4;Unknown;Unknown;;None;;;';IFH_BATCH;'12/07/2019 07:33:39;;Y;;;;'12/07/2019 07:28:35;8;1641267;;LU;1;';';';';';Y;#A1@4/KAVEL 2/K2.3;APPART;DEEL_APP_GEBOUW - PARTIE_IMMEUBLE_APP;APPART;;;';;';;Y;;;;'12/07/2019 07:28:35
;;;Zoning;6807323;'20200219142313;W03-C-Antwerpen-West-FH07;6807323;'20200219142313;W03-C-Antwerpen-West-FH07;19084;FTTH-Cu;;';';;;;;;;664356;'20191021145121;2025382;'1630000;'22002;Nationalestraat;'120;';2000;Antwerpen;;'152024,971;'211527,882;';Y;NA;5;4;Unknown;Unknown;;None;;;';IFH_BATCH;'12/07/2019 07:33:39;;Y;;;;'12/07/2019 07:28:35;9;1641268;;LU;1;';';';';';Y;#A1@4/KAVEL 2/K2.3;APPART;DEEL_APP_GEBOUW - PARTIE_IMMEUBLE_APP;APPART;;;';;';;Y;;;;'12/07/2019 07:28:35
;;;Zoning;6807323;'20200219142313;W03-C-Antwerpen-West-FH07;6807323;'20200219142313;W03-C-Antwerpen-West-FH07;19084;FTTH-Cu;;';';;;;;;;664356;'20191021145121;2025382;'1630000;'22002;Nationalestraat;'120;';2000;Antwerpen;;'152024,971;'211527,882;';Y;NA;5;4;Unknown;Unknown;;None;;;';IFH_BATCH;'12/07/2019 07:33:39;;Y;;;;'12/07/2019 07:28:35;10;1641269;;LU;1;';';';';';Y;#A1@4/KAVEL 2/K2.3;APPART;DEEL_APP_GEBOUW - PARTIE_IMMEUBLE_APP;APPART;;;';;';;Y;;;;'12/07/2019 07:28:35
;;;Zoning;6807323;'20200219142313;W03-C-Antwerpen-West-FH07;6807323;'20200219142313;W03-C-Antwerpen-West-FH07;19084;FTTH-Cu;;';';;;;;;;664356;'20191021145121;2025382;'1630000;'22002;Nationalestraat;'120;';2000;Antwerpen;;'152024,971;'211527,882;';Y;NA;5;4;Unknown;Unknown;;None;;;';IFH_BATCH;'12/07/2019 07:33:39;;Y;;;;'12/07/2019 07:28:35;11;1641270;;LU;1;';';';';';Y;#A1@4/KAVEL 2/K2.3;APPART;DEEL_APP_GEBOUW - PARTIE_IMMEUBLE_APP;APPART;;;';;';;Y;;;;'12/07/2019 07:28:35
;;;Zoning;6807323;'20200219142313;W03-C-Antwerpen-West-FH07;6807323;'20200219142313;W03-C-Antwerpen-West-FH07;19084;FTTH-Cu;;';';;;;;;;664356;'20191021145121;2025382;'1630000;'22002;Nationalestraat;'120;';2000;Antwerpen;;'152024,971;'211527,882;';Y;NA;5;4;Unknown;Unknown;;None;;;';IFH_BATCH;'12/07/2019 07:33:39;;Y;;;;'12/07/2019 07:28:35;12;1641271;;LU;1;';';';';';Y;#A1@4/KAVEL 2/K2.3;APPART;DEEL_APP_GEBOUW - PARTIE_IMMEUBLE_APP;APPART;;;';;';;Y;;;;'12/07/2019 07:28:35
;;;Zoning;6807323;'20200219142313;W03-C-Antwerpen-West-FH07;6807323;'20200219142313;W03-C-Antwerpen-West-FH07;19084;FTTH-Cu;;';';;;;;;;664356;'20191021145121;2025382;'1630000;'22002;Nationalestraat;'120;';2000;Antwerpen;;'152024,971;'211527,882;';Y;NA;5;4;Unknown;Unknown;;None;;;';IFH_BATCH;'12/07/2019 07:33:39;;Y;;;;'12/07/2019 07:28:35;19;1641355;;BU;1;';';';';';Y;#HA.GV/KAVEL 1/K1;APPART;DEEL_APP_GEBOUW - PARTIE_IMMEUBLE_APP;COMM;;;';;';;Y;;;;'12/07/2019 07:28:35
;;;Zoning;6807323;'20200219142313;W03-C-Antwerpen-West-FH07;6807323;'20200219142313;W03-C-Antwerpen-West-FH07;19084;FTTH-Cu;;';';;;;;;;616596;'20191021145130;1326106;'1630000;'22002;Nationalestraat;'122;';2000;Antwerpen;;'152022,469;'211522;';N;ORN;6;18;Unknown;Unknown;;None;;;';;';;Y;;;;'15/01/2019 12:41:18;1;1642194;;LU;1;';';';';';Y;#A1/A1/;APPART;DEEL_APP_GEBOUW - PARTIE_IMMEUBLE_APP;APPART;;;';;';;Y;;;;'15/01/2019 12:41:18
;;;Zoning;6807323;'20200219142313;W03-C-Antwerpen-West-FH07;6807323;'20200219142313;W03-C-Antwerpen-West-FH07;19084;FTTH-Cu;;';';;;;;;;616596;'20191021145130;1326106;'1630000;'22002;Nationalestraat;'122;';2000;Antwerpen;;'152022,469;'211522;';N;ORN;6;18;Unknown;Unknown;;None;;;';;';;Y;;;;'15/01/2019 12:41:18;2;1642217;;LU;1;';';';';';Y;#A1/S2;APPART;DEEL_APP_GEBOUW - PARTIE_IMMEUBLE_APP;APPART;;;';;';;Y;;;;'15/01/2019 12:41:18
;;;Zoning;6807323;'20200219142313;W03-C-Antwerpen-West-FH07;6807323;'20200219142313;W03-C-Antwerpen-West-FH07;19084;FTTH-Cu;;';';;;;;;;616596;'20191021145130;1326106;'1630000;'22002;Nationalestraat;'122;';2000;Antwerpen;;'152022,469;'211522;';N;ORN;6;18;Unknown;Unknown;;None;;;';;';;Y;;;;'15/01/2019 12:41:18;3;1642218;;LU;1;';';';';';Y;#A1/S3;APPART;DEEL_APP_GEBOUW - PARTIE_IMMEUBLE_APP;APPART;;;';;';;Y;;;;'15/01/2019 12:41:18
;;;Zoning;6807323;'20200219142313;W03-C-Antwerpen-West-FH07;6807323;'20200219142313;W03-C-Antwerpen-West-FH07;19084;FTTH-Cu;;';';;;;;;;616596;'20191021145130;1326106;'1630000;'22002;Nationalestraat;'122;';2000;Antwerpen;;'152022,469;'211522;';N;ORN;6;18;Unknown;Unknown;;None;;;';;';;Y;;;;'15/01/2019 12:41:18;4;1642241;;LU;1;';';';';';Y;#A2/A1/;APPART;DEEL_APP_GEBOUW - PARTIE_IMMEUBLE_APP;APPART;;;';;';;Y;;;;'15/01/2019 12:41:18
;;;Zoning;6807323;'20200219142313;W03-C-Antwerpen-West-FH07;6807323;'20200219142313;W03-C-Antwerpen-West-FH07;19084;FTTH-Cu;;';';;;;;;;616596;'20191021145130;1326106;'1630000;'22002;Nationalestraat;'122;';2000;Antwerpen;;'152022,469;'211522;';N;ORN;6;18;Unknown;Unknown;;None;;;';;';;Y;;;;'15/01/2019 12:41:18;5;1642272;;LU;1;';';';';';Y;#A2/S2/;APPART;DEEL_APP_GEBOUW - PARTIE_IMMEUBLE_APP;APPART;;;';;';;Y;;;;'15/01/2019 12:41:18
;;;Zoning;6807323;'20200219142313;W03-C-Antwerpen-West-FH07;6807323;'20200219142313;W03-C-Antwerpen-West-FH07;19084;FTTH-Cu;;';';;;;;;;616596;'20191021145130;1326106;'1630000;'22002;Nationalestraat;'122;';2000;Antwerpen;;'152022,469;'211522;';N;ORN;6;18;Unknown;Unknown;;None;;;';;';;Y;;;;'15/01/2019 12:41:18;6;1642273;;LU;1;';';';';';Y;#A2/S3/;APPART;DEEL_APP_GEBOUW - PARTIE_IMMEUBLE_APP;APPART;;;';;';;Y;;;;'15/01/2019 12:41:18
;;;Zoning;6807323;'20200219142313;W03-C-Antwerpen-West-FH07;6807323;'20200219142313;W03-C-Antwerpen-West-FH07;19084;FTTH-Cu;;';';;;;;;;616596;'20191021145130;1326106;'1630000;'22002;Nationalestraat;'122;';2000;Antwerpen;;'152022,469;'211522;';N;ORN;6;18;Unknown;Unknown;;None;;;';;';;Y;;;;'15/01/2019 12:41:18;7;1642283;;LU;1;';';';';';Y;#A3/A1/;APPART;DEEL_APP_GEBOUW - PARTIE_IMMEUBLE_APP;APPART;;;';;';;Y;;;;'15/01/2019 12:41:18
;;;Zoning;6807323;'20200219142313;W03-C-Antwerpen-West-FH07;6807323;'20200219142313;W03-C-Antwerpen-West-FH07;19084;FTTH-Cu;;';';;;;;;;616596;'20191021145130;1326106;'1630000;'22002;Nationalestraat;'122;';2000;Antwerpen;;'152022,469;'211522;';N;ORN;6;18;Unknown;Unknown;;None;;;';;';;Y;;;;'15/01/2019 12:41:18;8;1642301;;LU;1;';';';';';Y;#A3/S2/;APPART;DEEL_APP_GEBOUW - PARTIE_IMMEUBLE_APP;APPART;;;';;';;Y;;;;'15/01/2019 12:41:18
;;;Zoning;6807323;'20200219142313;W03-C-Antwerpen-West-FH07;6807323;'20200219142313;W03-C-Antwerpen-West-FH07;19084;FTTH-Cu;;';';;;;;;;616596;'20191021145130;1326106;'1630000;'22002;Nationalestraat;'122;';2000;Antwerpen;;'152022,469;'211522;';N;ORN;6;18;Unknown;Unknown;;None;;;';;';;Y;;;;'15/01/2019 12:41:18;9;1642302;;LU;1;';';';';';Y;#A3/S3/;APPART;DEEL_APP_GEBOUW - PARTIE_IMMEUBLE_APP;APPART;;;';;';;Y;;;;'15/01/2019 12:41:18
;;;Zoning;6807323;'20200219142313;W03-C-Antwerpen-West-FH07;6807323;'20200219142313;W03-C-Antwerpen-West-FH07;19084;FTTH-Cu;;';';;;;;;;616596;'20191021145130;1326106;'1630000;'22002;Nationalestraat;'122;';2000;Antwerpen;;'152022,469;'211522;';N;ORN;6;18;Unknown;Unknown;;None;;;';;';;Y;;;;'15/01/2019 12:41:18;10;1642310;;LU;1;';';';';';Y;#A4/A1/;APPART;DEEL_APP_GEBOUW - PARTIE_IMMEUBLE_APP;APPART;;;';;';;Y;;;;'15/01/2019 12:41:18
;;;Zoning;6807323;'20200219142313;W03-C-Antwerpen-West-FH07;6807323;'20200219142313;W03-C-Antwerpen-West-FH07;19084;FTTH-Cu;;';';;;;;;;616596;'20191021145130;1326106;'1630000;'22002;Nationalestraat;'122;';2000;Antwerpen;;'152022,469;'211522;';N;ORN;6;18;Unknown;Unknown;;None;;;';;';;Y;;;;'15/01/2019 12:41:18;11;1642326;;LU;1;';';';';';Y;#A4/S2/;APPART;DEEL_APP_GEBOUW - PARTIE_IMMEUBLE_APP;APPART;;;';;';;Y;;;;'15/01/2019 12:41:18
;;;Zoning;6807323;'20200219142313;W03-C-Antwerpen-West-FH07;6807323;'20200219142313;W03-C-Antwerpen-West-FH07;19084;FTTH-Cu;;';';;;;;;;616596;'20191021145130;1326106;'1630000;'22002;Nationalestraat;'122;';2000;Antwerpen;;'152022,469;'211522;';N;ORN;6;18;Unknown;Unknown;;None;;;';;';;Y;;;;'15/01/2019 12:41:18;12;1642327;;LU;1;';';';';';Y;#A4/S3/;APPART;DEEL_APP_GEBOUW - PARTIE_IMMEUBLE_APP;APPART;;;';;';;Y;;;;'15/01/2019 12:41:18
;;;Zoning;6807323;'20200219142313;W03-C-Antwerpen-West-FH07;6807323;'20200219142313;W03-C-Antwerpen-West-FH07;19084;FTTH-Cu;;';';;;;;;;616596;'20191021145130;1326106;'1630000;'22002;Nationalestraat;'122;';2000;Antwerpen;;'152022,469;'211522;';N;ORN;6;18;Unknown;Unknown;;None;;;';;';;Y;;;;'15/01/2019 12:41:18;13;1642330;;LU;1;';';';';';Y;#A5/A1/;APPART;DEEL_APP_GEBOUW - PARTIE_IMMEUBLE_APP;APPART;;;';;';;Y;;;;'15/01/2019 12:41:18
;;;Zoning;6807323;'20200219142313;W03-C-Antwerpen-West-FH07;6807323;'20200219142313;W03-C-Antwerpen-West-FH07;19084;FTTH-Cu;;';';;;;;;;616596;'20191021145130;1326106;'1630000;'22002;Nationalestraat;'122;';2000;Antwerpen;;'152022,469;'211522;';N;ORN;6;18;Unknown;Unknown;;None;;;';;';;Y;;;;'15/01/2019 12:41:18;14;1642342;;LU;1;';';';';';Y;#A5/S2/;APPART;DEEL_APP_GEBOUW - PARTIE_IMMEUBLE_APP;APPART;;;';;';;Y;;;;'15/01/2019 12:41:18
;;;Zoning;6807323;'20200219142313;W03-C-Antwerpen-West-FH07;6807323;'20200219142313;W03-C-Antwerpen-West-FH07;19084;FTTH-Cu;;';';;;;;;;616596;'20191021145130;1326106;'1630000;'22002;Nationalestraat;'122;';2000;Antwerpen;;'152022,469;'211522;';N;ORN;6;18;Unknown;Unknown;;None;;;';;';;Y;;;;'15/01/2019 12:41:18;15;1642343;;LU;1;';';';';';Y;#A5/S3/;APPART;DEEL_APP_GEBOUW - PARTIE_IMMEUBLE_APP;APPART;;;';;';;Y;;;;'15/01/2019 12:41:18
;;;Zoning;6807323;'20200219142313;W03-C-Antwerpen-West-FH07;6807323;'20200219142313;W03-C-Antwerpen-West-FH07;19084;FTTH-Cu;;';';;;;;;;616596;'20191021145130;1326106;'1630000;'22002;Nationalestraat;'122;';2000;Antwerpen;;'152022,469;'211522;';N;ORN;6;18;Unknown;Unknown;;None;;;';;';;Y;;;;'15/01/2019 12:41:18;16;1642344;;LU;1;';';';';';Y;#A6;APPART;DEEL_APP_GEBOUW - PARTIE_IMMEUBLE_APP;APPART;;;';;';;Y;;;;'15/01/2019 12:41:18
;;;Zoning;6807323;'20200219142313;W03-C-Antwerpen-West-FH07;6807323;'20200219142313;W03-C-Antwerpen-West-FH07;19084;FTTH-Cu;;';';;;;;;;616596;'20191021145130;1326106;'1630000;'22002;Nationalestraat;'122;';2000;Antwerpen;;'152022,469;'211522;';N;ORN;6;18;Unknown;Unknown;;None;;;';;';;Y;;;;'15/01/2019 12:41:18;17;1642401;;BU;1;';';';';';Y;#HA.GV;APPART;DEEL_APP_GEBOUW - PARTIE_IMMEUBLE_APP;COMM;;;';;';;Y;;;;'15/01/2019 12:41:18
;;;Zoning;6807323;'20200219142313;W03-C-Antwerpen-West-FH07;6807323;'20200219142313;W03-C-Antwerpen-West-FH07;19084;FTTH-Cu;;';';;;;;;;664357;'20191021145140;2025398;'1630000;'22002;Nationalestraat;'124;';2000;Antwerpen;;'152020,106;'211515,096;';N;ORN;6;0;Unknown;Unknown;;None;;;';IFH_BATCH;'12/07/2019 07:33:41;;Y;;;;'12/07/2019 07:28:35;1;1643080;;LU;1;';';';';';Y;#A2/A2/;APPART;DEEL_APP_GEBOUW - PARTIE_IMMEUBLE_APP;APPART;;;';;';;Y;;;;'12/07/2019 07:28:35
;;;Zoning;6807323;'20200219142313;W03-C-Antwerpen-West-FH07;6807323;'20200219142313;W03-C-Antwerpen-West-FH07;19084;FTTH-Cu;;';';;;;;;;664357;'20191021145140;2025398;'1630000;'22002;Nationalestraat;'124;';2000;Antwerpen;;'152020,106;'211515,096;';N;ORN;6;0;Unknown;Unknown;;None;;;';IFH_BATCH;'12/07/2019 07:33:41;;Y;;;;'12/07/2019 07:28:35;2;1643099;;LU;1;';';';';';Y;#A3/A3/;APPART;DEEL_APP_GEBOUW - PARTIE_IMMEUBLE_APP;APPART;;;';;';;Y;;;;'12/07/2019 07:28:35
;;;Zoning;6807323;'20200219142313;W03-C-Antwerpen-West-FH07;6807323;'20200219142313;W03-C-Antwerpen-West-FH07;19084;FTTH-Cu;;';';;;;;;;664357;'20191021145140;2025398;'1630000;'22002;Nationalestraat;'124;';2000;Antwerpen;;'152020,106;'211515,096;';N;ORN;6;0;Unknown;Unknown;;None;;;';IFH_BATCH;'12/07/2019 07:33:41;;Y;;;;'12/07/2019 07:28:35;3;1643110;;LU;1;';';';';';Y;#A4/A4/;APPART;DEEL_APP_GEBOUW - PARTIE_IMMEUBLE_APP;APPART;;;';;';;Y;;;;'12/07/2019 07:28:35
;;;Zoning;6807323;'20200219142313;W03-C-Antwerpen-West-FH07;6807323;'20200219142313;W03-C-Antwerpen-West-FH07;19084;FTTH-Cu;;';';;;;;;;664357;'20191021145140;2025398;'1630000;'22002;Nationalestraat;'124;';2000;Antwerpen;;'152020,106;'211515,096;';N;ORN;6;0;Unknown;Unknown;;None;;;';IFH_BATCH;'12/07/2019 07:33:41;;Y;;;;'12/07/2019 07:28:35;4;1643123;;LU;1;';';';';';Y;#A5/A5/;APPART;DEEL_APP_GEBOUW - PARTIE_IMMEUBLE_APP;APPART;;;';;';;Y;;;;'12/07/2019 07:28:35
;;;Zoning;6807323;'20200219142313;W03-C-Antwerpen-West-FH07;6807323;'20200219142313;W03-C-Antwerpen-West-FH07;19084;FTTH-Cu;;';';;;;;;;664357;'20191021145140;2025398;'1630000;'22002;Nationalestraat;'124;';2000;Antwerpen;;'152020,106;'211515,096;';N;ORN;6;0;Unknown;Unknown;;None;;;';IFH_BATCH;'12/07/2019 07:33:41;;Y;;;;'12/07/2019 07:28:35;5;1643134;;LU;1;';';';';';Y;#A6/A6/;APPART;DEEL_APP_GEBOUW - PARTIE_IMMEUBLE_APP;APPART;;;';;';;Y;;;;'12/07/2019 07:28:35
;;;Zoning;6807323;'20200219142313;W03-C-Antwerpen-West-FH07;6807323;'20200219142313;W03-C-Antwerpen-West-FH07;19084;FTTH-Cu;;';';;;;;;;664357;'20191021145140;2025398;'1630000;'22002;Nationalestraat;'124;';2000;Antwerpen;;'152020,106;'211515,096;';N;ORN;6;0;Unknown;Unknown;;None;;;';IFH_BATCH;'12/07/2019 07:33:41;;Y;;;;'12/07/2019 07:28:35;6;1643159;;BU;1;';';';';';Y;#HA.GV.1/GLV/K;APPART;DEEL_APP_GEBOUW - PARTIE_IMMEUBLE_APP;COMM;;;';;';;Y;;;;'12/07/2019 07:28:35
;;;Zoning;6807323;'20200219142313;W03-C-Antwerpen-West-FH07;6807323;'20200219142313;W03-C-Antwerpen-West-FH07;19084;FTTH-Cu;;';';;;;;;;664357;'20191021145140;2025398;'1630000;'22002;Nationalestraat;'124;';2000;Antwerpen;;'152020,106;'211515,096;';N;ORN;6;0;Unknown;Unknown;;None;;;';IFH_BATCH;'12/07/2019 07:33:41;;Y;;;;'12/07/2019 07:28:35;7;11086763;;LU;1;';';';';';;;;;;;;';;';;Y;;;;'12/07/2019 07:28:35
;;;Zoning;6807323;'20200219142313;W03-C-Antwerpen-West-FH07;6807323;'20200219142313;W03-C-Antwerpen-West-FH07;19084;FTTH-Cu;;';';;;;;;;619479;'20191021145157;1520006;'1630000;'22002;Nationalestraat;'126;';2000;Antwerpen;;'152018,822;'211507,527;';Y;NA;5;4;Unknown;Unknown;;None;;;';IFH_BATCH;'12/07/2019 07:33:43;;Y;;;;'12/07/2019 07:28:35;1;10376206;;BU;1;';';';';';Y;#HA.GV/KAVEL 1/;APPART;DEEL_APP_GEBOUW - PARTIE_IMMEUBLE_APP;COMM;;;';;';;Y;;;;'12/07/2019 07:28:35
;;;Zoning;6807323;'20200219142313;W03-C-Antwerpen-West-FH07;6807323;'20200219142313;W03-C-Antwerpen-West-FH07;19084;FTTH-Cu;;';';;;;;;;619479;'20191021145157;1520006;'1630000;'22002;Nationalestraat;'126;';2000;Antwerpen;;'152018,822;'211507,527;';Y;NA;5;4;Unknown;Unknown;;None;;;';IFH_BATCH;'12/07/2019 07:33:43;;Y;;;;'12/07/2019 07:28:35;2;10376281;;LU;1;';';';';';Y;#A.GV@3/KAVEL 2/;APPART;DEEL_APP_GEBOUW - PARTIE_IMMEUBLE_APP;APPART;;;';;';;Y;;;;'12/07/2019 07:28:35
;;;Zoning;6807323;'20200219142313;W03-C-Antwerpen-West-FH07;6807323;'20200219142313;W03-C-Antwerpen-West-FH07;19084;FTTH-Cu;;';';;;;;;;619479;'20191021145157;1520006;'1630000;'22002;Nationalestraat;'126;';2000;Antwerpen;;'152018,822;'211507,527;';Y;NA;5;4;Unknown;Unknown;;None;;;';IFH_BATCH;'12/07/2019 07:33:43;;Y;;;;'12/07/2019 07:28:35;3;10376282;;LU;1;';';';';';Y;#A.GV@3/KAVEL 2/;APPART;DEEL_APP_GEBOUW - PARTIE_IMMEUBLE_APP;APPART;;;';;';;Y;;;;'12/07/2019 07:28:35
;;;Zoning;6807323;'20200219142313;W03-C-Antwerpen-West-FH07;6807323;'20200219142313;W03-C-Antwerpen-West-FH07;19084;FTTH-Cu;;';';;;;;;;619479;'20191021145157;1520006;'1630000;'22002;Nationalestraat;'126;';2000;Antwerpen;;'152018,822;'211507,527;';Y;NA;5;4;Unknown;Unknown;;None;;;';IFH_BATCH;'12/07/2019 07:33:43;;Y;;;;'12/07/2019 07:28:35;4;10376283;;LU;1;';';';';';Y;#A.GV@3/KAVEL 2/;APPART;DEEL_APP_GEBOUW - PARTIE_IMMEUBLE_APP;APPART;;;';;';;Y;;;;'12/07/2019 07:28:35
;;;Zoning;6807323;'20200219142313;W03-C-Antwerpen-West-FH07;6807323;'20200219142313;W03-C-Antwerpen-West-FH07;19084;FTTH-Cu;;';';;;;;;;619479;'20191021145157;1520006;'1630000;'22002;Nationalestraat;'126;';2000;Antwerpen;;'152018,822;'211507,527;';Y;NA;5;4;Unknown;Unknown;;None;;;';IFH_BATCH;'12/07/2019 07:33:43;;Y;;;;'12/07/2019 07:28:35;5;10376284;;LU;1;';';';';';Y;#A.GV@3/KAVEL 2/;APPART;DEEL_APP_GEBOUW - PARTIE_IMMEUBLE_APP;APPART;;;';;';;Y;;;;'12/07/2019 07:28:35
;;;Zoning;6807323;'20200219142313;W03-C-Antwerpen-West-FH07;6807323;'20200219142313;W03-C-Antwerpen-West-FH07;19084;FTTH-Cu;;';';;;;;;;619479;'20191021145157;1520006;'1630000;'22002;Nationalestraat;'126;';2000;Antwerpen;;'152018,822;'211507,527;';Y;NA;5;4;Unknown;Unknown;;None;;;';IFH_BATCH;'12/07/2019 07:33:43;;Y;;;;'12/07/2019 07:28:35;6;10376285;;LU;1;';';';';';Y;#A.GV@3/KAVEL 2/;APPART;DEEL_APP_GEBOUW - PARTIE_IMMEUBLE_APP;APPART;;;';;';;Y;;;;'12/07/2019 07:28:35
;;;Zoning;6807323;'20200219142313;W03-C-Antwerpen-West-FH07;6807323;'20200219142313;W03-C-Antwerpen-West-FH07;19084;FTTH-Cu;;';';;;;;;;619479;'20191021145157;1520006;'1630000;'22002;Nationalestraat;'126;';2000;Antwerpen;;'152018,822;'211507,527;';Y;NA;5;4;Unknown;Unknown;;None;;;';IFH_BATCH;'12/07/2019 07:33:43;;Y;;;;'12/07/2019 07:28:35;7;10376286;;LU;1;';';';';';Y;#A.GV@3/KAVEL 2/;APPART;DEEL_APP_GEBOUW - PARTIE_IMMEUBLE_APP;APPART;;;';;';;Y;;;;'12/07/2019 07:28:35
;;;Zoning;6807323;'20200219142313;W03-C-Antwerpen-West-FH07;6807323;'20200219142313;W03-C-Antwerpen-West-FH07;19084;FTTH-Cu;;';';;;;;;;664358;'20191021145205;2025413;'1630000;'22002;Nationalestraat;'128;';2000;Antwerpen;;'152017,232;'211502,24;';Y;NA;5;18;Unknown;Unknown;;None;;;';;';;Y;;;;'15/01/2019 12:41:18;1;1644755;;LU;1;';';';';';Y;;COMM;HANDELSZAAK - COMMERCE;NA;;;';;';;Y;;;;'15/01/2019 12:41:18
;;;Zoning;6807323;'20200219142313;W03-C-Antwerpen-West-FH07;6807323;'20200219142313;W03-C-Antwerpen-West-FH07;19084;FTTH-Cu;;';';;;;;;;664358;'20191021145205;2025413;'1630000;'22002;Nationalestraat;'128;';2000;Antwerpen;;'152017,232;'211502,24;';Y;NA;5;18;Unknown;Unknown;;None;;;';;';;Y;;;;'15/01/2019 12:41:18;2;1644756;;LU;1;';';';';';Y;;COMM;HANDELSZAAK - COMMERCE;NA;;;';;';;Y;;;;'15/01/2019 12:41:18
;;;Zoning;6807323;'20200219142313;W03-C-Antwerpen-West-FH07;6807323;'20200219142313;W03-C-Antwerpen-West-FH07;19084;FTTH-Cu;;';';;;;;;;664358;'20191021145205;2025413;'1630000;'22002;Nationalestraat;'128;';2000;Antwerpen;;'152017,232;'211502,24;';Y;NA;5;18;Unknown;Unknown;;None;;;';;';;Y;;;;'15/01/2019 12:41:18;3;1644757;;LU;1;';';';';';Y;;COMM;HANDELSZAAK - COMMERCE;NA;;;';;';;Y;;;;'15/01/2019 12:41:18
;;;Zoning;6807323;'20200219142313;W03-C-Antwerpen-West-FH07;6807323;'20200219142313;W03-C-Antwerpen-West-FH07;19084;FTTH-Cu;;';';;;;;;;664358;'20191021145205;2025413;'1630000;'22002;Nationalestraat;'128;';2000;Antwerpen;;'152017,232;'211502,24;';Y;NA;5;18;Unknown;Unknown;;None;;;';;';;Y;;;;'15/01/2019 12:41:18;4;11086764;;LU;1;';';';';';;;;;;;;';;';;Y;;;;'15/01/2019 12:41:18
;;;Zoning;6807323;'20200219142313;W03-C-Antwerpen-West-FH07;6807323;'20200219142313;W03-C-Antwerpen-West-FH07;19084;FTTH-Cu;;';';;;;;;;664359;'20200110152404;2025420;'1630000;'22002;Nationalestraat;'130;';2000;Antwerpen;;'152012,824;'211493,978;';N;ORN;6;18;Unknown;Unknown;;None;;;';;';;Y;;;;'15/01/2019 12:41:18;1;1649236;;LU;1;';';';';';Y;;APTBLD;APPARTEMENTSGEBOUW - IMMEUBLE A APPARTEMENTS;NA;;;';;';;Y;;;;'15/01/2019 12:41:18
;;;Zoning;6807323;'20200219142313;W03-C-Antwerpen-West-FH07;6807323;'20200219142313;W03-C-Antwerpen-West-FH07;19084;FTTH-Cu;;';';;;;;;;664359;'20200110152404;2025420;'1630000;'22002;Nationalestraat;'130;';2000;Antwerpen;;'152012,824;'211493,978;';N;ORN;6;18;Unknown;Unknown;;None;;;';;';;Y;;;;'15/01/2019 12:41:18;2;1649237;;LU;1;';';';';';Y;;APTBLD;APPARTEMENTSGEBOUW - IMMEUBLE A APPARTEMENTS;NA;;;';;';;Y;;;;'15/01/2019 12:41:18
;;;Zoning;6807323;'20200219142313;W03-C-Antwerpen-West-FH07;6807323;'20200219142313;W03-C-Antwerpen-West-FH07;19084;FTTH-Cu;;';';;;;;;;664359;'20200110152404;2025420;'1630000;'22002;Nationalestraat;'130;';2000;Antwerpen;;'152012,824;'211493,978;';N;ORN;6;18;Unknown;Unknown;;None;;;';;';;Y;;;;'15/01/2019 12:41:18;3;1649238;;LU;1;';';';';';Y;;APTBLD;APPARTEMENTSGEBOUW - IMMEUBLE A APPARTEMENTS;NA;;;';;';;Y;;;;'15/01/2019 12:41:18
;;;Zoning;6807323;'20200219142313;W03-C-Antwerpen-West-FH07;6807323;'20200219142313;W03-C-Antwerpen-West-FH07;19084;FTTH-Cu;;';';;;;;;;664359;'20200110152404;2025420;'1630000;'22002;Nationalestraat;'130;';2000;Antwerpen;;'152012,824;'211493,978;';N;ORN;6;18;Unknown;Unknown;;None;;;';;';;Y;;;;'15/01/2019 12:41:18;4;1649239;;LU;1;';';';';';Y;;APTBLD;APPARTEMENTSGEBOUW - IMMEUBLE A APPARTEMENTS;NA;;;';;';;Y;;;;'15/01/2019 12:41:18
;;;Zoning;6807323;'20200219142313;W03-C-Antwerpen-West-FH07;6807323;'20200219142313;W03-C-Antwerpen-West-FH07;19084;FTTH-Cu;;';';;;;;;;664359;'20200110152404;2025420;'1630000;'22002;Nationalestraat;'130;';2000;Antwerpen;;'152012,824;'211493,978;';N;ORN;6;18;Unknown;Unknown;;None;;;';;';;Y;;;;'15/01/2019 12:41:18;5;1649240;;LU;1;';';';';';Y;;APTBLD;APPARTEMENTSGEBOUW - IMMEUBLE A APPARTEMENTS;NA;;;';;';;Y;;;;'15/01/2019 12:41:18
;;;Zoning;6807323;'20200219142313;W03-C-Antwerpen-West-FH07;6807323;'20200219142313;W03-C-Antwerpen-West-FH07;19084;FTTH-Cu;;';';;;;;;;664359;'20200110152404;2025420;'1630000;'22002;Nationalestraat;'130;';2000;Antwerpen;;'152012,824;'211493,978;';N;ORN;6;18;Unknown;Unknown;;None;;;';;';;Y;;;;'15/01/2019 12:41:18;6;11087134;;BU;1;';';';';';;;;;;;;';;';;Y;;;;'15/01/2019 12:41:18
;;;Zoning;6807323;'20200219142313;W03-C-Antwerpen-West-FH07;6807323;'20200219142313;W03-C-Antwerpen-West-FH07;19084;FTTH-Cu;;';';;;;;;;664360;'20191021145223;2025438;'1630000;'22002;Nationalestraat;'132;';2000;Antwerpen;;'152010,429;'211486,032;';N;ORN;6;18;Unknown;Unknown;;None;;;';;';;Y;;;;'15/01/2019 12:41:18;1;1649700;;LU;1;';';';';';Y;#A1/P2.K5;APPART;DEEL_APP_GEBOUW - PARTIE_IMMEUBLE_APP;APPART;;;';;';;Y;;;;'15/01/2019 12:41:18
;;;Zoning;6807323;'20200219142313;W03-C-Antwerpen-West-FH07;6807323;'20200219142313;W03-C-Antwerpen-West-FH07;19084;FTTH-Cu;;';';;;;;;;664360;'20191021145223;2025438;'1630000;'22002;Nationalestraat;'132;';2000;Antwerpen;;'152010,429;'211486,032;';N;ORN;6;18;Unknown;Unknown;;None;;;';;';;Y;;;;'15/01/2019 12:41:18;2;1649731;;LU;1;';';';';';Y;#A2/P8A.8B-K3;APPART;DEEL_APP_GEBOUW - PARTIE_IMMEUBLE_APP;APPART;;;';;';;Y;;;;'15/01/2019 12:41:18
;;;Zoning;6807323;'20200219142313;W03-C-Antwerpen-West-FH07;6807323;'20200219142313;W03-C-Antwerpen-West-FH07;19084;FTTH-Cu;;';';;;;;;;664360;'20191021145223;2025438;'1630000;'22002;Nationalestraat;'132;';2000;Antwerpen;;'152010,429;'211486,032;';N;ORN;6;18;Unknown;Unknown;;None;;;';;';;Y;;;;'15/01/2019 12:41:18;3;1649753;;LU;1;';';';';';Y;#A3/P3.K6;APPART;DEEL_APP_GEBOUW - PARTIE_IMMEUBLE_APP;APPART;;;';;';;Y;;;;'15/01/2019 12:41:18
;;;Zoning;6807323;'20200219142313;W03-C-Antwerpen-West-FH07;6807323;'20200219142313;W03-C-Antwerpen-West-FH07;19084;FTTH-Cu;;';';;;;;;;664360;'20191021145223;2025438;'1630000;'22002;Nationalestraat;'132;';2000;Antwerpen;;'152010,429;'211486,032;';N;ORN;6;18;Unknown;Unknown;;None;;;';;';;Y;;;;'15/01/2019 12:41:18;4;1649767;;LU;1;';';';';';Y;#A4/P1K.2.4;APPART;DEEL_APP_GEBOUW - PARTIE_IMMEUBLE_APP;APPART;;;';;';;Y;;;;'15/01/2019 12:41:18
;;;Zoning;6807323;'20200219142313;W03-C-Antwerpen-West-FH07;6807323;'20200219142313;W03-C-Antwerpen-West-FH07;19084;FTTH-Cu;;';';;;;;;;664360;'20191021145223;2025438;'1630000;'22002;Nationalestraat;'132;';2000;Antwerpen;;'152010,429;'211486,032;';N;ORN;6;18;Unknown;Unknown;;None;;;';;';;Y;;;;'15/01/2019 12:41:18;5;1649781;;LU;1;';';';';';Y;#A5/P4.K1;APPART;DEEL_APP_GEBOUW - PARTIE_IMMEUBLE_APP;APPART;;;';;';;Y;;;;'15/01/2019 12:41:18
;;;Zoning;6807323;'20200219142313;W03-C-Antwerpen-West-FH07;6807323;'20200219142313;W03-C-Antwerpen-West-FH07;19084;FTTH-Cu;;';';;;;;;;664360;'20191021145223;2025438;'1630000;'22002;Nationalestraat;'132;';2000;Antwerpen;;'152010,429;'211486,032;';N;ORN;6;18;Unknown;Unknown;;None;;;';;';;Y;;;;'15/01/2019 12:41:18;6;1649822;;BU;1;';';';';';Y;#HA.GV/P5.6;APPART;DEEL_APP_GEBOUW - PARTIE_IMMEUBLE_APP;COMM;;;';;';;Y;;;;'15/01/2019 12:41:18
;;;Zoning;6807323;'20200219142313;W03-C-Antwerpen-West-FH07;6807323;'20200219142313;W03-C-Antwerpen-West-FH07;19084;FTTH-Cu;;';';;;;;;;664362;'20191021145235;2025461;'1630000;'22002;Nationalestraat;'134;';2000;Antwerpen;;'152008,942;'211477,94;';N;ORN;4;12;Unknown;Unknown;;None;;;';;';;Y;;;;'15/01/2019 12:41:18;1;1650722;;BU;1;';';';';';Y;;COMM;HANDELSZAAK - COMMERCE;NA;;;';;';;Y;;;;'15/01/2019 12:41:18
;;;Zoning;6807323;'20200219142313;W03-C-Antwerpen-West-FH07;6807323;'20200219142313;W03-C-Antwerpen-West-FH07;19084;FTTH-Cu;;';';;;;;;;664362;'20191021145235;2025461;'1630000;'22002;Nationalestraat;'134;';2000;Antwerpen;;'152008,942;'211477,94;';N;ORN;4;12;Unknown;Unknown;;None;;;';;';;Y;;;;'15/01/2019 12:41:18;2;1650723;;LU;1;';';';';';Y;;COMM;HANDELSZAAK - COMMERCE;NA;;;';;';;Y;;;;'15/01/2019 12:41:18
;;;Zoning;6807323;'20200219142313;W03-C-Antwerpen-West-FH07;6807323;'20200219142313;W03-C-Antwerpen-West-FH07;19084;FTTH-Cu;;';';;;;;;;664362;'20191021145235;2025461;'1630000;'22002;Nationalestraat;'134;';2000;Antwerpen;;'152008,942;'211477,94;';N;ORN;4;12;Unknown;Unknown;;None;;;';;';;Y;;;;'15/01/2019 12:41:18;3;1650724;;LU;1;';';';';';Y;;COMM;HANDELSZAAK - COMMERCE;NA;;;';;';;Y;;;;'15/01/2019 12:41:18
;;;Zoning;6807323;'20200219142313;W03-C-Antwerpen-West-FH07;6807323;'20200219142313;W03-C-Antwerpen-West-FH07;19084;FTTH-Cu;;';';;;;;;;664362;'20191021145235;2025461;'1630000;'22002;Nationalestraat;'134;';2000;Antwerpen;;'152008,942;'211477,94;';N;ORN;4;12;Unknown;Unknown;;None;;;';;';;Y;;;;'15/01/2019 12:41:18;4;1650725;;LU;1;';';';';';Y;;COMM;HANDELSZAAK - COMMERCE;NA;;;';;';;Y;;;;'15/01/2019 12:41:18
;;;Zoning;6807323;'20200219142313;W03-C-Antwerpen-West-FH07;6807323;'20200219142313;W03-C-Antwerpen-West-FH07;19084;FTTH-Cu;;';';;;;;;;664362;'20191021145235;2025461;'1630000;'22002;Nationalestraat;'134;';2000;Antwerpen;;'152008,942;'211477,94;';N;ORN;4;12;Unknown;Unknown;;None;;;';;';;Y;;;;'15/01/2019 12:41:18;5;1650726;;LU;1;';';';';';Y;;COMM;HANDELSZAAK - COMMERCE;NA;;;';;';;Y;;;;'15/01/2019 12:41:18
;;;Zoning;6807323;'20200219142313;W03-C-Antwerpen-West-FH07;6807323;'20200219142313;W03-C-Antwerpen-West-FH07;19084;FTTH-Cu;;';';;;;;;;664362;'20191021145235;2025461;'1630000;'22002;Nationalestraat;'134;';2000;Antwerpen;;'152008,942;'211477,94;';N;ORN;4;12;Unknown;Unknown;;None;;;';;';;Y;;;;'15/01/2019 12:41:18;6;11086765;;LU;1;';';';';';;;;;;;;';;';;Y;;;;'15/01/2019 12:41:18
;;;Zoning;6807323;'20200219142313;W03-C-Antwerpen-West-FH07;6807323;'20200219142313;W03-C-Antwerpen-West-FH07;19084;FTTH-Cu;;';';;;;;;;664364;'20190115201256;2025466;'1630000;'22002;Nationalestraat;'136;';2000;Antwerpen;;'152007,611;'211470,69;';Y;NA;4;12;Unknown;Unknown;;None;;;';;';;Y;;;;'15/01/2019 12:41:18;1;1651532;;LU;1;';';';';';Y;;APTBLD;APPARTEMENTSGEBOUW - IMMEUBLE A APPARTEMENTS;NA;;;';;';;Y;;;;'15/01/2019 12:41:18
;;;Zoning;6807323;'20200219142313;W03-C-Antwerpen-West-FH07;6807323;'20200219142313;W03-C-Antwerpen-West-FH07;19084;FTTH-Cu;;';';;;;;;;664364;'20190115201256;2025466;'1630000;'22002;Nationalestraat;'136;';2000;Antwerpen;;'152007,611;'211470,69;';Y;NA;4;12;Unknown;Unknown;;None;;;';;';;Y;;;;'15/01/2019 12:41:18;2;1651533;;LU;1;';';';';';Y;;APTBLD;APPARTEMENTSGEBOUW - IMMEUBLE A APPARTEMENTS;NA;;;';;';;Y;;;;'15/01/2019 12:41:18
;;;Zoning;6807323;'20200219142313;W03-C-Antwerpen-West-FH07;6807323;'20200219142313;W03-C-Antwerpen-West-FH07;19084;FTTH-Cu;;';';;;;;;;664364;'20190115201256;2025466;'1630000;'22002;Nationalestraat;'136;';2000;Antwerpen;;'152007,611;'211470,69;';Y;NA;4;12;Unknown;Unknown;;None;;;';;';;Y;;;;'15/01/2019 12:41:18;3;1651534;;LU;1;';';';';';Y;;APTBLD;APPARTEMENTSGEBOUW - IMMEUBLE A APPARTEMENTS;NA;;;';;';;Y;;;;'15/01/2019 12:41:18
;;;Zoning;6807323;'20200219142313;W03-C-Antwerpen-West-FH07;6807323;'20200219142313;W03-C-Antwerpen-West-FH07;19084;FTTH-Cu;;';';;;;;;;664364;'20190115201256;2025466;'1630000;'22002;Nationalestraat;'136;';2000;Antwerpen;;'152007,611;'211470,69;';Y;NA;4;12;Unknown;Unknown;;None;;;';;';;Y;;;;'15/01/2019 12:41:18;4;1651535;;LU;1;';';';';';Y;;APTBLD;APPARTEMENTSGEBOUW - IMMEUBLE A APPARTEMENTS;NA;;;';;';;Y;;;;'15/01/2019 12:41:18
;;;Zoning;6807323;'20200219142313;W03-C-Antwerpen-West-FH07;6807323;'20200219142313;W03-C-Antwerpen-West-FH07;19084;FTTH-Cu;;';';;;;;;;664364;'20190115201256;2025466;'1630000;'22002;Nationalestraat;'136;';2000;Antwerpen;;'152007,611;'211470,69;';Y;NA;4;12;Unknown;Unknown;;None;;;';;';;Y;;;;'15/01/2019 12:41:18;5;1651536;;LU;1;';';';';';Y;;APTBLD;APPARTEMENTSGEBOUW - IMMEUBLE A APPARTEMENTS;NA;;;';;';;Y;;;;'15/01/2019 12:41:18
;;;Zoning;6807323;'20200219142313;W03-C-Antwerpen-West-FH07;6807323;'20200219142313;W03-C-Antwerpen-West-FH07;19084;FTTH-Cu;;';';;;;;;;664364;'20190115201256;2025466;'1630000;'22002;Nationalestraat;'136;';2000;Antwerpen;;'152007,611;'211470,69;';Y;NA;4;12;Unknown;Unknown;;None;;;';;';;Y;;;;'15/01/2019 12:41:18;6;1651537;;LU;1;';';';';';Y;;APTBLD;APPARTEMENTSGEBOUW - IMMEUBLE A APPARTEMENTS;NA;;;';;';;Y;;;;'15/01/2019 12:41:18
;;;Zoning;6807323;'20200219142313;W03-C-Antwerpen-West-FH07;6807323;'20200219142313;W03-C-Antwerpen-West-FH07;19084;FTTH-Cu;;';';;;;;;;664364;'20190115201256;2025466;'1630000;'22002;Nationalestraat;'136;';2000;Antwerpen;;'152007,611;'211470,69;';Y;NA;4;12;Unknown;Unknown;;None;;;';;';;Y;;;;'15/01/2019 12:41:18;7;11086766;;BU;1;';';';';';;;;;;;;';;';;Y;;;;'15/01/2019 12:41:18
;;;Zoning;6807323;'20200219142313;W03-C-Antwerpen-West-FH07;6807323;'20200219142313;W03-C-Antwerpen-West-FH07;19084;FTTH-Cu;;';';;;;;;;664364;'20190115201256;2025466;'1630000;'22002;Nationalestraat;'136;';2000;Antwerpen;;'152007,611;'211470,69;';Y;NA;4;12;Unknown;Unknown;;None;;;';;';;Y;;;;'15/01/2019 12:41:18;8;11086767;;LU;1;';';';';';;;;;;;;';;';;Y;;;;'15/01/2019 12:41:18
;;;Zoning;6807323;'20200219142313;W03-C-Antwerpen-West-FH07;6807323;'20200219142313;W03-C-Antwerpen-West-FH07;19084;FTTH-Cu;;';';;;;;;;664364;'20190115201256;2025466;'1630000;'22002;Nationalestraat;'136;';2000;Antwerpen;;'152007,611;'211470,69;';Y;NA;4;12;Unknown;Unknown;;None;;;';;';;Y;;;;'15/01/2019 12:41:18;9;11086768;;LU;1;';';';';';;;;;;;;';;';;Y;;;;'15/01/2019 12:41:18
;;;Zoning;6807323;'20200219142313;W03-C-Antwerpen-West-FH07;6807323;'20200219142313;W03-C-Antwerpen-West-FH07;19084;FTTH-Cu;;';';;;;;;;664364;'20190115201256;2025466;'1630000;'22002;Nationalestraat;'136;';2000;Antwerpen;;'152007,611;'211470,69;';Y;NA;4;12;Unknown;Unknown;;None;;;';;';;Y;;;;'15/01/2019 12:41:18;10;11086769;;LU;1;';';';';';;;;;;;;';;';;Y;;;;'15/01/2019 12:41:18
;;;Zoning;6807323;'20200219142313;W03-C-Antwerpen-West-FH07;6807323;'20200219142313;W03-C-Antwerpen-West-FH07;19084;FTTH-Cu;;';';;;;;;;664364;'20190115201256;2025466;'1630000;'22002;Nationalestraat;'136;';2000;Antwerpen;;'152007,611;'211470,69;';Y;NA;4;12;Unknown;Unknown;;None;;;';;';;Y;;;;'15/01/2019 12:41:18;11;11086770;;LU;1;';';';';';;;;;;;;';;';;Y;;;;'15/01/2019 12:41:18
;;;Zoning;6807323;'20200219142313;W03-C-Antwerpen-West-FH07;6807323;'20200219142313;W03-C-Antwerpen-West-FH07;19084;FTTH-Cu;;';';;;;;;;664364;'20190115201256;2025466;'1630000;'22002;Nationalestraat;'136;';2000;Antwerpen;;'152007,611;'211470,69;';Y;NA;4;12;Unknown;Unknown;;None;;;';;';;Y;;;;'15/01/2019 12:41:18;12;11086771;;LU;1;';';';';';;;;;;;;';;';;Y;;;;'15/01/2019 12:41:18
;;;Zoning;6807323;'20200219142313;W03-C-Antwerpen-West-FH07;6807323;'20200219142313;W03-C-Antwerpen-West-FH07;19084;FTTH-Cu;;';';;;;;;;664364;'20190115201256;2025466;'1630000;'22002;Nationalestraat;'136;';2000;Antwerpen;;'152007,611;'211470,69;';Y;NA;4;12;Unknown;Unknown;;None;;;';;';;Y;;;;'15/01/2019 12:41:18;13;11086772;;LU;1;';';';';';;;;;;;;';;';;Y;;;;'15/01/2019 12:41:18
;;;Zoning;6807323;'20200219142313;W03-C-Antwerpen-West-FH07;6807323;'20200219142313;W03-C-Antwerpen-West-FH07;19084;FTTH-Cu;11382488;'20191021145325;'Nationalestraat 138 - 140 - 142;;;;;;;691114;'20191021145259;3928063;'1630000;'22002;Nationalestraat;'138;';2000;Antwerpen;;'152007,511;'211464,237;';Y;NA;5;4;Unknown;Unknown;;None;;;';IFH_BATCH;'12/07/2019 07:33:45;;Y;;;;'12/07/2019 07:28:35;1;1652195;;BU;1;';';';';';Y;;APTBLD;APPARTEMENTSGEBOUW - IMMEUBLE A APPARTEMENTS;NA;;;';;';;Y;;;;'12/07/2019 07:28:35
;;;Zoning;6807323;'20200219142313;W03-C-Antwerpen-West-FH07;6807323;'20200219142313;W03-C-Antwerpen-West-FH07;19084;FTTH-Cu;11382488;'20191021145325;'Nationalestraat 138 - 140 - 142;;;;;;;11378837;'20191021145405;2025474;'1630000;'22002;Nationalestraat;'140;';2000;Antwerpen;;'152005,272;'211461,091;';Y;NA;5;4;Unknown;Unknown;;None;;;';IFH_BATCH;'12/07/2019 07:43:22;;Y;;;;'12/07/2019 07:28:35;1;11086288;;LU;1;';';';';';;;;;;;;';;';;Y;;;;'12/07/2019 07:28:35
;;;Zoning;6807323;'20200219142313;W03-C-Antwerpen-West-FH07;6807323;'20200219142313;W03-C-Antwerpen-West-FH07;19084;FTTH-Cu;11382488;'20191021145325;'Nationalestraat 138 - 140 - 142;;;;;;;11378837;'20191021145405;2025474;'1630000;'22002;Nationalestraat;'140;';2000;Antwerpen;;'152005,272;'211461,091;';Y;NA;5;4;Unknown;Unknown;;None;;;';IFH_BATCH;'12/07/2019 07:43:22;;Y;;;;'12/07/2019 07:28:35;2;11086289;;LU;1;';';';';';;;;;;;;';;';;Y;;;;'12/07/2019 07:28:35
;;;Zoning;6807323;'20200219142313;W03-C-Antwerpen-West-FH07;6807323;'20200219142313;W03-C-Antwerpen-West-FH07;19084;FTTH-Cu;11382488;'20191021145325;'Nationalestraat 138 - 140 - 142;;;;;;;11378837;'20191021145405;2025474;'1630000;'22002;Nationalestraat;'140;';2000;Antwerpen;;'152005,272;'211461,091;';Y;NA;5;4;Unknown;Unknown;;None;;;';IFH_BATCH;'12/07/2019 07:43:22;;Y;;;;'12/07/2019 07:28:35;3;11086290;;LU;1;';';';';';;;;;;;;';;';;Y;;;;'12/07/2019 07:28:35
;;;Zoning;6807323;'20200219142313;W03-C-Antwerpen-West-FH07;6807323;'20200219142313;W03-C-Antwerpen-West-FH07;19084;FTTH-Cu;11382488;'20191021145325;'Nationalestraat 138 - 140 - 142;;;;;;;11378837;'20191021145405;2025474;'1630000;'22002;Nationalestraat;'140;';2000;Antwerpen;;'152005,272;'211461,091;';Y;NA;5;4;Unknown;Unknown;;None;;;';IFH_BATCH;'12/07/2019 07:43:22;;Y;;;;'12/07/2019 07:28:35;4;11086291;;LU;1;';';';';';;;;;;;;';;';;Y;;;;'12/07/2019 07:28:35
;;;Zoning;6807323;'20200219142313;W03-C-Antwerpen-West-FH07;6807323;'20200219142313;W03-C-Antwerpen-West-FH07;19084;FTTH-Cu;11382488;'20191021145325;'Nationalestraat 138 - 140 - 142;;;;;;;11378837;'20191021145405;2025474;'1630000;'22002;Nationalestraat;'140;';2000;Antwerpen;;'152005,272;'211461,091;';Y;NA;5;4;Unknown;Unknown;;None;;;';IFH_BATCH;'12/07/2019 07:43:22;;Y;;;;'12/07/2019 07:28:35;5;11086292;;LU;1;';';';';';;;;;;;;';;';;Y;;;;'12/07/2019 07:28:35
;;;Zoning;6807323;'20200219142313;W03-C-Antwerpen-West-FH07;6807323;'20200219142313;W03-C-Antwerpen-West-FH07;19084;FTTH-Cu;11382488;'20191021145325;'Nationalestraat 138 - 140 - 142;;;;;;;11378837;'20191021145405;2025474;'1630000;'22002;Nationalestraat;'140;';2000;Antwerpen;;'152005,272;'211461,091;';Y;NA;5;4;Unknown;Unknown;;None;;;';IFH_BATCH;'12/07/2019 07:43:22;;Y;;;;'12/07/2019 07:28:35;6;11086293;;LU;1;';';';';';;;;;;;;';;';;Y;;;;'12/07/2019 07:28:35
;;;Zoning;6807323;'20200219142313;W03-C-Antwerpen-West-FH07;6807323;'20200219142313;W03-C-Antwerpen-West-FH07;19084;FTTH-Cu;11382488;'20191021145325;'Nationalestraat 138 - 140 - 142;;;;;;;11378837;'20191021145405;2025474;'1630000;'22002;Nationalestraat;'140;';2000;Antwerpen;;'152005,272;'211461,091;';Y;NA;5;4;Unknown;Unknown;;None;;;';IFH_BATCH;'12/07/2019 07:43:22;;Y;;;;'12/07/2019 07:28:35;7;11086294;;LU;1;';';';';';;;;;;;;';;';;Y;;;;'12/07/2019 07:28:35
;;;Zoning;6807323;'20200219142313;W03-C-Antwerpen-West-FH07;6807323;'20200219142313;W03-C-Antwerpen-West-FH07;19084;FTTH-Cu;11382488;'20191021145325;'Nationalestraat 138 - 140 - 142;;;;;;;11378837;'20191021145405;2025474;'1630000;'22002;Nationalestraat;'140;';2000;Antwerpen;;'152005,272;'211461,091;';Y;NA;5;4;Unknown;Unknown;;None;;;';IFH_BATCH;'12/07/2019 07:43:22;;Y;;;;'12/07/2019 07:28:35;8;11086295;;LU;1;';';';';';;;;;;;;';;';;Y;;;;'12/07/2019 07:28:35
;;;Zoning;6807323;'20200219142313;W03-C-Antwerpen-West-FH07;6807323;'20200219142313;W03-C-Antwerpen-West-FH07;19084;FTTH-Cu;11382488;'20191021145325;'Nationalestraat 138 - 140 - 142;;;;;;;11378837;'20191021145405;2025474;'1630000;'22002;Nationalestraat;'140;';2000;Antwerpen;;'152005,272;'211461,091;';Y;NA;5;4;Unknown;Unknown;;None;;;';IFH_BATCH;'12/07/2019 07:43:22;;Y;;;;'12/07/2019 07:28:35;9;11086296;;LU;1;';';';';';;;;;;;;';;';;Y;;;;'12/07/2019 07:28:35
;;;Zoning;6807323;'20200219142313;W03-C-Antwerpen-West-FH07;6807323;'20200219142313;W03-C-Antwerpen-West-FH07;19084;FTTH-Cu;11382488;'20191021145325;'Nationalestraat 138 - 140 - 142;;;;;;;11378837;'20191021145405;2025474;'1630000;'22002;Nationalestraat;'140;';2000;Antwerpen;;'152005,272;'211461,091;';Y;NA;5;4;Unknown;Unknown;;None;;;';IFH_BATCH;'12/07/2019 07:43:22;;Y;;;;'12/07/2019 07:28:35;10;11086297;;LU;1;';';';';';;;;;;;;';;';;Y;;;;'12/07/2019 07:28:35
;;;Zoning;6807323;'20200219142313;W03-C-Antwerpen-West-FH07;6807323;'20200219142313;W03-C-Antwerpen-West-FH07;19084;FTTH-Cu;11382488;'20191021145325;'Nationalestraat 138 - 140 - 142;;;;;;;11378837;'20191021145405;2025474;'1630000;'22002;Nationalestraat;'140;';2000;Antwerpen;;'152005,272;'211461,091;';Y;NA;5;4;Unknown;Unknown;;None;;;';IFH_BATCH;'12/07/2019 07:43:22;;Y;;;;'12/07/2019 07:28:35;11;11086298;;LU;1;';';';';';;;;;;;;';;';;Y;;;;'12/07/2019 07:28:35
;;;Zoning;6807323;'20200219142313;W03-C-Antwerpen-West-FH07;6807323;'20200219142313;W03-C-Antwerpen-West-FH07;19084;FTTH-Cu;11382488;'20191021145325;'Nationalestraat 138 - 140 - 142;;;;;;;11378837;'20191021145405;2025474;'1630000;'22002;Nationalestraat;'140;';2000;Antwerpen;;'152005,272;'211461,091;';Y;NA;5;4;Unknown;Unknown;;None;;;';IFH_BATCH;'12/07/2019 07:43:22;;Y;;;;'12/07/2019 07:28:35;12;11086299;;LU;1;';';';';';;;;;;;;';;';;Y;;;;'12/07/2019 07:28:35
;;;Zoning;6807323;'20200219142313;W03-C-Antwerpen-West-FH07;6807323;'20200219142313;W03-C-Antwerpen-West-FH07;19084;FTTH-Cu;11382488;'20191021145325;'Nationalestraat 138 - 140 - 142;;;;;;;11378837;'20191021145405;2025474;'1630000;'22002;Nationalestraat;'140;';2000;Antwerpen;;'152005,272;'211461,091;';Y;NA;5;4;Unknown;Unknown;;None;;;';IFH_BATCH;'12/07/2019 07:43:22;;Y;;;;'12/07/2019 07:28:35;13;11086300;;LU;1;';';';';';;;;;;;;';;';;Y;;;;'12/07/2019 07:28:35
;;;Zoning;6807323;'20200219142313;W03-C-Antwerpen-West-FH07;6807323;'20200219142313;W03-C-Antwerpen-West-FH07;19084;FTTH-Cu;11382488;'20191021145325;'Nationalestraat 138 - 140 - 142;;;;;;;11378837;'20191021145405;2025474;'1630000;'22002;Nationalestraat;'140;';2000;Antwerpen;;'152005,272;'211461,091;';Y;NA;5;4;Unknown;Unknown;;None;;;';IFH_BATCH;'12/07/2019 07:43:22;;Y;;;;'12/07/2019 07:28:35;14;11086301;;LU;1;';';';';';;;;;;;;';;';;Y;;;;'12/07/2019 07:28:35
;;;Zoning;6807323;'20200219142313;W03-C-Antwerpen-West-FH07;6807323;'20200219142313;W03-C-Antwerpen-West-FH07;19084;FTTH-Cu;11382488;'20191021145325;'Nationalestraat 138 - 140 - 142;;;;;;;11378837;'20191021145405;2025474;'1630000;'22002;Nationalestraat;'140;';2000;Antwerpen;;'152005,272;'211461,091;';Y;NA;5;4;Unknown;Unknown;;None;;;';IFH_BATCH;'12/07/2019 07:43:22;;Y;;;;'12/07/2019 07:28:35;15;11086302;;LU;1;';';';';';;;;;;;;';;';;Y;;;;'12/07/2019 07:28:35
;;;Zoning;6807323;'20200219142313;W03-C-Antwerpen-West-FH07;6807323;'20200219142313;W03-C-Antwerpen-West-FH07;19084;FTTH-Cu;11382488;'20191021145325;'Nationalestraat 138 - 140 - 142;;;;;;;11378837;'20191021145405;2025474;'1630000;'22002;Nationalestraat;'140;';2000;Antwerpen;;'152005,272;'211461,091;';Y;NA;5;4;Unknown;Unknown;;None;;;';IFH_BATCH;'12/07/2019 07:43:22;;Y;;;;'12/07/2019 07:28:35;16;11086303;;LU;1;';';';';';;;;;;;;';;';;Y;;;;'12/07/2019 07:28:35
;;;Zoning;6807323;'20200219142313;W03-C-Antwerpen-West-FH07;6807323;'20200219142313;W03-C-Antwerpen-West-FH07;19084;FTTH-Cu;11382488;'20191021145325;'Nationalestraat 138 - 140 - 142;;;;;;;11378837;'20191021145405;2025474;'1630000;'22002;Nationalestraat;'140;';2000;Antwerpen;;'152005,272;'211461,091;';Y;NA;5;4;Unknown;Unknown;;None;;;';IFH_BATCH;'12/07/2019 07:43:22;;Y;;;;'12/07/2019 07:28:35;17;11086305;;LU;1;';';';';';;;;;;;;';;';;Y;;;;'12/07/2019 07:28:35
;;;Zoning;6807323;'20200219142313;W03-C-Antwerpen-West-FH07;6807323;'20200219142313;W03-C-Antwerpen-West-FH07;19084;FTTH-Cu;11382488;'20191021145325;'Nationalestraat 138 - 140 - 142;;;;;;;11378837;'20191021145405;2025474;'1630000;'22002;Nationalestraat;'140;';2000;Antwerpen;;'152005,272;'211461,091;';Y;NA;5;4;Unknown;Unknown;;None;;;';IFH_BATCH;'12/07/2019 07:43:22;;Y;;;;'12/07/2019 07:28:35;18;11086306;;LU;1;';';';';';;;;;;;;';;';;Y;;;;'12/07/2019 07:28:35
;;;Zoning;6807323;'20200219142313;W03-C-Antwerpen-West-FH07;6807323;'20200219142313;W03-C-Antwerpen-West-FH07;19084;FTTH-Cu;11382488;'20191021145325;'Nationalestraat 138 - 140 - 142;;;;;;;11378837;'20191021145405;2025474;'1630000;'22002;Nationalestraat;'140;';2000;Antwerpen;;'152005,272;'211461,091;';Y;NA;5;4;Unknown;Unknown;;None;;;';IFH_BATCH;'12/07/2019 07:43:22;;Y;;;;'12/07/2019 07:28:35;19;11086307;;LU;1;';';';';';;;;;;;;';;';;Y;;;;'12/07/2019 07:28:35
;;;Zoning;6807323;'20200219142313;W03-C-Antwerpen-West-FH07;6807323;'20200219142313;W03-C-Antwerpen-West-FH07;19084;FTTH-Cu;11382488;'20191021145325;'Nationalestraat 138 - 140 - 142;;;;;;;11378837;'20191021145405;2025474;'1630000;'22002;Nationalestraat;'140;';2000;Antwerpen;;'152005,272;'211461,091;';Y;NA;5;4;Unknown;Unknown;;None;;;';IFH_BATCH;'12/07/2019 07:43:22;;Y;;;;'12/07/2019 07:28:35;20;11086308;;LU;1;';';';';';;;;;;;;';;';;Y;;;;'12/07/2019 07:28:35
;;;Zoning;6807323;'20200219142313;W03-C-Antwerpen-West-FH07;6807323;'20200219142313;W03-C-Antwerpen-West-FH07;19084;FTTH-Cu;11382488;'20191021145325;'Nationalestraat 138 - 140 - 142;;;;;;;11378837;'20191021145405;2025474;'1630000;'22002;Nationalestraat;'140;';2000;Antwerpen;;'152005,272;'211461,091;';Y;NA;5;4;Unknown;Unknown;;None;;;';IFH_BATCH;'12/07/2019 07:43:22;;Y;;;;'12/07/2019 07:28:35;21;11086309;;LU;1;';';';';';;;;;;;;';;';;Y;;;;'12/07/2019 07:28:35
;;;Zoning;6807323;'20200219142313;W03-C-Antwerpen-West-FH07;6807323;'20200219142313;W03-C-Antwerpen-West-FH07;19084;FTTH-Cu;11382488;'20191021145325;'Nationalestraat 138 - 140 - 142;;;;;;;11378837;'20191021145405;2025474;'1630000;'22002;Nationalestraat;'140;';2000;Antwerpen;;'152005,272;'211461,091;';Y;NA;5;4;Unknown;Unknown;;None;;;';IFH_BATCH;'12/07/2019 07:43:22;;Y;;;;'12/07/2019 07:28:35;22;11086310;;LU;1;';';';';';;;;;;;;';;';;Y;;;;'12/07/2019 07:28:35
;;;Zoning;6807323;'20200219142313;W03-C-Antwerpen-West-FH07;6807323;'20200219142313;W03-C-Antwerpen-West-FH07;19084;FTTH-Cu;11382488;'20191021145325;'Nationalestraat 138 - 140 - 142;;;;;;;11378837;'20191021145405;2025474;'1630000;'22002;Nationalestraat;'140;';2000;Antwerpen;;'152005,272;'211461,091;';Y;NA;5;4;Unknown;Unknown;;None;;;';IFH_BATCH;'12/07/2019 07:43:22;;Y;;;;'12/07/2019 07:28:35;23;11086311;;LU;1;';';';';';;;;;;;;';;';;Y;;;;'12/07/2019 07:28:35
;;;Zoning;6807323;'20200219142313;W03-C-Antwerpen-West-FH07;6807323;'20200219142313;W03-C-Antwerpen-West-FH07;19084;FTTH-Cu;11382488;'20191021145325;'Nationalestraat 138 - 140 - 142;;;;;;;11378837;'20191021145405;2025474;'1630000;'22002;Nationalestraat;'140;';2000;Antwerpen;;'152005,272;'211461,091;';Y;NA;5;4;Unknown;Unknown;;None;;;';IFH_BATCH;'12/07/2019 07:43:22;;Y;;;;'12/07/2019 07:28:35;24;11086312;;LU;1;';';';';';;;;;;;;';;';;Y;;;;'12/07/2019 07:28:35
;;;Zoning;6807323;'20200219142313;W03-C-Antwerpen-West-FH07;6807323;'20200219142313;W03-C-Antwerpen-West-FH07;19084;FTTH-Cu;11382488;'20191021145325;'Nationalestraat 138 - 140 - 142;;;;;;;11378861;'20191021145308;2025485;'1630000;'22002;Nationalestraat;'142;';2000;Antwerpen;;'152006,547;'211457,825;';Y;NA;5;4;Unknown;Unknown;;None;;;';IFH_BATCH;'12/07/2019 07:43:25;;Y;;;;'12/07/2019 07:28:35;1;11086313;;BU;1;';';';';';;;;;;;;';;';;Y;;;;'12/07/2019 07:28:35
;;;Zoning;6807323;'20200219142313;W03-C-Antwerpen-West-FH07;6807323;'20200219142313;W03-C-Antwerpen-West-FH07;19084;FTTH-Cu;;';';;;;;;;664368;'20191021145417;2025490;'1630000;'22002;Nationalestraat;'144;';2000;Antwerpen;;'152004,218;'211453,016;';Y;NA;5;15;Unknown;Unknown;;None;;;';;';;Y;;;;'15/01/2019 12:41:18;1;1657787;;LU;1;';';';';';Y;;HOUSE;WONING - MAISON;NA;;;';;';;Y;;;;'15/01/2019 12:41:18
;;;Zoning;6807323;'20200219142313;W03-C-Antwerpen-West-FH07;6807323;'20200219142313;W03-C-Antwerpen-West-FH07;19084;FTTH-Cu;;';';;;;;;;664368;'20191021145417;2025490;'1630000;'22002;Nationalestraat;'144;';2000;Antwerpen;;'152004,218;'211453,016;';Y;NA;5;15;Unknown;Unknown;;None;;;';;';;Y;;;;'15/01/2019 12:41:18;2;1657788;;LU;1;';';';';';Y;;HOUSE;WONING - MAISON;NA;;;';;';;Y;;;;'15/01/2019 12:41:18
;;;Zoning;6807323;'20200219142313;W03-C-Antwerpen-West-FH07;6807323;'20200219142313;W03-C-Antwerpen-West-FH07;19084;FTTH-Cu;;';';;;;;;;664368;'20191021145417;2025490;'1630000;'22002;Nationalestraat;'144;';2000;Antwerpen;;'152004,218;'211453,016;';Y;NA;5;15;Unknown;Unknown;;None;;;';;';;Y;;;;'15/01/2019 12:41:18;3;1657789;;LU;1;';';';';';Y;;HOUSE;WONING - MAISON;NA;;;';;';;Y;;;;'15/01/2019 12:41:18
;;;Zoning;6807323;'20200219142313;W03-C-Antwerpen-West-FH07;6807323;'20200219142313;W03-C-Antwerpen-West-FH07;19084;FTTH-Cu;;';';;;;;;;664368;'20191021145417;2025490;'1630000;'22002;Nationalestraat;'144;';2000;Antwerpen;;'152004,218;'211453,016;';Y;NA;5;15;Unknown;Unknown;;None;;;';;';;Y;;;;'15/01/2019 12:41:18;4;1657790;;LU;1;';';';';';Y;;HOUSE;WONING - MAISON;NA;;;';;';;Y;;;;'15/01/2019 12:41:18
;;;Zoning;6807323;'20200219142313;W03-C-Antwerpen-West-FH07;6807323;'20200219142313;W03-C-Antwerpen-West-FH07;19084;FTTH-Cu;;';';;;;;;;664368;'20191021145417;2025490;'1630000;'22002;Nationalestraat;'144;';2000;Antwerpen;;'152004,218;'211453,016;';Y;NA;5;15;Unknown;Unknown;;None;;;';;';;Y;;;;'15/01/2019 12:41:18;5;11086773;;BU;1;';';';';';;;;;;;;';;';;Y;;;;'15/01/2019 12:41:18
;;;Zoning;6807323;'20200219142313;W03-C-Antwerpen-West-FH07;6807323;'20200219142313;W03-C-Antwerpen-West-FH07;19084;FTTH-Cu;;';';;;;;;;664368;'20191021145417;2025490;'1630000;'22002;Nationalestraat;'144;';2000;Antwerpen;;'152004,218;'211453,016;';Y;NA;5;15;Unknown;Unknown;;None;;;';;';;Y;;;;'15/01/2019 12:41:18;6;11086774;;LU;1;';';';';';;;;;;;;';;';;Y;;;;'15/01/2019 12:41:18
;;;Zoning;6807323;'20200219142313;W03-C-Antwerpen-West-FH07;6807323;'20200219142313;W03-C-Antwerpen-West-FH07;19084;FTTH-Cu;;';';;;;;;;664368;'20191021145417;2025490;'1630000;'22002;Nationalestraat;'144;';2000;Antwerpen;;'152004,218;'211453,016;';Y;NA;5;15;Unknown;Unknown;;None;;;';;';;Y;;;;'15/01/2019 12:41:18;7;11086775;;LU;1;';';';';';;;;;;;;';;';;Y;;;;'15/01/2019 12:41:18
;;;Zoning;6807323;'20200219142313;W03-C-Antwerpen-West-FH07;6807323;'20200219142313;W03-C-Antwerpen-West-FH07;19084;FTTH-Cu;;';';;;;;;;664368;'20191021145417;2025490;'1630000;'22002;Nationalestraat;'144;';2000;Antwerpen;;'152004,218;'211453,016;';Y;NA;5;15;Unknown;Unknown;;None;;;';;';;Y;;;;'15/01/2019 12:41:18;8;11086776;;LU;1;';';';';';;;;;;;;';;';;Y;;;;'15/01/2019 12:41:18
;;;Zoning;6807323;'20200219142313;W03-C-Antwerpen-West-FH07;6807323;'20200219142313;W03-C-Antwerpen-West-FH07;19084;FTTH-Cu;;';';;;;;;;664370;'20191021145426;2025505;'1630000;'22002;Nationalestraat;'146;';2000;Antwerpen;;'152002,568;'211448,357;';Y;NA;5;18;Unknown;Unknown;;None;;;';;';;Y;;;;'15/01/2019 12:41:18;1;1658647;;BU;1;';';';';';Y;;COMM;HANDELSZAAK - COMMERCE;NA;;;';;';;Y;;;;'15/01/2019 12:41:18
;;;Zoning;6807323;'20200219142313;W03-C-Antwerpen-West-FH07;6807323;'20200219142313;W03-C-Antwerpen-West-FH07;19084;FTTH-Cu;;';';;;;;;;664370;'20191021145426;2025505;'1630000;'22002;Nationalestraat;'146;';2000;Antwerpen;;'152002,568;'211448,357;';Y;NA;5;18;Unknown;Unknown;;None;;;';;';;Y;;;;'15/01/2019 12:41:18;2;1658648;;LU;1;';';';';';Y;;COMM;HANDELSZAAK - COMMERCE;NA;;;';;';;Y;;;;'15/01/2019 12:41:18
;;;Zoning;6807323;'20200219142313;W03-C-Antwerpen-West-FH07;6807323;'20200219142313;W03-C-Antwerpen-West-FH07;19084;FTTH-Cu;;';';;;;;;;664370;'20191021145426;2025505;'1630000;'22002;Nationalestraat;'146;';2000;Antwerpen;;'152002,568;'211448,357;';Y;NA;5;18;Unknown;Unknown;;None;;;';;';;Y;;;;'15/01/2019 12:41:18;3;11086777;;LU;1;';';';';';;;;;;;;';;';;Y;;;;'15/01/2019 12:41:18
;;;Zoning;6807323;'20200219142313;W03-C-Antwerpen-West-FH07;6807323;'20200219142313;W03-C-Antwerpen-West-FH07;19084;FTTH-Cu;;';';;;;;;;664370;'20191021145426;2025505;'1630000;'22002;Nationalestraat;'146;';2000;Antwerpen;;'152002,568;'211448,357;';Y;NA;5;18;Unknown;Unknown;;None;;;';;';;Y;;;;'15/01/2019 12:41:18;4;11086778;;LU;1;';';';';';;;;;;;;';;';;Y;;;;'15/01/2019 12:41:18
;;;Zoning;6807323;'20200219142313;W03-C-Antwerpen-West-FH07;6807323;'20200219142313;W03-C-Antwerpen-West-FH07;19084;FTTH-Cu;;';';;;;;;;726217;'20191021145437;976538;'1630000;'22002;Nationalestraat;'148;';2000;Antwerpen;;'152001,412;'211442,029;';Y;NA;4;13;Unknown;Unknown;;None;;;';;';;Y;;;;'15/01/2019 12:41:18;1;1659035;;LU;1;';';';';';Y;#A1;APPART;DEEL_APP_GEBOUW - PARTIE_IMMEUBLE_APP;APPART;;;';;';;Y;;;;'15/01/2019 12:41:18
;;;Zoning;6807323;'20200219142313;W03-C-Antwerpen-West-FH07;6807323;'20200219142313;W03-C-Antwerpen-West-FH07;19084;FTTH-Cu;;';';;;;;;;726217;'20191021145437;976538;'1630000;'22002;Nationalestraat;'148;';2000;Antwerpen;;'152001,412;'211442,029;';Y;NA;4;13;Unknown;Unknown;;None;;;';;';;Y;;;;'15/01/2019 12:41:18;2;1659055;;LU;1;';';';';';Y;#A2;APPART;DEEL_APP_GEBOUW - PARTIE_IMMEUBLE_APP;APPART;;;';;';;Y;;;;'15/01/2019 12:41:18
;;;Zoning;6807323;'20200219142313;W03-C-Antwerpen-West-FH07;6807323;'20200219142313;W03-C-Antwerpen-West-FH07;19084;FTTH-Cu;;';';;;;;;;726217;'20191021145437;976538;'1630000;'22002;Nationalestraat;'148;';2000;Antwerpen;;'152001,412;'211442,029;';Y;NA;4;13;Unknown;Unknown;;None;;;';;';;Y;;;;'15/01/2019 12:41:18;3;1659075;;LU;1;';';';';';Y;#A3.4;APPART;DEEL_APP_GEBOUW - PARTIE_IMMEUBLE_APP;APPART;;;';;';;Y;;;;'15/01/2019 12:41:18
;;;Zoning;6807323;'20200219142313;W03-C-Antwerpen-West-FH07;6807323;'20200219142313;W03-C-Antwerpen-West-FH07;19084;FTTH-Cu;;';';;;;;;;726217;'20191021145437;976538;'1630000;'22002;Nationalestraat;'148;';2000;Antwerpen;;'152001,412;'211442,029;';Y;NA;4;13;Unknown;Unknown;;None;;;';;';;Y;;;;'15/01/2019 12:41:18;4;1659115;;BU;1;';';';';';Y;#HA.OG.GV;APPART;DEEL_APP_GEBOUW - PARTIE_IMMEUBLE_APP;COMM;;;';;';;Y;;;;'15/01/2019 12:41:18
;;;Zoning;6807323;'20200219142313;W03-C-Antwerpen-West-FH07;6807323;'20200219142313;W03-C-Antwerpen-West-FH07;19084;FTTH-Cu;;';';;;;;;;699916;'20190712080933;44379;'1630000;'22851;Oever;'1;';2000;Antwerpen;;'151981,537;'212021,965;';Y;NA;4;4;Unknown;Unknown;;None;;;';IFH_BATCH;'12/07/2019 07:34:00;;Y;;;;'12/07/2019 07:28:35;1;1615270;;BU;1;';';';';';Y;;COMM;HANDELSZAAK - COMMERCE;NA;;;';;';;Y;;;;'12/07/2019 07:28:35
;;;Zoning;6807323;'20200219142313;W03-C-Antwerpen-West-FH07;6807323;'20200219142313;W03-C-Antwerpen-West-FH07;19084;FTTH-Cu;;';';;;;;;;699916;'20190712080933;44379;'1630000;'22851;Oever;'1;';2000;Antwerpen;;'151981,537;'212021,965;';Y;NA;4;4;Unknown;Unknown;;None;;;';IFH_BATCH;'12/07/2019 07:34:00;;Y;;;;'12/07/2019 07:28:35;2;1615271;;LU;1;';';';';';Y;;COMM;HANDELSZAAK - COMMERCE;NA;;;';;';;Y;;;;'12/07/2019 07:28:35
;;;Zoning;6807323;'20200219142313;W03-C-Antwerpen-West-FH07;6807323;'20200219142313;W03-C-Antwerpen-West-FH07;19084;FTTH-Cu;;';';;;;;;;699916;'20190712080933;44379;'1630000;'22851;Oever;'1;';2000;Antwerpen;;'151981,537;'212021,965;';Y;NA;4;4;Unknown;Unknown;;None;;;';IFH_BATCH;'12/07/2019 07:34:00;;Y;;;;'12/07/2019 07:28:35;3;1615272;;LU;1;';';';';';Y;;COMM;HANDELSZAAK - COMMERCE;NA;;;';;';;Y;;;;'12/07/2019 07:28:35
;;;Zoning;6807323;'20200219142313;W03-C-Antwerpen-West-FH07;6807323;'20200219142313;W03-C-Antwerpen-West-FH07;19084;FTTH-Cu;;';';;;;;;;699916;'20190712080933;44379;'1630000;'22851;Oever;'1;';2000;Antwerpen;;'151981,537;'212021,965;';Y;NA;4;4;Unknown;Unknown;;None;;;';IFH_BATCH;'12/07/2019 07:34:00;;Y;;;;'12/07/2019 07:28:35;4;11086779;;LU;1;';';';';';;;;;;;;';;';;Y;;;;'12/07/2019 07:28:35
;;;Zoning;6807323;'20200219142313;W03-C-Antwerpen-West-FH07;6807323;'20200219142313;W03-C-Antwerpen-West-FH07;19084;FTTH-Cu;;';';;;;;;;665213;'20190604080306;2030142;'1630000;'22851;Oever;'3;';2000;Antwerpen;;'151983,825;'212016,223;';Y;NA;3;9;Unknown;Unknown;;None;;;';;';;Y;;;;'15/01/2019 12:41:18;1;1741781;;BU;1;';';';';';Y;;COMM;HANDELSZAAK - COMMERCE;NA;;;';;';;Y;;;;'15/01/2019 12:41:18
;;;Zoning;6807323;'20200219142313;W03-C-Antwerpen-West-FH07;6807323;'20200219142313;W03-C-Antwerpen-West-FH07;19084;FTTH-Cu;;';';;;;;;;665213;'20190604080306;2030142;'1630000;'22851;Oever;'3;';2000;Antwerpen;;'151983,825;'212016,223;';Y;NA;3;9;Unknown;Unknown;;None;;;';;';;Y;;;;'15/01/2019 12:41:18;2;1741782;;LU;1;';';';';';Y;;COMM;HANDELSZAAK - COMMERCE;NA;;;';;';;Y;;;;'15/01/2019 12:41:18
;;;Zoning;6807323;'20200219142313;W03-C-Antwerpen-West-FH07;6807323;'20200219142313;W03-C-Antwerpen-West-FH07;19084;FTTH-Cu;;';';;;;;;;665213;'20190604080306;2030142;'1630000;'22851;Oever;'3;';2000;Antwerpen;;'151983,825;'212016,223;';Y;NA;3;9;Unknown;Unknown;;None;;;';;';;Y;;;;'15/01/2019 12:41:18;3;1741783;;LU;1;';';';';';Y;;COMM;HANDELSZAAK - COMMERCE;NA;;;';;';;Y;;;;'15/01/2019 12:41:18
;;;Zoning;6807323;'20200219142313;W03-C-Antwerpen-West-FH07;6807323;'20200219142313;W03-C-Antwerpen-West-FH07;19084;FTTH-Cu;;';';;;;;;;665215;'20190712080922;2030150;'1630000;'22851;Oever;'5;';2000;Antwerpen;;'151981,929;'212011,799;';Y;NA;3;4;Unknown;Unknown;;None;;;';IFH_BATCH;'12/07/2019 07:34:02;;Y;;;;'12/07/2019 07:28:35;1;1803015;;BU;1;';';';';';Y;;HOUSE;WONING - MAISON;NA;;;';;';;Y;;;;'12/07/2019 07:28:35
;;;Zoning;6807323;'20200219142313;W03-C-Antwerpen-West-FH07;6807323;'20200219142313;W03-C-Antwerpen-West-FH07;19084;FTTH-Cu;;';';;;;;;;665217;'20190712080922;2030159;'1630000;'22851;Oever;'7;';2000;Antwerpen;;'151978,959;'212007,439;';Y;NA;4;4;Unknown;Unknown;;None;;;';IFH_BATCH;'12/07/2019 07:34:04;;Y;;;;'12/07/2019 07:28:35;1;1841866;;LU;1;';';';';';Y;;HOUSE;WONING - MAISON;NA;;;';;';;Y;;;;'12/07/2019 07:28:35
;;;Zoning;6807323;'20200219142313;W03-C-Antwerpen-West-FH07;6807323;'20200219142313;W03-C-Antwerpen-West-FH07;19084;FTTH-Cu;11382573;'20200219143017;'Korte ridderstraat 20 -16 - 14 en Oever 9 - 11 - 13;;;;;;;665218;'20200219142947;2030164;'1630000;'22851;Oever;'9;';2000;Antwerpen;;'151978,875;'212003,311;';Y;NA;4;12;Unknown;Unknown;;None;;;';;';;Y;;;;'15/01/2019 12:41:18;1;1867694;;LU;1;';';';';';Y;;HOUSE;WONING - MAISON;NA;;;';;';;Y;;;;'15/01/2019 12:41:18
;;;Zoning;6807323;'20200219142313;W03-C-Antwerpen-West-FH07;6807323;'20200219142313;W03-C-Antwerpen-West-FH07;19084;FTTH-Cu;11382573;'20200219143017;'Korte ridderstraat 20 -16 - 14 en Oever 9 - 11 - 13;;;;;;;665218;'20200219142947;2030164;'1630000;'22851;Oever;'9;';2000;Antwerpen;;'151978,875;'212003,311;';Y;NA;4;12;Unknown;Unknown;;None;;;';;';;Y;;;;'15/01/2019 12:41:18;2;11086780;;LU;1;';';';';';;;;;;;;';;';;Y;;;;'15/01/2019 12:41:18
;;;Zoning;6807323;'20200219142313;W03-C-Antwerpen-West-FH07;6807323;'20200219142313;W03-C-Antwerpen-West-FH07;19084;FTTH-Cu;;';';;;;;;;699908;'20190712080933;44378;'1630000;'22851;Oever;'21;';2000;Antwerpen;;'151947,868;'211949,427;';N;MON;3;0;Unknown;Unknown;;None;;;';IFH_BATCH;'12/07/2019 07:34:07;;Y;;;;'12/07/2019 07:28:35;1;1703886;;LU;1;';';';';';Y;;HOUSE;WONING - MAISON;NA;;;';;';;Y;;;;'12/07/2019 07:28:35
;;;Zoning;6807323;'20200219142313;W03-C-Antwerpen-West-FH07;6807323;'20200219142313;W03-C-Antwerpen-West-FH07;19084;FTTH-Cu;;';';;;;;;;699908;'20190712080933;44378;'1630000;'22851;Oever;'21;';2000;Antwerpen;;'151947,868;'211949,427;';N;MON;3;0;Unknown;Unknown;;None;;;';IFH_BATCH;'12/07/2019 07:34:07;;Y;;;;'12/07/2019 07:28:35;2;11086827;;BU;1;';';';';';;;;;;;;';;';;Y;;;;'12/07/2019 07:28:35
;;;Zoning;6807323;'20200219142313;W03-C-Antwerpen-West-FH07;6807323;'20200219142313;W03-C-Antwerpen-West-FH07;19084;FTTH-Cu;;';';;;;;;;699908;'20190712080933;44378;'1630000;'22851;Oever;'21;';2000;Antwerpen;;'151947,868;'211949,427;';N;MON;3;0;Unknown;Unknown;;None;;;';IFH_BATCH;'12/07/2019 07:34:07;;Y;;;;'12/07/2019 07:28:35;3;11086828;;LU;1;';';';';';;;;;;;;';;';;Y;;;;'12/07/2019 07:28:35
;;;Zoning;6807323;'20200219142313;W03-C-Antwerpen-West-FH07;6807323;'20200219142313;W03-C-Antwerpen-West-FH07;19084;FTTH-Cu;;';';;;;;;;699908;'20190712080933;44378;'1630000;'22851;Oever;'21;';2000;Antwerpen;;'151947,868;'211949,427;';N;MON;3;0;Unknown;Unknown;;None;;;';IFH_BATCH;'12/07/2019 07:34:07;;Y;;;;'12/07/2019 07:28:35;4;11086829;;LU;1;';';';';';;;;;;;;';;';;Y;;;;'12/07/2019 07:28:35
;;;Zoning;6807323;'20200219142313;W03-C-Antwerpen-West-FH07;6807323;'20200219142313;W03-C-Antwerpen-West-FH07;19084;FTTH-Cu;;';';;;;;;;665222;'20190712080922;2030234;'1630000;'22851;Oever;'23;';2000;Antwerpen;;'151939,084;'211945,067;';Y;NA;4;4;Unknown;Unknown;;None;;;';IFH_BATCH;'12/07/2019 07:34:09;;Y;;;;'12/07/2019 07:28:35;1;1710797;;LU;1;';';';';';Y;#A1/1A/K2;APPART;DEEL_APP_GEBOUW - PARTIE_IMMEUBLE_APP;APPART;;;';;';;Y;;;;'12/07/2019 07:28:35
;;;Zoning;6807323;'20200219142313;W03-C-Antwerpen-West-FH07;6807323;'20200219142313;W03-C-Antwerpen-West-FH07;19084;FTTH-Cu;;';';;;;;;;665222;'20190712080922;2030234;'1630000;'22851;Oever;'23;';2000;Antwerpen;;'151939,084;'211945,067;';Y;NA;4;4;Unknown;Unknown;;None;;;';IFH_BATCH;'12/07/2019 07:34:09;;Y;;;;'12/07/2019 07:28:35;2;1710803;;LU;1;';';';';';Y;#A1/1V/K1;APPART;DEEL_APP_GEBOUW - PARTIE_IMMEUBLE_APP;APPART;;;';;';;Y;;;;'12/07/2019 07:28:35
;;;Zoning;6807323;'20200219142313;W03-C-Antwerpen-West-FH07;6807323;'20200219142313;W03-C-Antwerpen-West-FH07;19084;FTTH-Cu;;';';;;;;;;665222;'20190712080922;2030234;'1630000;'22851;Oever;'23;';2000;Antwerpen;;'151939,084;'211945,067;';Y;NA;4;4;Unknown;Unknown;;None;;;';IFH_BATCH;'12/07/2019 07:34:09;;Y;;;;'12/07/2019 07:28:35;3;1711034;;LU;1;';';';';';Y;#A2/2A/K4;APPART;DEEL_APP_GEBOUW - PARTIE_IMMEUBLE_APP;APPART;;;';;';;Y;;;;'12/07/2019 07:28:35
;;;Zoning;6807323;'20200219142313;W03-C-Antwerpen-West-FH07;6807323;'20200219142313;W03-C-Antwerpen-West-FH07;19084;FTTH-Cu;;';';;;;;;;665222;'20190712080922;2030234;'1630000;'22851;Oever;'23;';2000;Antwerpen;;'151939,084;'211945,067;';Y;NA;4;4;Unknown;Unknown;;None;;;';IFH_BATCH;'12/07/2019 07:34:09;;Y;;;;'12/07/2019 07:28:35;4;1711045;;LU;1;';';';';';Y;#A2/2V/K3;APPART;DEEL_APP_GEBOUW - PARTIE_IMMEUBLE_APP;APPART;;;';;';;Y;;;;'12/07/2019 07:28:35
;;;Zoning;6807323;'20200219142313;W03-C-Antwerpen-West-FH07;6807323;'20200219142313;W03-C-Antwerpen-West-FH07;19084;FTTH-Cu;;';';;;;;;;665222;'20190712080922;2030234;'1630000;'22851;Oever;'23;';2000;Antwerpen;;'151939,084;'211945,067;';Y;NA;4;4;Unknown;Unknown;;None;;;';IFH_BATCH;'12/07/2019 07:34:09;;Y;;;;'12/07/2019 07:28:35;5;1711202;;LU;1;';';';';';Y;#A3/3A/;APPART;DEEL_APP_GEBOUW - PARTIE_IMMEUBLE_APP;APPART;;;';;';;Y;;;;'12/07/2019 07:28:35
;;;Zoning;6807323;'20200219142313;W03-C-Antwerpen-West-FH07;6807323;'20200219142313;W03-C-Antwerpen-West-FH07;19084;FTTH-Cu;;';';;;;;;;665222;'20190712080922;2030234;'1630000;'22851;Oever;'23;';2000;Antwerpen;;'151939,084;'211945,067;';Y;NA;4;4;Unknown;Unknown;;None;;;';IFH_BATCH;'12/07/2019 07:34:09;;Y;;;;'12/07/2019 07:28:35;6;1711212;;LU;1;';';';';';Y;#A3/3V/K5;APPART;DEEL_APP_GEBOUW - PARTIE_IMMEUBLE_APP;APPART;;;';;';;Y;;;;'12/07/2019 07:28:35
;;;Zoning;6807323;'20200219142313;W03-C-Antwerpen-West-FH07;6807323;'20200219142313;W03-C-Antwerpen-West-FH07;19084;FTTH-Cu;;';';;;;;;;665222;'20190712080922;2030234;'1630000;'22851;Oever;'23;';2000;Antwerpen;;'151939,084;'211945,067;';Y;NA;4;4;Unknown;Unknown;;None;;;';IFH_BATCH;'12/07/2019 07:34:09;;Y;;;;'12/07/2019 07:28:35;7;1711694;;LU;1;';';';';';Y;#HA.GV/GVL/KA.B.C.D.E;APPART;DEEL_APP_GEBOUW - PARTIE_IMMEUBLE_APP;COMM;;;';;';;Y;;;;'12/07/2019 07:28:35
;;;Zoning;6807323;'20200219142313;W03-C-Antwerpen-West-FH07;6807323;'20200219142313;W03-C-Antwerpen-West-FH07;19084;FTTH-Cu;;';';;;;;;;11377843;'20191016141706;4505201;'1630000;'22851;Oever;'25;';2000;Antwerpen;;'151934,143;'211943,183;';Y;NA;1;4;Unknown;Unknown;;None;;;';IFH_BATCH;'12/07/2019 07:34:14;;Y;;;;'12/07/2019 07:28:35;1;11086053;;BU;1;';';';';';;;;;;;;';;';;Y;;;;'12/07/2019 07:28:35
;;;Zoning;6807323;'20200219142313;W03-C-Antwerpen-West-FH07;6807323;'20200219142313;W03-C-Antwerpen-West-FH07;19084;FTTH-Cu;;';';;;;;;;699899;'20191016093401;44377;'1630000;'22851;Oever;'29;';2000;Antwerpen;;'151930,048;'211935,399;';Y;ORN;4;12;Unknown;Unknown;;None;;;';;';;Y;;;;'17/01/2019 15:49:17;1;1736300;;BU;1;';';';';';Y;;COMM;HANDELSZAAK - COMMERCE;NA;;;';;';;Y;;;;'17/01/2019 15:49:17
;;;Zoning;6807323;'20200219142313;W03-C-Antwerpen-West-FH07;6807323;'20200219142313;W03-C-Antwerpen-West-FH07;19084;FTTH-Cu;;';';;;;;;;11420948;'20190604080304;6353271;'1630000;'22851;Oever;'29;'A;2000;Antwerpen;;'151932,323;'211932,302;';N;ORN;4;12;Unknown;Unknown;;None;;;';;';;Y;;;;'17/01/2019 15:49:17;1;11087782;;LU;1;';';';';';;;;;;;;';;';;Y;;;;'17/01/2019 15:49:17
;;;Zoning;6807323;'20200219142313;W03-C-Antwerpen-West-FH07;6807323;'20200219142313;W03-C-Antwerpen-West-FH07;19084;FTTH-Cu;;';';;;;;;;726224;'20191021130143;976547;'1630000;'23723;Pachtstraat;'1;';2000;Antwerpen;;'151943,767;'211624,449;';Y;NA;5;15;Unknown;Unknown;;None;;;';;';;Y;;;;'15/01/2019 12:41:18;1;1615265;;LU;1;';';';';';Y;;COMM;HANDELSZAAK - COMMERCE;NA;;;';;';;Y;;;;'15/01/2019 12:41:18
;;;Zoning;6807323;'20200219142313;W03-C-Antwerpen-West-FH07;6807323;'20200219142313;W03-C-Antwerpen-West-FH07;19084;FTTH-Cu;;';';;;;;;;726224;'20191021130143;976547;'1630000;'23723;Pachtstraat;'1;';2000;Antwerpen;;'151943,767;'211624,449;';Y;NA;5;15;Unknown;Unknown;;None;;;';;';;Y;;;;'15/01/2019 12:41:18;2;11086830;;LU;1;';';';';';;;;;;;;';;';;Y;;;;'15/01/2019 12:41:18
;;;Zoning;6807323;'20200219142313;W03-C-Antwerpen-West-FH07;6807323;'20200219142313;W03-C-Antwerpen-West-FH07;19084;FTTH-Cu;;';';;;;;;;726224;'20191021130143;976547;'1630000;'23723;Pachtstraat;'1;';2000;Antwerpen;;'151943,767;'211624,449;';Y;NA;5;15;Unknown;Unknown;;None;;;';;';;Y;;;;'15/01/2019 12:41:18;3;11086831;;LU;1;';';';';';;;;;;;;';;';;Y;;;;'15/01/2019 12:41:18
;;;Zoning;6807323;'20200219142313;W03-C-Antwerpen-West-FH07;6807323;'20200219142313;W03-C-Antwerpen-West-FH07;19084;FTTH-Cu;;';';;;;;;;726224;'20191021130143;976547;'1630000;'23723;Pachtstraat;'1;';2000;Antwerpen;;'151943,767;'211624,449;';Y;NA;5;15;Unknown;Unknown;;None;;;';;';;Y;;;;'15/01/2019 12:41:18;4;11086832;;LU;1;';';';';';;;;;;;;';;';;Y;;;;'15/01/2019 12:41:18
;;;Zoning;6807323;'20200219142313;W03-C-Antwerpen-West-FH07;6807323;'20200219142313;W03-C-Antwerpen-West-FH07;19084;FTTH-Cu;;';';;;;;;;726224;'20191021130143;976547;'1630000;'23723;Pachtstraat;'1;';2000;Antwerpen;;'151943,767;'211624,449;';Y;NA;5;15;Unknown;Unknown;;None;;;';;';;Y;;;;'15/01/2019 12:41:18;5;11086833;;LU;1;';';';';';;;;;;;;';;';;Y;;;;'15/01/2019 12:41:18
;;;Zoning;6807323;'20200219142313;W03-C-Antwerpen-West-FH07;6807323;'20200219142313;W03-C-Antwerpen-West-FH07;19084;FTTH-Cu;;';';;;;;;;726224;'20191021130143;976547;'1630000;'23723;Pachtstraat;'1;';2000;Antwerpen;;'151943,767;'211624,449;';Y;NA;5;15;Unknown;Unknown;;None;;;';;';;Y;;;;'15/01/2019 12:41:18;6;11086834;;LU;1;';';';';';;;;;;;;';;';;Y;;;;'15/01/2019 12:41:18
;;;Zoning;6807323;'20200219142313;W03-C-Antwerpen-West-FH07;6807323;'20200219142313;W03-C-Antwerpen-West-FH07;19084;FTTH-Cu;;';';;;;;;;726224;'20191021130143;976547;'1630000;'23723;Pachtstraat;'1;';2000;Antwerpen;;'151943,767;'211624,449;';Y;NA;5;15;Unknown;Unknown;;None;;;';;';;Y;;;;'15/01/2019 12:41:18;7;11086835;;LU;1;';';';';';;;;;;;;';;';;Y;;;;'15/01/2019 12:41:18
;;;Zoning;6807323;'20200219142313;W03-C-Antwerpen-West-FH07;6807323;'20200219142313;W03-C-Antwerpen-West-FH07;19084;FTTH-Cu;;';';;;;;;;726224;'20191021130143;976547;'1630000;'23723;Pachtstraat;'1;';2000;Antwerpen;;'151943,767;'211624,449;';Y;NA;5;15;Unknown;Unknown;;None;;;';;';;Y;;;;'15/01/2019 12:41:18;8;11086836;;LU;1;';';';';';;;;;;;;';;';;Y;;;;'15/01/2019 12:41:18
;;;Zoning;6807323;'20200219142313;W03-C-Antwerpen-West-FH07;6807323;'20200219142313;W03-C-Antwerpen-West-FH07;19084;FTTH-Cu;;';';;;;;;;726224;'20191021130143;976547;'1630000;'23723;Pachtstraat;'1;';2000;Antwerpen;;'151943,767;'211624,449;';Y;NA;5;15;Unknown;Unknown;;None;;;';;';;Y;;;;'15/01/2019 12:41:18;9;11086837;;LU;1;';';';';';;;;;;;;';;';;Y;;;;'15/01/2019 12:41:18
;;;Zoning;6807323;'20200219142313;W03-C-Antwerpen-West-FH07;6807323;'20200219142313;W03-C-Antwerpen-West-FH07;19084;FTTH-Cu;;';';;;;;;;726224;'20191021130143;976547;'1630000;'23723;Pachtstraat;'1;';2000;Antwerpen;;'151943,767;'211624,449;';Y;NA;5;15;Unknown;Unknown;;None;;;';;';;Y;;;;'15/01/2019 12:41:18;10;11086838;;LU;1;';';';';';;;;;;;;';;';;Y;;;;'15/01/2019 12:41:18
;;;Zoning;6807323;'20200219142313;W03-C-Antwerpen-West-FH07;6807323;'20200219142313;W03-C-Antwerpen-West-FH07;19084;FTTH-Cu;;';';;;;;;;726224;'20191021130143;976547;'1630000;'23723;Pachtstraat;'1;';2000;Antwerpen;;'151943,767;'211624,449;';Y;NA;5;15;Unknown;Unknown;;None;;;';;';;Y;;;;'15/01/2019 12:41:18;11;11086839;;LU;1;';';';';';;;;;;;;';;';;Y;;;;'15/01/2019 12:41:18
;;;Zoning;6807323;'20200219142313;W03-C-Antwerpen-West-FH07;6807323;'20200219142313;W03-C-Antwerpen-West-FH07;19084;FTTH-Cu;;';';;;;;;;726224;'20191021130143;976547;'1630000;'23723;Pachtstraat;'1;';2000;Antwerpen;;'151943,767;'211624,449;';Y;NA;5;15;Unknown;Unknown;;None;;;';;';;Y;;;;'15/01/2019 12:41:18;12;11086840;;LU;1;';';';';';;;;;;;;';;';;Y;;;;'15/01/2019 12:41:18
;;;Zoning;6807323;'20200219142313;W03-C-Antwerpen-West-FH07;6807323;'20200219142313;W03-C-Antwerpen-West-FH07;19084;FTTH-Cu;;';';;;;;;;726224;'20191021130143;976547;'1630000;'23723;Pachtstraat;'1;';2000;Antwerpen;;'151943,767;'211624,449;';Y;NA;5;15;Unknown;Unknown;;None;;;';;';;Y;;;;'15/01/2019 12:41:18;13;11086841;;LU;1;';';';';';;;;;;;;';;';;Y;;;;'15/01/2019 12:41:18
;;;Zoning;6807323;'20200219142313;W03-C-Antwerpen-West-FH07;6807323;'20200219142313;W03-C-Antwerpen-West-FH07;19084;FTTH-Cu;11382537;'20191021142022;'Pachtstraat 2 en 4;;;;;;;726047;'20191021141856;972786;'1630000;'23723;Pachtstraat;'2;';2000;Antwerpen;;'151911,635;'211632,96;';N;ORN;5;15;Unknown;Unknown;;None;;;';;';;Y;;;;'15/01/2019 12:41:18;1;1693704;;LU;1;';';';';';Y;;APTBLD;APPARTEMENTSGEBOUW - IMMEUBLE A APPARTEMENTS;NA;;;';;';;Y;;;;'15/01/2019 12:41:18
;;;Zoning;6807323;'20200219142313;W03-C-Antwerpen-West-FH07;6807323;'20200219142313;W03-C-Antwerpen-West-FH07;19084;FTTH-Cu;11382537;'20191021142022;'Pachtstraat 2 en 4;;;;;;;726047;'20191021141856;972786;'1630000;'23723;Pachtstraat;'2;';2000;Antwerpen;;'151911,635;'211632,96;';N;ORN;5;15;Unknown;Unknown;;None;;;';;';;Y;;;;'15/01/2019 12:41:18;2;1693705;;LU;1;';';';';';Y;;APTBLD;APPARTEMENTSGEBOUW - IMMEUBLE A APPARTEMENTS;NA;;;';;';;Y;;;;'15/01/2019 12:41:18
;;;Zoning;6807323;'20200219142313;W03-C-Antwerpen-West-FH07;6807323;'20200219142313;W03-C-Antwerpen-West-FH07;19084;FTTH-Cu;11382537;'20191021142022;'Pachtstraat 2 en 4;;;;;;;726047;'20191021141856;972786;'1630000;'23723;Pachtstraat;'2;';2000;Antwerpen;;'151911,635;'211632,96;';N;ORN;5;15;Unknown;Unknown;;None;;;';;';;Y;;;;'15/01/2019 12:41:18;3;1693706;;LU;1;';';';';';Y;;APTBLD;APPARTEMENTSGEBOUW - IMMEUBLE A APPARTEMENTS;NA;;;';;';;Y;;;;'15/01/2019 12:41:18
;;;Zoning;6807323;'20200219142313;W03-C-Antwerpen-West-FH07;6807323;'20200219142313;W03-C-Antwerpen-West-FH07;19084;FTTH-Cu;11382537;'20191021142022;'Pachtstraat 2 en 4;;;;;;;726047;'20191021141856;972786;'1630000;'23723;Pachtstraat;'2;';2000;Antwerpen;;'151911,635;'211632,96;';N;ORN;5;15;Unknown;Unknown;;None;;;';;';;Y;;;;'15/01/2019 12:41:18;4;1693707;;LU;1;';';';';';Y;;APTBLD;APPARTEMENTSGEBOUW - IMMEUBLE A APPARTEMENTS;NA;;;';;';;Y;;;;'15/01/2019 12:41:18
;;;Zoning;6807323;'20200219142313;W03-C-Antwerpen-West-FH07;6807323;'20200219142313;W03-C-Antwerpen-West-FH07;19084;FTTH-Cu;;';';;;;;;;619028;'20191021132417;1494696;'1630000;'23723;Pachtstraat;'3;';2000;Antwerpen;;'151941,82;'211614,606;';Y;NA;4;12;Unknown;Unknown;;None;;;';;';;Y;;;;'15/01/2019 12:41:18;1;1741763;;LU;1;';';';';';Y;;HOUSE;WONING - MAISON;NA;;;';;';;Y;;;;'15/01/2019 12:41:18
;;;Zoning;6807323;'20200219142313;W03-C-Antwerpen-West-FH07;6807323;'20200219142313;W03-C-Antwerpen-West-FH07;19084;FTTH-Cu;;';';;;;;;;619028;'20191021132417;1494696;'1630000;'23723;Pachtstraat;'3;';2000;Antwerpen;;'151941,82;'211614,606;';Y;NA;4;12;Unknown;Unknown;;None;;;';;';;Y;;;;'15/01/2019 12:41:18;2;1741764;;LU;1;';';';';';Y;;HOUSE;WONING - MAISON;NA;;;';;';;Y;;;;'15/01/2019 12:41:18
;;;Zoning;6807323;'20200219142313;W03-C-Antwerpen-West-FH07;6807323;'20200219142313;W03-C-Antwerpen-West-FH07;19084;FTTH-Cu;;';';;;;;;;619028;'20191021132417;1494696;'1630000;'23723;Pachtstraat;'3;';2000;Antwerpen;;'151941,82;'211614,606;';Y;NA;4;12;Unknown;Unknown;;None;;;';;';;Y;;;;'15/01/2019 12:41:18;3;1741765;;LU;1;';';';';';Y;;HOUSE;WONING - MAISON;NA;;;';;';;Y;;;;'15/01/2019 12:41:18
;;;Zoning;6807323;'20200219142313;W03-C-Antwerpen-West-FH07;6807323;'20200219142313;W03-C-Antwerpen-West-FH07;19084;FTTH-Cu;;';';;;;;;;619028;'20191021132417;1494696;'1630000;'23723;Pachtstraat;'3;';2000;Antwerpen;;'151941,82;'211614,606;';Y;NA;4;12;Unknown;Unknown;;None;;;';;';;Y;;;;'15/01/2019 12:41:18;4;1741766;;LU;1;';';';';';Y;;HOUSE;WONING - MAISON;NA;;;';;';;Y;;;;'15/01/2019 12:41:18
;;;Zoning;6807323;'20200219142313;W03-C-Antwerpen-West-FH07;6807323;'20200219142313;W03-C-Antwerpen-West-FH07;19084;FTTH-Cu;;';';;;;;;;619028;'20191021132417;1494696;'1630000;'23723;Pachtstraat;'3;';2000;Antwerpen;;'151941,82;'211614,606;';Y;NA;4;12;Unknown;Unknown;;None;;;';;';;Y;;;;'15/01/2019 12:41:18;5;11086842;;LU;1;';';';';';;;;;;;;';;';;Y;;;;'15/01/2019 12:41:18
;;;Zoning;6807323;'20200219142313;W03-C-Antwerpen-West-FH07;6807323;'20200219142313;W03-C-Antwerpen-West-FH07;19084;FTTH-Cu;11382537;'20191021142022;'Pachtstraat 2 en 4;;;;;;;11377744;'20191021142005;6524941;'1630000;'23723;Pachtstraat;'4;';2000;Antwerpen;;'151910,097;'211628,175;';N;ORN;5;15;Unknown;Unknown;;None;;;';;';;Y;;;;'15/01/2019 12:41:18;1;11085963;;LU;1;';';';';';;;;;;;;';;';;Y;;;;'15/01/2019 12:41:18
;;;Zoning;6807323;'20200219142313;W03-C-Antwerpen-West-FH07;6807323;'20200219142313;W03-C-Antwerpen-West-FH07;19084;FTTH-Cu;11382537;'20191021142022;'Pachtstraat 2 en 4;;;;;;;11377744;'20191021142005;6524941;'1630000;'23723;Pachtstraat;'4;';2000;Antwerpen;;'151910,097;'211628,175;';N;ORN;5;15;Unknown;Unknown;;None;;;';;';;Y;;;;'15/01/2019 12:41:18;2;11085964;;LU;1;';';';';';;;;;;;;';;';;Y;;;;'15/01/2019 12:41:18
;;;Zoning;6807323;'20200219142313;W03-C-Antwerpen-West-FH07;6807323;'20200219142313;W03-C-Antwerpen-West-FH07;19084;FTTH-Cu;11382537;'20191021142022;'Pachtstraat 2 en 4;;;;;;;11377744;'20191021142005;6524941;'1630000;'23723;Pachtstraat;'4;';2000;Antwerpen;;'151910,097;'211628,175;';N;ORN;5;15;Unknown;Unknown;;None;;;';;';;Y;;;;'15/01/2019 12:41:18;3;11085965;;LU;1;';';';';';;;;;;;;';;';;Y;;;;'15/01/2019 12:41:18
;;;Zoning;6807323;'20200219142313;W03-C-Antwerpen-West-FH07;6807323;'20200219142313;W03-C-Antwerpen-West-FH07;19084;FTTH-Cu;11382537;'20191021142022;'Pachtstraat 2 en 4;;;;;;;11377744;'20191021142005;6524941;'1630000;'23723;Pachtstraat;'4;';2000;Antwerpen;;'151910,097;'211628,175;';N;ORN;5;15;Unknown;Unknown;;None;;;';;';;Y;;;;'15/01/2019 12:41:18;4;11085966;;LU;1;';';';';';;;;;;;;';;';;Y;;;;'15/01/2019 12:41:18
;;;Zoning;6807323;'20200219142313;W03-C-Antwerpen-West-FH07;6807323;'20200219142313;W03-C-Antwerpen-West-FH07;19084;FTTH-Cu;11382538;'20191021142123;'Pachtstraat 6,8;;;;;;;726048;'20191021142103;972787;'1630000;'23723;Pachtstraat;'6;';2000;Antwerpen;;'151907,879;'211621,023;';N;ORN;5;15;Unknown;Unknown;;None;;;';;';;Y;;;;'15/01/2019 12:41:18;1;1824232;;LU;1;';';';';';Y;;APTBLD;APPARTEMENTSGEBOUW - IMMEUBLE A APPARTEMENTS;NA;;;';;';;Y;;;;'15/01/2019 12:41:18
;;;Zoning;6807323;'20200219142313;W03-C-Antwerpen-West-FH07;6807323;'20200219142313;W03-C-Antwerpen-West-FH07;19084;FTTH-Cu;11382538;'20191021142123;'Pachtstraat 6,8;;;;;;;726048;'20191021142103;972787;'1630000;'23723;Pachtstraat;'6;';2000;Antwerpen;;'151907,879;'211621,023;';N;ORN;5;15;Unknown;Unknown;;None;;;';;';;Y;;;;'15/01/2019 12:41:18;2;1824233;;LU;1;';';';';';Y;;APTBLD;APPARTEMENTSGEBOUW - IMMEUBLE A APPARTEMENTS;NA;;;';;';;Y;;;;'15/01/2019 12:41:18
;;;Zoning;6807323;'20200219142313;W03-C-Antwerpen-West-FH07;6807323;'20200219142313;W03-C-Antwerpen-West-FH07;19084;FTTH-Cu;11382538;'20191021142123;'Pachtstraat 6,8;;;;;;;726048;'20191021142103;972787;'1630000;'23723;Pachtstraat;'6;';2000;Antwerpen;;'151907,879;'211621,023;';N;ORN;5;15;Unknown;Unknown;;None;;;';;';;Y;;;;'15/01/2019 12:41:18;3;1824234;;LU;1;';';';';';Y;;APTBLD;APPARTEMENTSGEBOUW - IMMEUBLE A APPARTEMENTS;NA;;;';;';;Y;;;;'15/01/2019 12:41:18
;;;Zoning;6807323;'20200219142313;W03-C-Antwerpen-West-FH07;6807323;'20200219142313;W03-C-Antwerpen-West-FH07;19084;FTTH-Cu;11382538;'20191021142123;'Pachtstraat 6,8;;;;;;;726048;'20191021142103;972787;'1630000;'23723;Pachtstraat;'6;';2000;Antwerpen;;'151907,879;'211621,023;';N;ORN;5;15;Unknown;Unknown;;None;;;';;';;Y;;;;'15/01/2019 12:41:18;4;1824235;;LU;1;';';';';';Y;;APTBLD;APPARTEMENTSGEBOUW - IMMEUBLE A APPARTEMENTS;NA;;;';;';;Y;;;;'15/01/2019 12:41:18
;;;Zoning;6807323;'20200219142313;W03-C-Antwerpen-West-FH07;6807323;'20200219142313;W03-C-Antwerpen-West-FH07;19084;FTTH-Cu;11382489;'20191021132447;'Pachtstraat 7 - 9 Prekersstraat 41;;;;;;;666966;'20191021132428;2038472;'1630000;'23723;Pachtstraat;'7;';2000;Antwerpen;;'151939,717;'211604,697;';Y;NA;4;12;Unknown;Unknown;;None;;;';;';;Y;;;;'15/01/2019 12:41:18;1;1841857;;BU;1;';';';';';Y;;CARE;ZORGINSTELLING - ETABLISSEMENT DE BIENFAISANCE;NA;;;';;';;Y;;;;'15/01/2019 12:41:18
;;;Zoning;6807323;'20200219142313;W03-C-Antwerpen-West-FH07;6807323;'20200219142313;W03-C-Antwerpen-West-FH07;19084;FTTH-Cu;11382538;'20191021142123;'Pachtstraat 6,8;;;;;;;11377747;'20191021142112;6524942;'1630000;'23723;Pachtstraat;'8;';2000;Antwerpen;;'151905,834;'211615,191;';N;ORN;5;15;Unknown;Unknown;;None;;;';;';;Y;;;;'15/01/2019 12:41:18;1;11085967;;LU;1;';';';';';;;;;;;;';;';;Y;;;;'15/01/2019 12:41:18
;;;Zoning;6807323;'20200219142313;W03-C-Antwerpen-West-FH07;6807323;'20200219142313;W03-C-Antwerpen-West-FH07;19084;FTTH-Cu;11382538;'20191021142123;'Pachtstraat 6,8;;;;;;;11377747;'20191021142112;6524942;'1630000;'23723;Pachtstraat;'8;';2000;Antwerpen;;'151905,834;'211615,191;';N;ORN;5;15;Unknown;Unknown;;None;;;';;';;Y;;;;'15/01/2019 12:41:18;2;11085968;;LU;1;';';';';';;;;;;;;';;';;Y;;;;'15/01/2019 12:41:18
;;;Zoning;6807323;'20200219142313;W03-C-Antwerpen-West-FH07;6807323;'20200219142313;W03-C-Antwerpen-West-FH07;19084;FTTH-Cu;11382538;'20191021142123;'Pachtstraat 6,8;;;;;;;11377747;'20191021142112;6524942;'1630000;'23723;Pachtstraat;'8;';2000;Antwerpen;;'151905,834;'211615,191;';N;ORN;5;15;Unknown;Unknown;;None;;;';;';;Y;;;;'15/01/2019 12:41:18;3;11085969;;LU;1;';';';';';;;;;;;;';;';;Y;;;;'15/01/2019 12:41:18
;;;Zoning;6807323;'20200219142313;W03-C-Antwerpen-West-FH07;6807323;'20200219142313;W03-C-Antwerpen-West-FH07;19084;FTTH-Cu;11382538;'20191021142123;'Pachtstraat 6,8;;;;;;;11377747;'20191021142112;6524942;'1630000;'23723;Pachtstraat;'8;';2000;Antwerpen;;'151905,834;'211615,191;';N;ORN;5;15;Unknown;Unknown;;None;;;';;';;Y;;;;'15/01/2019 12:41:18;4;11085970;;LU;1;';';';';';;;;;;;;';;';;Y;;;;'15/01/2019 12:41:18
;;;Zoning;6807323;'20200219142313;W03-C-Antwerpen-West-FH07;6807323;'20200219142313;W03-C-Antwerpen-West-FH07;19084;FTTH-Cu;11382489;'20191021132447;'Pachtstraat 7 - 9 Prekersstraat 41;;;;;;;666967;'20191021132438;2038479;'1630000;'23723;Pachtstraat;'9;';2000;Antwerpen;;'151938,026;'211598,55;';Y;NA;5;15;Unknown;Unknown;;None;;;';;';;Y;;;;'15/01/2019 12:41:18;1;1867685;;BU;1;';';';';';Y;;HOUSE;WONING - MAISON;NA;;;';;';;Y;;;;'15/01/2019 12:41:18
;;;Zoning;6807323;'20200219142313;W03-C-Antwerpen-West-FH07;6807323;'20200219142313;W03-C-Antwerpen-West-FH07;19084;FTTH-Cu;11382539;'20191021142243;'Pachtstraat 10,12;;;;;;;726049;'20191021142215;972788;'1630000;'23723;Pachtstraat;'10;';2000;Antwerpen;;'151903,685;'211607,613;';N;ORN;5;15;Unknown;Unknown;;None;;;';;';;Y;;;;'15/01/2019 12:41:18;1;1620902;;LU;1;';';';';';Y;;APTBLD;APPARTEMENTSGEBOUW - IMMEUBLE A APPARTEMENTS;NA;;;';;';;Y;;;;'15/01/2019 12:41:18
;;;Zoning;6807323;'20200219142313;W03-C-Antwerpen-West-FH07;6807323;'20200219142313;W03-C-Antwerpen-West-FH07;19084;FTTH-Cu;11382539;'20191021142243;'Pachtstraat 10,12;;;;;;;726049;'20191021142215;972788;'1630000;'23723;Pachtstraat;'10;';2000;Antwerpen;;'151903,685;'211607,613;';N;ORN;5;15;Unknown;Unknown;;None;;;';;';;Y;;;;'15/01/2019 12:41:18;2;1620903;;LU;1;';';';';';Y;;APTBLD;APPARTEMENTSGEBOUW - IMMEUBLE A APPARTEMENTS;NA;;;';;';;Y;;;;'15/01/2019 12:41:18
;;;Zoning;6807323;'20200219142313;W03-C-Antwerpen-West-FH07;6807323;'20200219142313;W03-C-Antwerpen-West-FH07;19084;FTTH-Cu;11382539;'20191021142243;'Pachtstraat 10,12;;;;;;;726049;'20191021142215;972788;'1630000;'23723;Pachtstraat;'10;';2000;Antwerpen;;'151903,685;'211607,613;';N;ORN;5;15;Unknown;Unknown;;None;;;';;';;Y;;;;'15/01/2019 12:41:18;3;1620904;;LU;1;';';';';';Y;;APTBLD;APPARTEMENTSGEBOUW - IMMEUBLE A APPARTEMENTS;NA;;;';;';;Y;;;;'15/01/2019 12:41:18
;;;Zoning;6807323;'20200219142313;W03-C-Antwerpen-West-FH07;6807323;'20200219142313;W03-C-Antwerpen-West-FH07;19084;FTTH-Cu;11382539;'20191021142243;'Pachtstraat 10,12;;;;;;;726049;'20191021142215;972788;'1630000;'23723;Pachtstraat;'10;';2000;Antwerpen;;'151903,685;'211607,613;';N;ORN;5;15;Unknown;Unknown;;None;;;';;';;Y;;;;'15/01/2019 12:41:18;4;1620905;;LU;1;';';';';';Y;;APTBLD;APPARTEMENTSGEBOUW - IMMEUBLE A APPARTEMENTS;NA;;;';;';;Y;;;;'15/01/2019 12:41:18
;;;Zoning;6807323;'20200219142313;W03-C-Antwerpen-West-FH07;6807323;'20200219142313;W03-C-Antwerpen-West-FH07;19084;FTTH-Cu;;';';;;;;;;726225;'20191021132401;976548;'1630000;'23723;Pachtstraat;'11;';2000;Antwerpen;;'151935,421;'211592,598;';Y;NA;4;12;Unknown;Unknown;;None;;;';;';;Y;;;;'15/01/2019 12:41:18;1;1628122;;LU;1;';';';';';Y;#A1/1/;APPART;DEEL_APP_GEBOUW - PARTIE_IMMEUBLE_APP;APPART;;;';;';;Y;;;;'15/01/2019 12:41:18
;;;Zoning;6807323;'20200219142313;W03-C-Antwerpen-West-FH07;6807323;'20200219142313;W03-C-Antwerpen-West-FH07;19084;FTTH-Cu;;';';;;;;;;726225;'20191021132401;976548;'1630000;'23723;Pachtstraat;'11;';2000;Antwerpen;;'151935,421;'211592,598;';Y;NA;4;12;Unknown;Unknown;;None;;;';;';;Y;;;;'15/01/2019 12:41:18;2;1628340;;LU;1;';';';';';Y;#A2/2/;APPART;DEEL_APP_GEBOUW - PARTIE_IMMEUBLE_APP;APPART;;;';;';;Y;;;;'15/01/2019 12:41:18
;;;Zoning;6807323;'20200219142313;W03-C-Antwerpen-West-FH07;6807323;'20200219142313;W03-C-Antwerpen-West-FH07;19084;FTTH-Cu;;';';;;;;;;726225;'20191021132401;976548;'1630000;'23723;Pachtstraat;'11;';2000;Antwerpen;;'151935,421;'211592,598;';Y;NA;4;12;Unknown;Unknown;;None;;;';;';;Y;;;;'15/01/2019 12:41:18;3;1628528;;LU;1;';';';';';Y;#A3/3/;APPART;DEEL_APP_GEBOUW - PARTIE_IMMEUBLE_APP;APPART;;;';;';;Y;;;;'15/01/2019 12:41:18
;;;Zoning;6807323;'20200219142313;W03-C-Antwerpen-West-FH07;6807323;'20200219142313;W03-C-Antwerpen-West-FH07;19084;FTTH-Cu;;';';;;;;;;726225;'20191021132401;976548;'1630000;'23723;Pachtstraat;'11;';2000;Antwerpen;;'151935,421;'211592,598;';Y;NA;4;12;Unknown;Unknown;;None;;;';;';;Y;;;;'15/01/2019 12:41:18;4;1628780;;LU;1;';';';';';Y;#AGV/0/;APPART;DEEL_APP_GEBOUW - PARTIE_IMMEUBLE_APP;APPART;;;';;';;Y;;;;'15/01/2019 12:41:18
;;;Zoning;6807323;'20200219142313;W03-C-Antwerpen-West-FH07;6807323;'20200219142313;W03-C-Antwerpen-West-FH07;19084;FTTH-Cu;11382539;'20191021142243;'Pachtstraat 10,12;;;;;;;11377755;'20191021142204;6524943;'1630000;'23723;Pachtstraat;'12;';2000;Antwerpen;;'151902,1;'211602,637;';N;ORN;5;15;Unknown;Unknown;;None;;;';;';;Y;;;;'15/01/2019 12:41:18;1;11085971;;LU;1;';';';';';;;;;;;;';;';;Y;;;;'15/01/2019 12:41:18
;;;Zoning;6807323;'20200219142313;W03-C-Antwerpen-West-FH07;6807323;'20200219142313;W03-C-Antwerpen-West-FH07;19084;FTTH-Cu;11382539;'20191021142243;'Pachtstraat 10,12;;;;;;;11377755;'20191021142204;6524943;'1630000;'23723;Pachtstraat;'12;';2000;Antwerpen;;'151902,1;'211602,637;';N;ORN;5;15;Unknown;Unknown;;None;;;';;';;Y;;;;'15/01/2019 12:41:18;2;11085972;;LU;1;';';';';';;;;;;;;';;';;Y;;;;'15/01/2019 12:41:18
;;;Zoning;6807323;'20200219142313;W03-C-Antwerpen-West-FH07;6807323;'20200219142313;W03-C-Antwerpen-West-FH07;19084;FTTH-Cu;11382539;'20191021142243;'Pachtstraat 10,12;;;;;;;11377755;'20191021142204;6524943;'1630000;'23723;Pachtstraat;'12;';2000;Antwerpen;;'151902,1;'211602,637;';N;ORN;5;15;Unknown;Unknown;;None;;;';;';;Y;;;;'15/01/2019 12:41:18;3;11085973;;LU;1;';';';';';;;;;;;;';;';;Y;;;;'15/01/2019 12:41:18
;;;Zoning;6807323;'20200219142313;W03-C-Antwerpen-West-FH07;6807323;'20200219142313;W03-C-Antwerpen-West-FH07;19084;FTTH-Cu;11382539;'20191021142243;'Pachtstraat 10,12;;;;;;;11377755;'20191021142204;6524943;'1630000;'23723;Pachtstraat;'12;';2000;Antwerpen;;'151902,1;'211602,637;';N;ORN;5;15;Unknown;Unknown;;None;;;';;';;Y;;;;'15/01/2019 12:41:18;4;11085974;;LU;1;';';';';';;;;;;;;';;';;Y;;;;'15/01/2019 12:41:18
;;;Zoning;6807323;'20200219142313;W03-C-Antwerpen-West-FH07;6807323;'20200219142313;W03-C-Antwerpen-West-FH07;19084;FTTH-Cu;11382544;'20191021142411;'Prekerstraat 33 - Pachtstraat 16;;;;;;;11377758;'20200110160302;6086727;'1630000;'23723;Pachtstraat;'16;';2000;Antwerpen;;'151900,287;'211595,641;';N;GLASS;2;10;Unknown;Unknown;;None;;;';;';;Y;;;;'15/01/2019 12:41:18;1;11085975;;LU;1;';';';';';;;;;;;;';;';;Y;;;;'15/01/2019 12:41:18
;;;Zoning;6807323;'20200219142313;W03-C-Antwerpen-West-FH07;6807323;'20200219142313;W03-C-Antwerpen-West-FH07;19084;FTTH-Cu;11382544;'20191021142411;'Prekerstraat 33 - Pachtstraat 16;;;;;;;11377758;'20200110160302;6086727;'1630000;'23723;Pachtstraat;'16;';2000;Antwerpen;;'151900,287;'211595,641;';N;GLASS;2;10;Unknown;Unknown;;None;;;';;';;Y;;;;'15/01/2019 12:41:18;2;11085976;;LU;1;';';';';';;;;;;;;';;';;Y;;;;'15/01/2019 12:41:18
;;;Zoning;6807323;'20200219142313;W03-C-Antwerpen-West-FH07;6807323;'20200219142313;W03-C-Antwerpen-West-FH07;19084;FTTH-Cu;11382544;'20191021142411;'Prekerstraat 33 - Pachtstraat 16;;;;;;;11377758;'20200110160302;6086727;'1630000;'23723;Pachtstraat;'16;';2000;Antwerpen;;'151900,287;'211595,641;';N;GLASS;2;10;Unknown;Unknown;;None;;;';;';;Y;;;;'15/01/2019 12:41:18;3;11085977;;LU;1;';';';';';;;;;;;;';;';;Y;;;;'15/01/2019 12:41:18
;;;Zoning;6807323;'20200219142313;W03-C-Antwerpen-West-FH07;6807323;'20200219142313;W03-C-Antwerpen-West-FH07;19084;FTTH-Cu;11382571;'20191018100142;'Pastoor Visschersplein 1- 2 - 3 - 4;;;;;;;691437;'20190712080928;3928777;'1630000;'45891;Pastoor Visschersplein;'1;';2000;Antwerpen;;'152005,865;'211867,482;';N;ORN;4;0;Unknown;Unknown;;None;;;';IFH_BATCH;'12/07/2019 07:40:43;;Y;;;;'12/07/2019 07:28:35;1;1615183;;LU;1;';';';';';Y;;APTBLD;APPARTEMENTSGEBOUW - IMMEUBLE A APPARTEMENTS;NA;;;';;';;Y;;;;'12/07/2019 07:28:35
;;;Zoning;6807323;'20200219142313;W03-C-Antwerpen-West-FH07;6807323;'20200219142313;W03-C-Antwerpen-West-FH07;19084;FTTH-Cu;11382571;'20191018100142;'Pastoor Visschersplein 1- 2 - 3 - 4;;;;;;;11378631;'20190712080945;3928778;'1630000;'45891;Pastoor Visschersplein;'2;';2000;Antwerpen;;'152008;'211870;';N;ORN;4;0;Unknown;Unknown;;None;;;';IFH_BATCH;'12/07/2019 07:44:13;;Y;;;;'12/07/2019 07:28:35;1;11086194;;LU;1;';';';';';;;;;;;;';;';;Y;;;;'12/07/2019 07:28:35
;;;Zoning;6807323;'20200219142313;W03-C-Antwerpen-West-FH07;6807323;'20200219142313;W03-C-Antwerpen-West-FH07;19084;FTTH-Cu;11382571;'20191018100142;'Pastoor Visschersplein 1- 2 - 3 - 4;;;;;;;11378632;'20191018100108;2069201;'1630000;'45891;Pastoor Visschersplein;'3;';2000;Antwerpen;;'152004,494;'211871,441;';N;ORN;4;0;Unknown;Unknown;;None;;;';IFH_BATCH;'12/07/2019 07:44:10;;Y;;;;'12/07/2019 07:28:35;1;11086195;;LU;1;';';';';';;;;;;;;';;';;Y;;;;'12/07/2019 07:28:35
;;;Zoning;6807323;'20200219142313;W03-C-Antwerpen-West-FH07;6807323;'20200219142313;W03-C-Antwerpen-West-FH07;19084;FTTH-Cu;11382571;'20191018100142;'Pastoor Visschersplein 1- 2 - 3 - 4;;;;;;;11378638;'20191018100133;4212946;'1630000;'45891;Pastoor Visschersplein;'4;';2000;Antwerpen;;'152002,369;'211868,145;';N;ORN;4;0;Unknown;Unknown;;None;;;';IFH_BATCH;'12/07/2019 07:44:16;;Y;;;;'12/07/2019 07:28:35;1;11086196;;LU;1;';';';';';;;;;;;;';;';;Y;;;;'12/07/2019 07:28:35
;;;Zoning;6807323;'20200219142313;W03-C-Antwerpen-West-FH07;6807323;'20200219142313;W03-C-Antwerpen-West-FH07;19084;FTTH-Cu;11382565;'20191018100743;'Pastoor Visschersplein 5 - 6 - 7;;;;;;;689820;'20191018100733;2069202;'1630000;'45891;Pastoor Visschersplein;'5;';2000;Antwerpen;;'151992,779;'211865,557;';N;ORN;4;0;Unknown;Unknown;;None;;;';IFH_BATCH;'12/07/2019 07:40:45;;Y;;;;'12/07/2019 07:28:35;1;1802929;;LU;1;';';';';';Y;;APTBLD;APPARTEMENTSGEBOUW - IMMEUBLE A APPARTEMENTS;NA;;;';;';;Y;;;;'12/07/2019 07:28:35
;;;Zoning;6807323;'20200219142313;W03-C-Antwerpen-West-FH07;6807323;'20200219142313;W03-C-Antwerpen-West-FH07;19084;FTTH-Cu;11382565;'20191018100743;'Pastoor Visschersplein 5 - 6 - 7;;;;;;;11378639;'20191018100707;2069203;'1630000;'45891;Pastoor Visschersplein;'6;';2000;Antwerpen;;'151990,224;'211862,175;';N;ORN;4;0;Unknown;Unknown;;None;;;';IFH_BATCH;'12/07/2019 07:44:18;;Y;;;;'12/07/2019 07:28:35;1;11086197;;LU;1;';';';';';;;;;;;;';;';;Y;;;;'12/07/2019 07:28:35
;;;Zoning;6807323;'20200219142313;W03-C-Antwerpen-West-FH07;6807323;'20200219142313;W03-C-Antwerpen-West-FH07;19084;FTTH-Cu;11382565;'20191018100743;'Pastoor Visschersplein 5 - 6 - 7;;;;;;;11378641;'20191018100717;2069204;'1630000;'45891;Pastoor Visschersplein;'7;';2000;Antwerpen;;'151993,625;'211862,066;';N;ORN;4;0;Unknown;Unknown;;None;;;';IFH_BATCH;'12/07/2019 07:44:21;;Y;;;;'12/07/2019 07:28:35;1;11086198;;LU;1;';';';';';;;;;;;;';;';;Y;;;;'12/07/2019 07:28:35
;;;Zoning;6807323;'20200219142313;W03-C-Antwerpen-West-FH07;6807323;'20200219142313;W03-C-Antwerpen-West-FH07;19084;FTTH-Cu;11382566;'20191018101443;'Pastoor Visschersplein 8 - 9 - 10;;;;;;;11378643;'20191018101407;5487862;'1630000;'45891;Pastoor Visschersplein;'8;';2000;Antwerpen;;'151987,006;'211847,105;';N;ORN;4;0;Unknown;Unknown;;None;;;';IFH_BATCH;'12/07/2019 07:44:27;;Y;;;;'12/07/2019 07:28:35;1;11086199;;LU;1;';';';';';;;;;;;;';;';;Y;;;;'12/07/2019 07:28:35
;;;Zoning;6807323;'20200219142313;W03-C-Antwerpen-West-FH07;6807323;'20200219142313;W03-C-Antwerpen-West-FH07;19084;FTTH-Cu;11382566;'20191018101443;'Pastoor Visschersplein 8 - 9 - 10;;;;;;;11378645;'20191018100631;2069205;'1630000;'45891;Pastoor Visschersplein;'9;';2000;Antwerpen;;'151990,651;'211846,171;';N;ORN;4;0;Unknown;Unknown;;None;;;';IFH_BATCH;'12/07/2019 07:44:24;;Y;;;;'12/07/2019 07:28:35;1;11086200;;LU;1;';';';';';;;;;;;;';;';;Y;;;;'12/07/2019 07:28:35
;;;Zoning;6807323;'20200219142313;W03-C-Antwerpen-West-FH07;6807323;'20200219142313;W03-C-Antwerpen-West-FH07;19084;FTTH-Cu;11382541;'20191018162618;'Pompstraat 1,3,5;;;;;;;710589;'20190712080942;49150;'1630000;'24896;Pompstraat;'1;';2000;Antwerpen;;'152047,269;'211784,39;';Y;NA;1;4;Unknown;Unknown;;None;;;';IFH_BATCH;'12/07/2019 07:34:26;;Y;;;;'12/07/2019 07:28:35;1;1615190;;BU;1;';';';';';Y;;COMM;HANDELSZAAK - COMMERCE;NA;;;';;';;Y;;;;'12/07/2019 07:28:35
;;;Zoning;6807323;'20200219142313;W03-C-Antwerpen-West-FH07;6807323;'20200219142313;W03-C-Antwerpen-West-FH07;19084;FTTH-Cu;11382541;'20191018162618;'Pompstraat 1,3,5;;;;;;;669215;'20191018162608;2045065;'1630000;'24896;Pompstraat;'3;';2000;Antwerpen;;'152044,375;'211780,856;';Y;NA;4;4;Unknown;Unknown;;None;;;';IFH_BATCH;'12/07/2019 07:34:28;;Y;;;;'12/07/2019 07:28:35;1;1741716;;LU;1;';';';';';Y;;HOUSE;WONING - MAISON;NA;;;';;';;Y;;;;'12/07/2019 07:28:35
;;;Zoning;6807323;'20200219142313;W03-C-Antwerpen-West-FH07;6807323;'20200219142313;W03-C-Antwerpen-West-FH07;19084;FTTH-Cu;;';';;;;;;;11378623;'20191018162559;4509952;'1630000;'24896;Pompstraat;'5;';2000;Antwerpen;;'152042,816;'211778,066;';Y;NA;4;4;Unknown;Unknown;;None;;;';IFH_BATCH;'12/07/2019 07:34:54;;Y;;;;'12/07/2019 07:28:35;1;11086193;;LU;1;';';';';';;;;;;;;';;';;Y;;;;'12/07/2019 07:28:35
;;;Zoning;6807323;'20200219142313;W03-C-Antwerpen-West-FH07;6807323;'20200219142313;W03-C-Antwerpen-West-FH07;19084;FTTH-Cu;;';';;;;;;;691161;'20190712080927;3928183;'1630000;'24896;Pompstraat;'6;';2000;Antwerpen;;'152005,09;'211759,338;';Y;NA;4;4;Unknown;Unknown;;None;;;';IFH_BATCH;'12/07/2019 07:34:20;;Y;;;;'12/07/2019 07:28:35;1;1824176;;BU;1;';';';';';Y;;HOUSE;WONING - MAISON;NA;;;';;';;Y;;;;'12/07/2019 07:28:35
;;;Zoning;6807323;'20200219142313;W03-C-Antwerpen-West-FH07;6807323;'20200219142313;W03-C-Antwerpen-West-FH07;19084;FTTH-Cu;;';';;;;;;;669216;'20190115201307;2045066;'1630000;'24896;Pompstraat;'7;';2000;Antwerpen;;'152045,622;'211770,089;';Y;NA;4;12;Unknown;Unknown;;None;;;';;';;Y;;;;'15/01/2019 12:41:18;1;1841810;;LU;1;';';';';';Y;;HOUSE;WONING - MAISON;NA;;;';;';;Y;;;;'15/01/2019 12:41:18
;;;Zoning;6807323;'20200219142313;W03-C-Antwerpen-West-FH07;6807323;'20200219142313;W03-C-Antwerpen-West-FH07;19084;FTTH-Cu;;';';;;;;;;669216;'20190115201307;2045066;'1630000;'24896;Pompstraat;'7;';2000;Antwerpen;;'152045,622;'211770,089;';Y;NA;4;12;Unknown;Unknown;;None;;;';;';;Y;;;;'15/01/2019 12:41:18;2;1841811;;LU;1;';';';';';Y;;HOUSE;WONING - MAISON;NA;;;';;';;Y;;;;'15/01/2019 12:41:18
;;;Zoning;6807323;'20200219142313;W03-C-Antwerpen-West-FH07;6807323;'20200219142313;W03-C-Antwerpen-West-FH07;19084;FTTH-Cu;;';';;;;;;;669216;'20190115201307;2045066;'1630000;'24896;Pompstraat;'7;';2000;Antwerpen;;'152045,622;'211770,089;';Y;NA;4;12;Unknown;Unknown;;None;;;';;';;Y;;;;'15/01/2019 12:41:18;3;1841812;;LU;1;';';';';';Y;;HOUSE;WONING - MAISON;NA;;;';;';;Y;;;;'15/01/2019 12:41:18
;;;Zoning;6807323;'20200219142313;W03-C-Antwerpen-West-FH07;6807323;'20200219142313;W03-C-Antwerpen-West-FH07;19084;FTTH-Cu;;';';;;;;;;669216;'20190115201307;2045066;'1630000;'24896;Pompstraat;'7;';2000;Antwerpen;;'152045,622;'211770,089;';Y;NA;4;12;Unknown;Unknown;;None;;;';;';;Y;;;;'15/01/2019 12:41:18;4;1841813;;LU;1;';';';';';Y;;HOUSE;WONING - MAISON;NA;;;';;';;Y;;;;'15/01/2019 12:41:18
;;;Zoning;6807323;'20200219142313;W03-C-Antwerpen-West-FH07;6807323;'20200219142313;W03-C-Antwerpen-West-FH07;19084;FTTH-Cu;;';';;;;;;;669216;'20190115201307;2045066;'1630000;'24896;Pompstraat;'7;';2000;Antwerpen;;'152045,622;'211770,089;';Y;NA;4;12;Unknown;Unknown;;None;;;';;';;Y;;;;'15/01/2019 12:41:18;5;11086843;;LU;1;';';';';';;;;;;;;';;';;Y;;;;'15/01/2019 12:41:18
;;;Zoning;6807323;'20200219142313;W03-C-Antwerpen-West-FH07;6807323;'20200219142313;W03-C-Antwerpen-West-FH07;19084;FTTH-Cu;;';';;;;;;;669216;'20190115201307;2045066;'1630000;'24896;Pompstraat;'7;';2000;Antwerpen;;'152045,622;'211770,089;';Y;NA;4;12;Unknown;Unknown;;None;;;';;';;Y;;;;'15/01/2019 12:41:18;6;11086844;;LU;1;';';';';';;;;;;;;';;';;Y;;;;'15/01/2019 12:41:18
;;;Zoning;6807323;'20200219142313;W03-C-Antwerpen-West-FH07;6807323;'20200219142313;W03-C-Antwerpen-West-FH07;19084;FTTH-Cu;;';';;;;;;;710592;'20190712080942;49153;'1630000;'24896;Pompstraat;'8;';2000;Antwerpen;;'152003,059;'211755,205;';Y;NA;4;4;Unknown;Unknown;;None;;;';IFH_BATCH;'12/07/2019 07:34:23;;Y;;;;'12/07/2019 07:28:35;1;1855790;;BU;1;';';';';';Y;;HOUSE;WONING - MAISON;NA;;;';;';;Y;;;;'12/07/2019 07:28:35
;;;Zoning;6807323;'20200219142313;W03-C-Antwerpen-West-FH07;6807323;'20200219142313;W03-C-Antwerpen-West-FH07;19084;FTTH-Cu;;';';;;;;;;669217;'20190115201307;2045067;'1630000;'24896;Pompstraat;'9;';2000;Antwerpen;;'152040,014;'211767,203;';Y;NA;5;15;Unknown;Unknown;;None;;;';;';;Y;;;;'15/01/2019 12:41:18;1;1867610;;BU;1;';';';';';Y;;HOUSE;WONING - MAISON;NA;;;';;';;Y;;;;'15/01/2019 12:41:18
;;;Zoning;6807323;'20200219142313;W03-C-Antwerpen-West-FH07;6807323;'20200219142313;W03-C-Antwerpen-West-FH07;19084;FTTH-Cu;;';';;;;;;;669218;'20191021095339;2045068;'1630000;'24896;Pompstraat;'10;';2000;Antwerpen;;'151992,331;'211732,758;';N;IRREG;4;12;Unknown;Unknown;;None;;;';;';;Y;;;;'15/01/2019 12:41:18;1;1620892;;LU;1;';';';';';Y;;HOUSE;WONING - MAISON;NA;;;';;';;Y;;;;'15/01/2019 12:41:18
;;;Zoning;6807323;'20200219142313;W03-C-Antwerpen-West-FH07;6807323;'20200219142313;W03-C-Antwerpen-West-FH07;19084;FTTH-Cu;;';';;;;;;;669219;'20190712080932;2045069;'1630000;'24896;Pompstraat;'11;';2000;Antwerpen;;'152037,879;'211762,711;';Y;NA;15;4;Unknown;Unknown;;None;;;';IFH_BATCH;'12/07/2019 07:34:31;;Y;;;;'12/07/2019 07:28:35;1;1630588;;BU;1;';';';';';Y;;APTBLD;APPARTEMENTSGEBOUW - IMMEUBLE A APPARTEMENTS;NA;;;';;';;Y;;;;'12/07/2019 07:28:35
;;;Zoning;6807323;'20200219142313;W03-C-Antwerpen-West-FH07;6807323;'20200219142313;W03-C-Antwerpen-West-FH07;19084;FTTH-Cu;;';';;;;;;;707014;'20191021095358;4510006;'1630000;'24896;Pompstraat;'12;';2000;Antwerpen;;'151988,223;'211729,529;';N;IRREG;4;12;Unknown;Unknown;;None;;;';;';;Y;;;;'15/01/2019 12:41:18;1;1640116;;LU;1;';';';';';Y;;HOUSE;WONING - MAISON;NA;;;';;';;Y;;;;'15/01/2019 12:41:18
;;;Zoning;6807323;'20200219142313;W03-C-Antwerpen-West-FH07;6807323;'20200219142313;W03-C-Antwerpen-West-FH07;19084;FTTH-Cu;;';';;;;;;;707014;'20191021095358;4510006;'1630000;'24896;Pompstraat;'12;';2000;Antwerpen;;'151988,223;'211729,529;';N;IRREG;4;12;Unknown;Unknown;;None;;;';;';;Y;;;;'15/01/2019 12:41:18;2;1640117;;LU;1;';';';';';Y;;HOUSE;WONING - MAISON;NA;;;';;';;Y;;;;'15/01/2019 12:41:18
;;;Zoning;6807323;'20200219142313;W03-C-Antwerpen-West-FH07;6807323;'20200219142313;W03-C-Antwerpen-West-FH07;19084;FTTH-Cu;;';';;;;;;;669220;'20190115201307;2045070;'1630000;'24896;Pompstraat;'13;';2000;Antwerpen;;'152036,598;'211757,612;';Y;NA;4;12;Unknown;Unknown;;None;;;';;';;Y;;;;'15/01/2019 12:41:18;1;1647942;;LU;1;';';';';';Y;;HOUSE;WONING - MAISON;NA;;;';;';;Y;;;;'15/01/2019 12:41:18
;;;Zoning;6807323;'20200219142313;W03-C-Antwerpen-West-FH07;6807323;'20200219142313;W03-C-Antwerpen-West-FH07;19084;FTTH-Cu;;';';;;;;;;669220;'20190115201307;2045070;'1630000;'24896;Pompstraat;'13;';2000;Antwerpen;;'152036,598;'211757,612;';Y;NA;4;12;Unknown;Unknown;;None;;;';;';;Y;;;;'15/01/2019 12:41:18;2;1647943;;LU;1;';';';';';Y;;HOUSE;WONING - MAISON;NA;;;';;';;Y;;;;'15/01/2019 12:41:18
;;;Zoning;6807323;'20200219142313;W03-C-Antwerpen-West-FH07;6807323;'20200219142313;W03-C-Antwerpen-West-FH07;19084;FTTH-Cu;;';';;;;;;;669220;'20190115201307;2045070;'1630000;'24896;Pompstraat;'13;';2000;Antwerpen;;'152036,598;'211757,612;';Y;NA;4;12;Unknown;Unknown;;None;;;';;';;Y;;;;'15/01/2019 12:41:18;3;1647944;;LU;1;';';';';';Y;;HOUSE;WONING - MAISON;NA;;;';;';;Y;;;;'15/01/2019 12:41:18
;;;Zoning;6807323;'20200219142313;W03-C-Antwerpen-West-FH07;6807323;'20200219142313;W03-C-Antwerpen-West-FH07;19084;FTTH-Cu;;';';;;;;;;669220;'20190115201307;2045070;'1630000;'24896;Pompstraat;'13;';2000;Antwerpen;;'152036,598;'211757,612;';Y;NA;4;12;Unknown;Unknown;;None;;;';;';;Y;;;;'15/01/2019 12:41:18;4;1647945;;LU;1;';';';';';Y;;HOUSE;WONING - MAISON;NA;;;';;';;Y;;;;'15/01/2019 12:41:18
;;;Zoning;6807323;'20200219142313;W03-C-Antwerpen-West-FH07;6807323;'20200219142313;W03-C-Antwerpen-West-FH07;19084;FTTH-Cu;;';';;;;;;;669221;'20190115201307;2045071;'1630000;'24896;Pompstraat;'14;';2000;Antwerpen;;'151986,745;'211724,751;';Y;NA;4;12;Unknown;Unknown;;None;;;';;';;Y;;;;'15/01/2019 12:41:18;1;1655099;;LU;1;';';';';';Y;;APTBLD;APPARTEMENTSGEBOUW - IMMEUBLE A APPARTEMENTS;NA;;;';;';;Y;;;;'15/01/2019 12:41:18
;;;Zoning;6807323;'20200219142313;W03-C-Antwerpen-West-FH07;6807323;'20200219142313;W03-C-Antwerpen-West-FH07;19084;FTTH-Cu;;';';;;;;;;669221;'20190115201307;2045071;'1630000;'24896;Pompstraat;'14;';2000;Antwerpen;;'151986,745;'211724,751;';Y;NA;4;12;Unknown;Unknown;;None;;;';;';;Y;;;;'15/01/2019 12:41:18;2;1655100;;LU;1;';';';';';Y;;APTBLD;APPARTEMENTSGEBOUW - IMMEUBLE A APPARTEMENTS;NA;;;';;';;Y;;;;'15/01/2019 12:41:18
;;;Zoning;6807323;'20200219142313;W03-C-Antwerpen-West-FH07;6807323;'20200219142313;W03-C-Antwerpen-West-FH07;19084;FTTH-Cu;;';';;;;;;;669221;'20190115201307;2045071;'1630000;'24896;Pompstraat;'14;';2000;Antwerpen;;'151986,745;'211724,751;';Y;NA;4;12;Unknown;Unknown;;None;;;';;';;Y;;;;'15/01/2019 12:41:18;3;1655101;;LU;1;';';';';';Y;;APTBLD;APPARTEMENTSGEBOUW - IMMEUBLE A APPARTEMENTS;NA;;;';;';;Y;;;;'15/01/2019 12:41:18
;;;Zoning;6807323;'20200219142313;W03-C-Antwerpen-West-FH07;6807323;'20200219142313;W03-C-Antwerpen-West-FH07;19084;FTTH-Cu;;';';;;;;;;707005;'20190712080943;4509953;'1630000;'24896;Pompstraat;'15;';2000;Antwerpen;;'152029,005;'211756,793;';Y;NA;3;4;Unknown;Unknown;;None;;;';IFH_BATCH;'12/07/2019 07:34:33;;Y;;;;'12/07/2019 07:28:35;1;1661980;;BU;1;';';';';';Y;;HOUSE;WONING - MAISON;NA;;;';;';;Y;;;;'12/07/2019 07:28:35
;;;Zoning;6807323;'20200219142313;W03-C-Antwerpen-West-FH07;6807323;'20200219142313;W03-C-Antwerpen-West-FH07;19084;FTTH-Cu;;';';;;;;;;669222;'20190115201307;2045072;'1630000;'24896;Pompstraat;'16;';2000;Antwerpen;;'151984,134;'211720,473;';Y;NA;4;12;Unknown;Unknown;;None;;;';;';;Y;;;;'15/01/2019 12:41:18;1;1668513;;LU;1;';';';';';Y;;APTBLD;APPARTEMENTSGEBOUW - IMMEUBLE A APPARTEMENTS;NA;;;';;';;Y;;;;'15/01/2019 12:41:18
;;;Zoning;6807323;'20200219142313;W03-C-Antwerpen-West-FH07;6807323;'20200219142313;W03-C-Antwerpen-West-FH07;19084;FTTH-Cu;;';';;;;;;;669222;'20190115201307;2045072;'1630000;'24896;Pompstraat;'16;';2000;Antwerpen;;'151984,134;'211720,473;';Y;NA;4;12;Unknown;Unknown;;None;;;';;';;Y;;;;'15/01/2019 12:41:18;2;1668514;;LU;1;';';';';';Y;;APTBLD;APPARTEMENTSGEBOUW - IMMEUBLE A APPARTEMENTS;NA;;;';;';;Y;;;;'15/01/2019 12:41:18
;;;Zoning;6807323;'20200219142313;W03-C-Antwerpen-West-FH07;6807323;'20200219142313;W03-C-Antwerpen-West-FH07;19084;FTTH-Cu;;';';;;;;;;669222;'20190115201307;2045072;'1630000;'24896;Pompstraat;'16;';2000;Antwerpen;;'151984,134;'211720,473;';Y;NA;4;12;Unknown;Unknown;;None;;;';;';;Y;;;;'15/01/2019 12:41:18;3;1668515;;LU;1;';';';';';Y;;APTBLD;APPARTEMENTSGEBOUW - IMMEUBLE A APPARTEMENTS;NA;;;';;';;Y;;;;'15/01/2019 12:41:18
;;;Zoning;6807323;'20200219142313;W03-C-Antwerpen-West-FH07;6807323;'20200219142313;W03-C-Antwerpen-West-FH07;19084;FTTH-Cu;11382542;'20191030103508;'Pompstraat 17,19;;;;;;;692078;'20190712080927;4011332;'1630000;'24896;Pompstraat;'17;';2000;Antwerpen;;'152028,217;'211752,658;';Y;NA;1;4;Unknown;Unknown;;None;;;';IFH_BATCH;'12/07/2019 07:34:35;;Y;;;;'12/07/2019 07:28:35;1;1674529;;LU;1;';';';';';Y;;APTBLD;APPARTEMENTSGEBOUW - IMMEUBLE A APPARTEMENTS;NA;;;';;';;Y;;;;'12/07/2019 07:28:35
;;;Zoning;6807323;'20200219142313;W03-C-Antwerpen-West-FH07;6807323;'20200219142313;W03-C-Antwerpen-West-FH07;19084;FTTH-Cu;;';';;;;;;;669223;'20190115201307;2045073;'1630000;'24896;Pompstraat;'18;';2000;Antwerpen;;'151981,669;'211716,195;';Y;NA;4;12;Unknown;Unknown;;None;;;';;';;Y;;;;'15/01/2019 12:41:18;1;1680081;;LU;1;';';';';';Y;;HOUSE;WONING - MAISON;NA;;;';;';;Y;;;;'15/01/2019 12:41:18
;;;Zoning;6807323;'20200219142313;W03-C-Antwerpen-West-FH07;6807323;'20200219142313;W03-C-Antwerpen-West-FH07;19084;FTTH-Cu;;';';;;;;;;669223;'20190115201307;2045073;'1630000;'24896;Pompstraat;'18;';2000;Antwerpen;;'151981,669;'211716,195;';Y;NA;4;12;Unknown;Unknown;;None;;;';;';;Y;;;;'15/01/2019 12:41:18;2;1680082;;LU;1;';';';';';Y;;HOUSE;WONING - MAISON;NA;;;';;';;Y;;;;'15/01/2019 12:41:18
;;;Zoning;6807323;'20200219142313;W03-C-Antwerpen-West-FH07;6807323;'20200219142313;W03-C-Antwerpen-West-FH07;19084;FTTH-Cu;;';';;;;;;;669223;'20190115201307;2045073;'1630000;'24896;Pompstraat;'18;';2000;Antwerpen;;'151981,669;'211716,195;';Y;NA;4;12;Unknown;Unknown;;None;;;';;';;Y;;;;'15/01/2019 12:41:18;3;1680083;;LU;1;';';';';';Y;;HOUSE;WONING - MAISON;NA;;;';;';;Y;;;;'15/01/2019 12:41:18
;;;Zoning;6807323;'20200219142313;W03-C-Antwerpen-West-FH07;6807323;'20200219142313;W03-C-Antwerpen-West-FH07;19084;FTTH-Cu;;';';;;;;;;669223;'20190115201307;2045073;'1630000;'24896;Pompstraat;'18;';2000;Antwerpen;;'151981,669;'211716,195;';Y;NA;4;12;Unknown;Unknown;;None;;;';;';;Y;;;;'15/01/2019 12:41:18;4;1680084;;LU;1;';';';';';Y;;HOUSE;WONING - MAISON;NA;;;';;';;Y;;;;'15/01/2019 12:41:18
;;;Zoning;6807323;'20200219142313;W03-C-Antwerpen-West-FH07;6807323;'20200219142313;W03-C-Antwerpen-West-FH07;19084;FTTH-Cu;11382542;'20191030103508;'Pompstraat 17,19;;;;;;;695681;'20190712080933;4216156;'1630000;'24896;Pompstraat;'19;';2000;Antwerpen;;'152026,504;'211749,62;';Y;NA;3;4;Unknown;Unknown;;None;;;';IFH_BATCH;'12/07/2019 07:34:38;;Y;;;;'12/07/2019 07:28:35;1;1685735;;LU;1;';';';';';Y;;APTBLD;APPARTEMENTSGEBOUW - IMMEUBLE A APPARTEMENTS;NA;;;';;';;Y;;;;'12/07/2019 07:28:35
;;;Zoning;6807323;'20200219142313;W03-C-Antwerpen-West-FH07;6807323;'20200219142313;W03-C-Antwerpen-West-FH07;19084;FTTH-Cu;11382542;'20191030103508;'Pompstraat 17,19;;;;;;;695681;'20190712080933;4216156;'1630000;'24896;Pompstraat;'19;';2000;Antwerpen;;'152026,504;'211749,62;';Y;NA;3;4;Unknown;Unknown;;None;;;';IFH_BATCH;'12/07/2019 07:34:38;;Y;;;;'12/07/2019 07:28:35;2;1685736;;LU;1;';';';';';Y;;APTBLD;APPARTEMENTSGEBOUW - IMMEUBLE A APPARTEMENTS;NA;;;';;';;Y;;;;'12/07/2019 07:28:35
;;;Zoning;6807323;'20200219142313;W03-C-Antwerpen-West-FH07;6807323;'20200219142313;W03-C-Antwerpen-West-FH07;19084;FTTH-Cu;11382542;'20191030103508;'Pompstraat 17,19;;;;;;;695681;'20190712080933;4216156;'1630000;'24896;Pompstraat;'19;';2000;Antwerpen;;'152026,504;'211749,62;';Y;NA;3;4;Unknown;Unknown;;None;;;';IFH_BATCH;'12/07/2019 07:34:38;;Y;;;;'12/07/2019 07:28:35;3;1685737;;LU;1;';';';';';Y;;APTBLD;APPARTEMENTSGEBOUW - IMMEUBLE A APPARTEMENTS;NA;;;';;';;Y;;;;'12/07/2019 07:28:35
;;;Zoning;6807323;'20200219142313;W03-C-Antwerpen-West-FH07;6807323;'20200219142313;W03-C-Antwerpen-West-FH07;19084;FTTH-Cu;11382542;'20191030103508;'Pompstraat 17,19;;;;;;;695681;'20190712080933;4216156;'1630000;'24896;Pompstraat;'19;';2000;Antwerpen;;'152026,504;'211749,62;';Y;NA;3;4;Unknown;Unknown;;None;;;';IFH_BATCH;'12/07/2019 07:34:38;;Y;;;;'12/07/2019 07:28:35;4;1685738;;LU;1;';';';';';Y;;APTBLD;APPARTEMENTSGEBOUW - IMMEUBLE A APPARTEMENTS;NA;;;';;';;Y;;;;'12/07/2019 07:28:35
;;;Zoning;6807323;'20200219142313;W03-C-Antwerpen-West-FH07;6807323;'20200219142313;W03-C-Antwerpen-West-FH07;19084;FTTH-Cu;11382542;'20191030103508;'Pompstraat 17,19;;;;;;;695681;'20190712080933;4216156;'1630000;'24896;Pompstraat;'19;';2000;Antwerpen;;'152026,504;'211749,62;';Y;NA;3;4;Unknown;Unknown;;None;;;';IFH_BATCH;'12/07/2019 07:34:38;;Y;;;;'12/07/2019 07:28:35;5;11087140;;LU;1;';';';';';;;;;;;;';;';;Y;;;;'12/07/2019 07:28:35
;;;Zoning;6807323;'20200219142313;W03-C-Antwerpen-West-FH07;6807323;'20200219142313;W03-C-Antwerpen-West-FH07;19084;FTTH-Cu;11382542;'20191030103508;'Pompstraat 17,19;;;;;;;695681;'20190712080933;4216156;'1630000;'24896;Pompstraat;'19;';2000;Antwerpen;;'152026,504;'211749,62;';Y;NA;3;4;Unknown;Unknown;;None;;;';IFH_BATCH;'12/07/2019 07:34:38;;Y;;;;'12/07/2019 07:28:35;6;11087141;;LU;1;';';';';';;;;;;;;';;';;Y;;;;'12/07/2019 07:28:35
;;;Zoning;6807323;'20200219142313;W03-C-Antwerpen-West-FH07;6807323;'20200219142313;W03-C-Antwerpen-West-FH07;19084;FTTH-Cu;11382542;'20191030103508;'Pompstraat 17,19;;;;;;;695681;'20190712080933;4216156;'1630000;'24896;Pompstraat;'19;';2000;Antwerpen;;'152026,504;'211749,62;';Y;NA;3;4;Unknown;Unknown;;None;;;';IFH_BATCH;'12/07/2019 07:34:38;;Y;;;;'12/07/2019 07:28:35;7;11087142;;LU;1;';';';';';;;;;;;;';;';;Y;;;;'12/07/2019 07:28:35
;;;Zoning;6807323;'20200219142313;W03-C-Antwerpen-West-FH07;6807323;'20200219142313;W03-C-Antwerpen-West-FH07;19084;FTTH-Cu;;';';;;;;;;710591;'20190115201317;49152;'1630000;'24896;Pompstraat;'20;';2000;Antwerpen;;'151979,639;'211711,699;';Y;NA;3;9;Unknown;Unknown;;None;;;';;';;Y;;;;'15/01/2019 12:41:18;1;10367120;;LU;1;';';';';';Y;#HUIS;APPART;DEEL_APP_GEBOUW - PARTIE_IMMEUBLE_APP;NA;;;';;';;Y;;;;'15/01/2019 12:41:18
;;;Zoning;6807323;'20200219142313;W03-C-Antwerpen-West-FH07;6807323;'20200219142313;W03-C-Antwerpen-West-FH07;19084;FTTH-Cu;;';';;;;;;;710591;'20190115201317;49152;'1630000;'24896;Pompstraat;'20;';2000;Antwerpen;;'151979,639;'211711,699;';Y;NA;3;9;Unknown;Unknown;;None;;;';;';;Y;;;;'15/01/2019 12:41:18;2;10367121;;LU;1;';';';';';Y;#HUIS;APPART;DEEL_APP_GEBOUW - PARTIE_IMMEUBLE_APP;NA;;;';;';;Y;;;;'15/01/2019 12:41:18
;;;Zoning;6807323;'20200219142313;W03-C-Antwerpen-West-FH07;6807323;'20200219142313;W03-C-Antwerpen-West-FH07;19084;FTTH-Cu;;';';;;;;;;710590;'20190712080942;49151;'1630000;'24896;Pompstraat;'21;';2000;Antwerpen;;'152024,357;'211745,382;';Y;NA;4;4;Unknown;Unknown;;None;;;';IFH_BATCH;'12/07/2019 07:34:41;;Y;;;;'12/07/2019 07:28:35;1;1703861;;LU;1;';';';';';Y;;HOUSE;WONING - MAISON;NA;;;';;';;Y;;;;'12/07/2019 07:28:35
;;;Zoning;6807323;'20200219142313;W03-C-Antwerpen-West-FH07;6807323;'20200219142313;W03-C-Antwerpen-West-FH07;19084;FTTH-Cu;;';';;;;;;;710590;'20190712080942;49151;'1630000;'24896;Pompstraat;'21;';2000;Antwerpen;;'152024,357;'211745,382;';Y;NA;4;4;Unknown;Unknown;;None;;;';IFH_BATCH;'12/07/2019 07:34:41;;Y;;;;'12/07/2019 07:28:35;2;1703862;;LU;1;';';';';';Y;;HOUSE;WONING - MAISON;NA;;;';;';;Y;;;;'12/07/2019 07:28:35
;;;Zoning;6807323;'20200219142313;W03-C-Antwerpen-West-FH07;6807323;'20200219142313;W03-C-Antwerpen-West-FH07;19084;FTTH-Cu;;';';;;;;;;710590;'20190712080942;49151;'1630000;'24896;Pompstraat;'21;';2000;Antwerpen;;'152024,357;'211745,382;';Y;NA;4;4;Unknown;Unknown;;None;;;';IFH_BATCH;'12/07/2019 07:34:41;;Y;;;;'12/07/2019 07:28:35;3;11086845;;LU;1;';';';';';;;;;;;;';;';;Y;;;;'12/07/2019 07:28:35
;;;Zoning;6807323;'20200219142313;W03-C-Antwerpen-West-FH07;6807323;'20200219142313;W03-C-Antwerpen-West-FH07;19084;FTTH-Cu;;';';;;;;;;669224;'20190712080932;2045074;'1630000;'24896;Pompstraat;'24;';2000;Antwerpen;;'151976,593;'211707,059;';Y;NA;4;4;Unknown;Unknown;;None;;;';IFH_BATCH;'12/07/2019 07:34:43;;Y;;;;'12/07/2019 07:28:35;1;1717337;;LU;1;';';';';';Y;;HOUSE;WONING - MAISON;NA;;;';;';;Y;;;;'12/07/2019 07:28:35
;;;Zoning;6807323;'20200219142313;W03-C-Antwerpen-West-FH07;6807323;'20200219142313;W03-C-Antwerpen-West-FH07;19084;FTTH-Cu;;';';;;;;;;669224;'20190712080932;2045074;'1630000;'24896;Pompstraat;'24;';2000;Antwerpen;;'151976,593;'211707,059;';Y;NA;4;4;Unknown;Unknown;;None;;;';IFH_BATCH;'12/07/2019 07:34:43;;Y;;;;'12/07/2019 07:28:35;2;1717338;;LU;1;';';';';';Y;;HOUSE;WONING - MAISON;NA;;;';;';;Y;;;;'12/07/2019 07:28:35
;;;Zoning;6807323;'20200219142313;W03-C-Antwerpen-West-FH07;6807323;'20200219142313;W03-C-Antwerpen-West-FH07;19084;FTTH-Cu;11382540;'20191021113554;'Pompstraat 25,27,29;;;;;;;693683;'20191021113548;4132530;'1630000;'24896;Pompstraat;'25;';2000;Antwerpen;;'152003,664;'211718,994;';Y;NA;1;3;Unknown;Unknown;;None;;;';;';;Y;;;;'15/01/2019 12:41:18;1;1721384;;LU;1;';';';';';Y;;HOUSE;WONING - MAISON;NA;;;';;';;Y;;;;'15/01/2019 12:41:18
;;;Zoning;6807323;'20200219142313;W03-C-Antwerpen-West-FH07;6807323;'20200219142313;W03-C-Antwerpen-West-FH07;19084;FTTH-Cu;11382543;'20190115201307;'Pompstraat 28,26;;;;;;;669225;'20190712080932;2045075;'1630000;'24896;Pompstraat;'26;';2000;Antwerpen;;'151976,521;'211701,258;';Y;NA;4;4;Unknown;Unknown;;None;;;';IFH_BATCH;'12/07/2019 07:34:46;;Y;;;;'12/07/2019 07:28:35;1;1725210;;LU;1;';';';';';Y;;HOUSE;WONING - MAISON;NA;;;';;';;Y;;;;'12/07/2019 07:28:35
;;;Zoning;6807323;'20200219142313;W03-C-Antwerpen-West-FH07;6807323;'20200219142313;W03-C-Antwerpen-West-FH07;19084;FTTH-Cu;11382540;'20191021113554;'Pompstraat 25,27,29;;;;;;;669226;'20191021113529;2045076;'1630000;'24896;Pompstraat;'27;';2000;Antwerpen;;'152001,711;'211715,967;';Y;NA;3;9;Unknown;Unknown;;None;;;';;';;Y;;;;'15/01/2019 12:41:18;1;1729015;;BU;1;';';';';';Y;;HOUSE;WONING - MAISON;NA;;;';;';;Y;;;;'15/01/2019 12:41:18
;;;Zoning;6807323;'20200219142313;W03-C-Antwerpen-West-FH07;6807323;'20200219142313;W03-C-Antwerpen-West-FH07;19084;FTTH-Cu;11382543;'20190115201307;'Pompstraat 28,26;;;;;;;707015;'20190712080944;4510011;'1630000;'24896;Pompstraat;'28;';2000;Antwerpen;;'151973,983;'211696,4;';Y;NA;4;4;Unknown;Unknown;;None;;;';IFH_BATCH;'12/07/2019 07:34:48;;Y;;;;'12/07/2019 07:28:35;1;1732638;;LU;1;';';';';';Y;;HOUSE;WONING - MAISON;NA;;;';;';;Y;;;;'12/07/2019 07:28:35
;;;Zoning;6807323;'20200219142313;W03-C-Antwerpen-West-FH07;6807323;'20200219142313;W03-C-Antwerpen-West-FH07;19084;FTTH-Cu;11382540;'20191021113554;'Pompstraat 25,27,29;;;;;;;707010;'20191021113539;4509979;'1630000;'24896;Pompstraat;'29;';2000;Antwerpen;;'152000,074;'211710,951;';Y;NA;1;3;Unknown;Unknown;;None;;;';;';;Y;;;;'15/01/2019 12:41:18;1;1736289;;LU;1;';';';';';Y;;HOUSE;WONING - MAISON;NA;;;';;';;Y;;;;'15/01/2019 12:41:18
;;;Zoning;6807323;'20200219142313;W03-C-Antwerpen-West-FH07;6807323;'20200219142313;W03-C-Antwerpen-West-FH07;19084;FTTH-Cu;;';';;;;;;;616794;'20190712080953;1335597;'1630000;'24896;Pompstraat;'30;';2000;Antwerpen;;'151969,342;'211692,919;';Y;NA;4;4;Unknown;Unknown;;None;;;';IFH_BATCH;'12/07/2019 07:34:51;;Y;;;;'12/07/2019 07:28:35;1;1744936;;LU;1;';';';';';Y;;HOUSE;WONING - MAISON;NA;;;';;';;Y;;;;'12/07/2019 07:28:35
;;;Zoning;6807323;'20200219142313;W03-C-Antwerpen-West-FH07;6807323;'20200219142313;W03-C-Antwerpen-West-FH07;19084;FTTH-Cu;;';';;;;;;;616794;'20190712080953;1335597;'1630000;'24896;Pompstraat;'30;';2000;Antwerpen;;'151969,342;'211692,919;';Y;NA;4;4;Unknown;Unknown;;None;;;';IFH_BATCH;'12/07/2019 07:34:51;;Y;;;;'12/07/2019 07:28:35;2;1744937;;LU;1;';';';';';Y;;HOUSE;WONING - MAISON;NA;;;';;';;Y;;;;'12/07/2019 07:28:35
;;;Zoning;6807323;'20200219142313;W03-C-Antwerpen-West-FH07;6807323;'20200219142313;W03-C-Antwerpen-West-FH07;19084;FTTH-Cu;;';';;;;;;;616794;'20190712080953;1335597;'1630000;'24896;Pompstraat;'30;';2000;Antwerpen;;'151969,342;'211692,919;';Y;NA;4;4;Unknown;Unknown;;None;;;';IFH_BATCH;'12/07/2019 07:34:51;;Y;;;;'12/07/2019 07:28:35;3;1744938;;LU;1;';';';';';Y;;HOUSE;WONING - MAISON;NA;;;';;';;Y;;;;'12/07/2019 07:28:35
;;;Zoning;6807323;'20200219142313;W03-C-Antwerpen-West-FH07;6807323;'20200219142313;W03-C-Antwerpen-West-FH07;19084;FTTH-Cu;;';';;;;;;;616794;'20190712080953;1335597;'1630000;'24896;Pompstraat;'30;';2000;Antwerpen;;'151969,342;'211692,919;';Y;NA;4;4;Unknown;Unknown;;None;;;';IFH_BATCH;'12/07/2019 07:34:51;;Y;;;;'12/07/2019 07:28:35;4;11086846;;LU;1;';';';';';;;;;;;;';;';;Y;;;;'12/07/2019 07:28:35
;;;Zoning;6807323;'20200219142313;W03-C-Antwerpen-West-FH07;6807323;'20200219142313;W03-C-Antwerpen-West-FH07;19084;FTTH-Cu;;';';;;;;;;669227;'20191021113510;2045077;'1630000;'24896;Pompstraat;'31;';2000;Antwerpen;;'151997,36;'211705,469;';Y;NA;4;12;Unknown;Unknown;;None;;;';;';;Y;;;;'15/01/2019 12:41:18;1;1746494;;LU;1;';';';';';Y;#A.GV.1.2/KAVEL1/MAGAZIJN;APPART;DEEL_APP_GEBOUW - PARTIE_IMMEUBLE_APP;APPART;;;';;';;Y;;;;'15/01/2019 12:41:18
;;;Zoning;6807323;'20200219142313;W03-C-Antwerpen-West-FH07;6807323;'20200219142313;W03-C-Antwerpen-West-FH07;19084;FTTH-Cu;;';';;;;;;;669227;'20191021113510;2045077;'1630000;'24896;Pompstraat;'31;';2000;Antwerpen;;'151997,36;'211705,469;';Y;NA;4;12;Unknown;Unknown;;None;;;';;';;Y;;;;'15/01/2019 12:41:18;2;1746614;;LU;1;';';';';';Y;#A1/2-1.1/;APPART;DEEL_APP_GEBOUW - PARTIE_IMMEUBLE_APP;APPART;;;';;';;Y;;;;'15/01/2019 12:41:18
;;;Zoning;6807323;'20200219142313;W03-C-Antwerpen-West-FH07;6807323;'20200219142313;W03-C-Antwerpen-West-FH07;19084;FTTH-Cu;;';';;;;;;;669227;'20191021113510;2045077;'1630000;'24896;Pompstraat;'31;';2000;Antwerpen;;'151997,36;'211705,469;';Y;NA;4;12;Unknown;Unknown;;None;;;';;';;Y;;;;'15/01/2019 12:41:18;3;1746786;;LU;1;';';';';';Y;#A2/2-1.2/;APPART;DEEL_APP_GEBOUW - PARTIE_IMMEUBLE_APP;APPART;;;';;';;Y;;;;'15/01/2019 12:41:18
;;;Zoning;6807323;'20200219142313;W03-C-Antwerpen-West-FH07;6807323;'20200219142313;W03-C-Antwerpen-West-FH07;19084;FTTH-Cu;;';';;;;;;;11378610;'20191021095458;4510013;'1630000;'24896;Pompstraat;'32;';2000;Antwerpen;;'151968,618;'211688,395;';Y;NA;4;12;Unknown;Unknown;;None;;;';;';;Y;;;;'15/01/2019 12:41:18;1;11086188;;LU;1;';';';';';;;;;;;;';;';;Y;;;;'15/01/2019 12:41:18
;;;Zoning;6807323;'20200219142313;W03-C-Antwerpen-West-FH07;6807323;'20200219142313;W03-C-Antwerpen-West-FH07;19084;FTTH-Cu;;';';;;;;;;11378610;'20191021095458;4510013;'1630000;'24896;Pompstraat;'32;';2000;Antwerpen;;'151968,618;'211688,395;';Y;NA;4;12;Unknown;Unknown;;None;;;';;';;Y;;;;'15/01/2019 12:41:18;2;11086189;;LU;1;';';';';';;;;;;;;';;';;Y;;;;'15/01/2019 12:41:18
;;;Zoning;6807323;'20200219142313;W03-C-Antwerpen-West-FH07;6807323;'20200219142313;W03-C-Antwerpen-West-FH07;19084;FTTH-Cu;;';';;;;;;;11378610;'20191021095458;4510013;'1630000;'24896;Pompstraat;'32;';2000;Antwerpen;;'151968,618;'211688,395;';Y;NA;4;12;Unknown;Unknown;;None;;;';;';;Y;;;;'15/01/2019 12:41:18;3;11086190;;LU;1;';';';';';;;;;;;;';;';;Y;;;;'15/01/2019 12:41:18
;;;Zoning;6807323;'20200219142313;W03-C-Antwerpen-West-FH07;6807323;'20200219142313;W03-C-Antwerpen-West-FH07;19084;FTTH-Cu;;';';;;;;;;11378610;'20191021095458;4510013;'1630000;'24896;Pompstraat;'32;';2000;Antwerpen;;'151968,618;'211688,395;';Y;NA;4;12;Unknown;Unknown;;None;;;';;';;Y;;;;'15/01/2019 12:41:18;4;11086192;;LU;1;';';';';';;;;;;;;';;';;Y;;;;'15/01/2019 12:41:18
;;;Zoning;6807323;'20200219142313;W03-C-Antwerpen-West-FH07;6807323;'20200219142313;W03-C-Antwerpen-West-FH07;19084;FTTH-Cu;;';';;;;;;;669228;'20191021113500;2045078;'1630000;'24896;Pompstraat;'33;';2000;Antwerpen;;'151995,585;'211697,967;';Y;NA;4;12;Unknown;Unknown;;None;;;';;';;Y;;;;'15/01/2019 12:41:18;1;1754765;;LU;1;';';';';';Y;;HOUSE;WONING - MAISON;NA;;;';;';;Y;;;;'15/01/2019 12:41:18
;;;Zoning;6807323;'20200219142313;W03-C-Antwerpen-West-FH07;6807323;'20200219142313;W03-C-Antwerpen-West-FH07;19084;FTTH-Cu;;';';;;;;;;669228;'20191021113500;2045078;'1630000;'24896;Pompstraat;'33;';2000;Antwerpen;;'151995,585;'211697,967;';Y;NA;4;12;Unknown;Unknown;;None;;;';;';;Y;;;;'15/01/2019 12:41:18;2;1754766;;LU;1;';';';';';Y;;HOUSE;WONING - MAISON;NA;;;';;';;Y;;;;'15/01/2019 12:41:18
;;;Zoning;6807323;'20200219142313;W03-C-Antwerpen-West-FH07;6807323;'20200219142313;W03-C-Antwerpen-West-FH07;19084;FTTH-Cu;;';';;;;;;;669228;'20191021113500;2045078;'1630000;'24896;Pompstraat;'33;';2000;Antwerpen;;'151995,585;'211697,967;';Y;NA;4;12;Unknown;Unknown;;None;;;';;';;Y;;;;'15/01/2019 12:41:18;3;1754767;;LU;1;';';';';';Y;;HOUSE;WONING - MAISON;NA;;;';;';;Y;;;;'15/01/2019 12:41:18
;;;Zoning;6807323;'20200219142313;W03-C-Antwerpen-West-FH07;6807323;'20200219142313;W03-C-Antwerpen-West-FH07;19084;FTTH-Cu;;';';;;;;;;669228;'20191021113500;2045078;'1630000;'24896;Pompstraat;'33;';2000;Antwerpen;;'151995,585;'211697,967;';Y;NA;4;12;Unknown;Unknown;;None;;;';;';;Y;;;;'15/01/2019 12:41:18;4;1754768;;LU;1;';';';';';Y;;HOUSE;WONING - MAISON;NA;;;';;';;Y;;;;'15/01/2019 12:41:18
;;;Zoning;6807323;'20200219142313;W03-C-Antwerpen-West-FH07;6807323;'20200219142313;W03-C-Antwerpen-West-FH07;19084;FTTH-Cu;;';';;;;;;;11378670;'20191021111433;6020132;'1630000;'24896;Pompstraat;'37;';2000;Antwerpen;;'151986,369;'211683,184;';Y;NA;15;4;Unknown;Unknown;;None;;;';IFH_BATCH;'12/07/2019 07:34:56;;Y;;;;'12/07/2019 07:28:35;1;11086202;;BU;1;';';';';';;;;;;;;';;';;Y;;;;'12/07/2019 07:28:35
;;;Zoning;6807323;'20200219142313;W03-C-Antwerpen-West-FH07;6807323;'20200219142313;W03-C-Antwerpen-West-FH07;19084;FTTH-Cu;;';';;;;;;;11378670;'20191021111433;6020132;'1630000;'24896;Pompstraat;'37;';2000;Antwerpen;;'151986,369;'211683,184;';Y;NA;15;4;Unknown;Unknown;;None;;;';IFH_BATCH;'12/07/2019 07:34:56;;Y;;;;'12/07/2019 07:28:35;2;11086203;;LU;1;';';';';';;;;;;;;';;';;Y;;;;'12/07/2019 07:28:35
;;;Zoning;6807323;'20200219142313;W03-C-Antwerpen-West-FH07;6807323;'20200219142313;W03-C-Antwerpen-West-FH07;19084;FTTH-Cu;;';';;;;;;;11378670;'20191021111433;6020132;'1630000;'24896;Pompstraat;'37;';2000;Antwerpen;;'151986,369;'211683,184;';Y;NA;15;4;Unknown;Unknown;;None;;;';IFH_BATCH;'12/07/2019 07:34:56;;Y;;;;'12/07/2019 07:28:35;3;11086204;;LU;1;';';';';';;;;;;;;';;';;Y;;;;'12/07/2019 07:28:35
;;;Zoning;6807323;'20200219142313;W03-C-Antwerpen-West-FH07;6807323;'20200219142313;W03-C-Antwerpen-West-FH07;19084;FTTH-Cu;;';';;;;;;;11378670;'20191021111433;6020132;'1630000;'24896;Pompstraat;'37;';2000;Antwerpen;;'151986,369;'211683,184;';Y;NA;15;4;Unknown;Unknown;;None;;;';IFH_BATCH;'12/07/2019 07:34:56;;Y;;;;'12/07/2019 07:28:35;4;11086205;;LU;1;';';';';';;;;;;;;';;';;Y;;;;'12/07/2019 07:28:35
;;;Zoning;6807323;'20200219142313;W03-C-Antwerpen-West-FH07;6807323;'20200219142313;W03-C-Antwerpen-West-FH07;19084;FTTH-Cu;;';';;;;;;;11378670;'20191021111433;6020132;'1630000;'24896;Pompstraat;'37;';2000;Antwerpen;;'151986,369;'211683,184;';Y;NA;15;4;Unknown;Unknown;;None;;;';IFH_BATCH;'12/07/2019 07:34:56;;Y;;;;'12/07/2019 07:28:35;5;11086206;;LU;1;';';';';';;;;;;;;';;';;Y;;;;'12/07/2019 07:28:35
;;;Zoning;6807323;'20200219142313;W03-C-Antwerpen-West-FH07;6807323;'20200219142313;W03-C-Antwerpen-West-FH07;19084;FTTH-Cu;;';';;;;;;;11378670;'20191021111433;6020132;'1630000;'24896;Pompstraat;'37;';2000;Antwerpen;;'151986,369;'211683,184;';Y;NA;15;4;Unknown;Unknown;;None;;;';IFH_BATCH;'12/07/2019 07:34:56;;Y;;;;'12/07/2019 07:28:35;6;11086207;;LU;1;';';';';';;;;;;;;';;';;Y;;;;'12/07/2019 07:28:35
;;;Zoning;6807323;'20200219142313;W03-C-Antwerpen-West-FH07;6807323;'20200219142313;W03-C-Antwerpen-West-FH07;19084;FTTH-Cu;;';';;;;;;;11378670;'20191021111433;6020132;'1630000;'24896;Pompstraat;'37;';2000;Antwerpen;;'151986,369;'211683,184;';Y;NA;15;4;Unknown;Unknown;;None;;;';IFH_BATCH;'12/07/2019 07:34:56;;Y;;;;'12/07/2019 07:28:35;7;11086208;;LU;1;';';';';';;;;;;;;';;';;Y;;;;'12/07/2019 07:28:35
;;;Zoning;6807323;'20200219142313;W03-C-Antwerpen-West-FH07;6807323;'20200219142313;W03-C-Antwerpen-West-FH07;19084;FTTH-Cu;;';';;;;;;;11378670;'20191021111433;6020132;'1630000;'24896;Pompstraat;'37;';2000;Antwerpen;;'151986,369;'211683,184;';Y;NA;15;4;Unknown;Unknown;;None;;;';IFH_BATCH;'12/07/2019 07:34:56;;Y;;;;'12/07/2019 07:28:35;8;11086209;;LU;1;';';';';';;;;;;;;';;';;Y;;;;'12/07/2019 07:28:35
;;;Zoning;6807323;'20200219142313;W03-C-Antwerpen-West-FH07;6807323;'20200219142313;W03-C-Antwerpen-West-FH07;19084;FTTH-Cu;;';';;;;;;;11378670;'20191021111433;6020132;'1630000;'24896;Pompstraat;'37;';2000;Antwerpen;;'151986,369;'211683,184;';Y;NA;15;4;Unknown;Unknown;;None;;;';IFH_BATCH;'12/07/2019 07:34:56;;Y;;;;'12/07/2019 07:28:35;9;11086210;;LU;1;';';';';';;;;;;;;';;';;Y;;;;'12/07/2019 07:28:35
;;;Zoning;6807323;'20200219142313;W03-C-Antwerpen-West-FH07;6807323;'20200219142313;W03-C-Antwerpen-West-FH07;19084;FTTH-Cu;11382586;'20191021143329;'Prekersstraat 2 A Prekersstraat 2 B;;;;;;;11379074;'20191021143310;2045603;'1630000;'25165;Prekersstraat;'2;'A;2000;Antwerpen;;'151819,472;'211581,237;';N;IRREG;5;15;Unknown;Unknown;;None;;;';;';;Y;;;;'15/01/2019 12:41:18;1;11086358;;LU;1;';';';';';;;;;;;;';;';;Y;;;;'15/01/2019 12:41:18
;;;Zoning;6807323;'20200219142313;W03-C-Antwerpen-West-FH07;6807323;'20200219142313;W03-C-Antwerpen-West-FH07;19084;FTTH-Cu;11382586;'20191021143329;'Prekersstraat 2 A Prekersstraat 2 B;;;;;;;11379074;'20191021143310;2045603;'1630000;'25165;Prekersstraat;'2;'A;2000;Antwerpen;;'151819,472;'211581,237;';N;IRREG;5;15;Unknown;Unknown;;None;;;';;';;Y;;;;'15/01/2019 12:41:18;2;11086359;;LU;1;';';';';';;;;;;;;';;';;Y;;;;'15/01/2019 12:41:18
;;;Zoning;6807323;'20200219142313;W03-C-Antwerpen-West-FH07;6807323;'20200219142313;W03-C-Antwerpen-West-FH07;19084;FTTH-Cu;11382586;'20191021143329;'Prekersstraat 2 A Prekersstraat 2 B;;;;;;;11379074;'20191021143310;2045603;'1630000;'25165;Prekersstraat;'2;'A;2000;Antwerpen;;'151819,472;'211581,237;';N;IRREG;5;15;Unknown;Unknown;;None;;;';;';;Y;;;;'15/01/2019 12:41:18;3;11086360;;LU;1;';';';';';;;;;;;;';;';;Y;;;;'15/01/2019 12:41:18
;;;Zoning;6807323;'20200219142313;W03-C-Antwerpen-West-FH07;6807323;'20200219142313;W03-C-Antwerpen-West-FH07;19084;FTTH-Cu;11382586;'20191021143329;'Prekersstraat 2 A Prekersstraat 2 B;;;;;;;11379074;'20191021143310;2045603;'1630000;'25165;Prekersstraat;'2;'A;2000;Antwerpen;;'151819,472;'211581,237;';N;IRREG;5;15;Unknown;Unknown;;None;;;';;';;Y;;;;'15/01/2019 12:41:18;4;11086361;;LU;1;';';';';';;;;;;;;';;';;Y;;;;'15/01/2019 12:41:18
;;;Zoning;6807323;'20200219142313;W03-C-Antwerpen-West-FH07;6807323;'20200219142313;W03-C-Antwerpen-West-FH07;19084;FTTH-Cu;11382586;'20191021143329;'Prekersstraat 2 A Prekersstraat 2 B;;;;;;;11379074;'20191021143310;2045603;'1630000;'25165;Prekersstraat;'2;'A;2000;Antwerpen;;'151819,472;'211581,237;';N;IRREG;5;15;Unknown;Unknown;;None;;;';;';;Y;;;;'15/01/2019 12:41:18;5;11086362;;LU;1;';';';';';;;;;;;;';;';;Y;;;;'15/01/2019 12:41:18
;;;Zoning;6807323;'20200219142313;W03-C-Antwerpen-West-FH07;6807323;'20200219142313;W03-C-Antwerpen-West-FH07;19084;FTTH-Cu;11382586;'20191021143329;'Prekersstraat 2 A Prekersstraat 2 B;;;;;;;11378981;'20191021143320;3928194;'1630000;'25165;Prekersstraat;'2;'B;2000;Antwerpen;;'151826,405;'211579;';N;IRREG;5;15;Unknown;Unknown;;None;;;';;';;Y;;;;'15/01/2019 12:41:18;1;11086352;;LU;1;';';';';';;;;;;;;';;';;Y;;;;'15/01/2019 12:41:18
;;;Zoning;6807323;'20200219142313;W03-C-Antwerpen-West-FH07;6807323;'20200219142313;W03-C-Antwerpen-West-FH07;19084;FTTH-Cu;11382586;'20191021143329;'Prekersstraat 2 A Prekersstraat 2 B;;;;;;;11378981;'20191021143320;3928194;'1630000;'25165;Prekersstraat;'2;'B;2000;Antwerpen;;'151826,405;'211579;';N;IRREG;5;15;Unknown;Unknown;;None;;;';;';;Y;;;;'15/01/2019 12:41:18;2;11086353;;LU;1;';';';';';;;;;;;;';;';;Y;;;;'15/01/2019 12:41:18
;;;Zoning;6807323;'20200219142313;W03-C-Antwerpen-West-FH07;6807323;'20200219142313;W03-C-Antwerpen-West-FH07;19084;FTTH-Cu;11382586;'20191021143329;'Prekersstraat 2 A Prekersstraat 2 B;;;;;;;11378981;'20191021143320;3928194;'1630000;'25165;Prekersstraat;'2;'B;2000;Antwerpen;;'151826,405;'211579;';N;IRREG;5;15;Unknown;Unknown;;None;;;';;';;Y;;;;'15/01/2019 12:41:18;3;11086354;;LU;1;';';';';';;;;;;;;';;';;Y;;;;'15/01/2019 12:41:18
;;;Zoning;6807323;'20200219142313;W03-C-Antwerpen-West-FH07;6807323;'20200219142313;W03-C-Antwerpen-West-FH07;19084;FTTH-Cu;11382586;'20191021143329;'Prekersstraat 2 A Prekersstraat 2 B;;;;;;;11378981;'20191021143320;3928194;'1630000;'25165;Prekersstraat;'2;'B;2000;Antwerpen;;'151826,405;'211579;';N;IRREG;5;15;Unknown;Unknown;;None;;;';;';;Y;;;;'15/01/2019 12:41:18;4;11086356;;LU;1;';';';';';;;;;;;;';;';;Y;;;;'15/01/2019 12:41:18
;;;Zoning;6807323;'20200219142313;W03-C-Antwerpen-West-FH07;6807323;'20200219142313;W03-C-Antwerpen-West-FH07;19084;FTTH-Cu;11382586;'20191021143329;'Prekersstraat 2 A Prekersstraat 2 B;;;;;;;11378981;'20191021143320;3928194;'1630000;'25165;Prekersstraat;'2;'B;2000;Antwerpen;;'151826,405;'211579;';N;IRREG;5;15;Unknown;Unknown;;None;;;';;';;Y;;;;'15/01/2019 12:41:18;5;11086357;;LU;1;';';';';';;;;;;;;';;';;Y;;;;'15/01/2019 12:41:18
;;;Zoning;6807323;'20200219142313;W03-C-Antwerpen-West-FH07;6807323;'20200219142313;W03-C-Antwerpen-West-FH07;19084;FTTH-Cu;11382494;'20191021143443;'Prekersstraat 4 A - 4 B - 6 A - 6 B;;;;;;;726232;'20190115201313;976558;'1630000;'25165;Prekersstraat;'4;';2000;Antwerpen;;'151835,784;'211550,319;';N;ORN;5;15;Unknown;Unknown;;None;;;';;';;Y;;;;'15/01/2019 12:41:18;1;1775842;;LU;1;';';';';';Y;;APTBLD;APPARTEMENTSGEBOUW - IMMEUBLE A APPARTEMENTS;NA;;;';;';;Y;;;;'15/01/2019 12:41:18
;;;Zoning;6807323;'20200219142313;W03-C-Antwerpen-West-FH07;6807323;'20200219142313;W03-C-Antwerpen-West-FH07;19084;FTTH-Cu;11382494;'20191021143443;'Prekersstraat 4 A - 4 B - 6 A - 6 B;;;;;;;726232;'20190115201313;976558;'1630000;'25165;Prekersstraat;'4;';2000;Antwerpen;;'151835,784;'211550,319;';N;ORN;5;15;Unknown;Unknown;;None;;;';;';;Y;;;;'15/01/2019 12:41:18;2;1775843;;LU;1;';';';';';Y;;APTBLD;APPARTEMENTSGEBOUW - IMMEUBLE A APPARTEMENTS;NA;;;';;';;Y;;;;'15/01/2019 12:41:18
;;;Zoning;6807323;'20200219142313;W03-C-Antwerpen-West-FH07;6807323;'20200219142313;W03-C-Antwerpen-West-FH07;19084;FTTH-Cu;11382494;'20191021143443;'Prekersstraat 4 A - 4 B - 6 A - 6 B;;;;;;;726232;'20190115201313;976558;'1630000;'25165;Prekersstraat;'4;';2000;Antwerpen;;'151835,784;'211550,319;';N;ORN;5;15;Unknown;Unknown;;None;;;';;';;Y;;;;'15/01/2019 12:41:18;3;1775844;;LU;1;';';';';';Y;;APTBLD;APPARTEMENTSGEBOUW - IMMEUBLE A APPARTEMENTS;NA;;;';;';;Y;;;;'15/01/2019 12:41:18
;;;Zoning;6807323;'20200219142313;W03-C-Antwerpen-West-FH07;6807323;'20200219142313;W03-C-Antwerpen-West-FH07;19084;FTTH-Cu;11382494;'20191021143443;'Prekersstraat 4 A - 4 B - 6 A - 6 B;;;;;;;726232;'20190115201313;976558;'1630000;'25165;Prekersstraat;'4;';2000;Antwerpen;;'151835,784;'211550,319;';N;ORN;5;15;Unknown;Unknown;;None;;;';;';;Y;;;;'15/01/2019 12:41:18;4;1775845;;LU;1;';';';';';Y;;APTBLD;APPARTEMENTSGEBOUW - IMMEUBLE A APPARTEMENTS;NA;;;';;';;Y;;;;'15/01/2019 12:41:18
;;;Zoning;6807323;'20200219142313;W03-C-Antwerpen-West-FH07;6807323;'20200219142313;W03-C-Antwerpen-West-FH07;19084;FTTH-Cu;11382494;'20191021143443;'Prekersstraat 4 A - 4 B - 6 A - 6 B;;;;;;;726232;'20190115201313;976558;'1630000;'25165;Prekersstraat;'4;';2000;Antwerpen;;'151835,784;'211550,319;';N;ORN;5;15;Unknown;Unknown;;None;;;';;';;Y;;;;'15/01/2019 12:41:18;5;1775846;;LU;1;';';';';';Y;;APTBLD;APPARTEMENTSGEBOUW - IMMEUBLE A APPARTEMENTS;NA;;;';;';;Y;;;;'15/01/2019 12:41:18
;;;Zoning;6807323;'20200219142313;W03-C-Antwerpen-West-FH07;6807323;'20200219142313;W03-C-Antwerpen-West-FH07;19084;FTTH-Cu;11382494;'20191021143443;'Prekersstraat 4 A - 4 B - 6 A - 6 B;;;;;;;11379453;'20191021143427;6435987;'1630000;'25165;Prekersstraat;'4;'B;2000;Antwerpen;;'151836,283;'211555,997;';N;IRREG;5;15;Unknown;Unknown;;None;;;';;';;Y;;;;'15/01/2019 12:41:18;1;11086559;;LU;1;';';';';';;;;;;;;';;';;Y;;;;'15/01/2019 12:41:18
;;;Zoning;6807323;'20200219142313;W03-C-Antwerpen-West-FH07;6807323;'20200219142313;W03-C-Antwerpen-West-FH07;19084;FTTH-Cu;11382494;'20191021143443;'Prekersstraat 4 A - 4 B - 6 A - 6 B;;;;;;;11379453;'20191021143427;6435987;'1630000;'25165;Prekersstraat;'4;'B;2000;Antwerpen;;'151836,283;'211555,997;';N;IRREG;5;15;Unknown;Unknown;;None;;;';;';;Y;;;;'15/01/2019 12:41:18;2;11086560;;LU;1;';';';';';;;;;;;;';;';;Y;;;;'15/01/2019 12:41:18
;;;Zoning;6807323;'20200219142313;W03-C-Antwerpen-West-FH07;6807323;'20200219142313;W03-C-Antwerpen-West-FH07;19084;FTTH-Cu;11382494;'20191021143443;'Prekersstraat 4 A - 4 B - 6 A - 6 B;;;;;;;11379453;'20191021143427;6435987;'1630000;'25165;Prekersstraat;'4;'B;2000;Antwerpen;;'151836,283;'211555,997;';N;IRREG;5;15;Unknown;Unknown;;None;;;';;';;Y;;;;'15/01/2019 12:41:18;3;11086561;;LU;1;';';';';';;;;;;;;';;';;Y;;;;'15/01/2019 12:41:18
;;;Zoning;6807323;'20200219142313;W03-C-Antwerpen-West-FH07;6807323;'20200219142313;W03-C-Antwerpen-West-FH07;19084;FTTH-Cu;11382494;'20191021143443;'Prekersstraat 4 A - 4 B - 6 A - 6 B;;;;;;;11379453;'20191021143427;6435987;'1630000;'25165;Prekersstraat;'4;'B;2000;Antwerpen;;'151836,283;'211555,997;';N;IRREG;5;15;Unknown;Unknown;;None;;;';;';;Y;;;;'15/01/2019 12:41:18;4;11086562;;LU;1;';';';';';;;;;;;;';;';;Y;;;;'15/01/2019 12:41:18
;;;Zoning;6807323;'20200219142313;W03-C-Antwerpen-West-FH07;6807323;'20200219142313;W03-C-Antwerpen-West-FH07;19084;FTTH-Cu;11382494;'20191021143443;'Prekersstraat 4 A - 4 B - 6 A - 6 B;;;;;;;11379450;'20191021143418;6452134;'1630000;'25165;Prekersstraat;'6;'A;2000;Antwerpen;;'151834,103;'211544,925;';N;ORN;5;15;Unknown;Unknown;;None;;;';;';;Y;;;;'15/01/2019 12:41:18;1;11086554;;LU;1;';';';';';;;;;;;;';;';;Y;;;;'15/01/2019 12:41:18
;;;Zoning;6807323;'20200219142313;W03-C-Antwerpen-West-FH07;6807323;'20200219142313;W03-C-Antwerpen-West-FH07;19084;FTTH-Cu;11382494;'20191021143443;'Prekersstraat 4 A - 4 B - 6 A - 6 B;;;;;;;11379450;'20191021143418;6452134;'1630000;'25165;Prekersstraat;'6;'A;2000;Antwerpen;;'151834,103;'211544,925;';N;ORN;5;15;Unknown;Unknown;;None;;;';;';;Y;;;;'15/01/2019 12:41:18;2;11086555;;LU;1;';';';';';;;;;;;;';;';;Y;;;;'15/01/2019 12:41:18
;;;Zoning;6807323;'20200219142313;W03-C-Antwerpen-West-FH07;6807323;'20200219142313;W03-C-Antwerpen-West-FH07;19084;FTTH-Cu;11382494;'20191021143443;'Prekersstraat 4 A - 4 B - 6 A - 6 B;;;;;;;11379450;'20191021143418;6452134;'1630000;'25165;Prekersstraat;'6;'A;2000;Antwerpen;;'151834,103;'211544,925;';N;ORN;5;15;Unknown;Unknown;;None;;;';;';;Y;;;;'15/01/2019 12:41:18;3;11086556;;LU;1;';';';';';;;;;;;;';;';;Y;;;;'15/01/2019 12:41:18
;;;Zoning;6807323;'20200219142313;W03-C-Antwerpen-West-FH07;6807323;'20200219142313;W03-C-Antwerpen-West-FH07;19084;FTTH-Cu;11382494;'20191021143443;'Prekersstraat 4 A - 4 B - 6 A - 6 B;;;;;;;11379450;'20191021143418;6452134;'1630000;'25165;Prekersstraat;'6;'A;2000;Antwerpen;;'151834,103;'211544,925;';N;ORN;5;15;Unknown;Unknown;;None;;;';;';;Y;;;;'15/01/2019 12:41:18;4;11086557;;LU;1;';';';';';;;;;;;;';;';;Y;;;;'15/01/2019 12:41:18
;;;Zoning;6807323;'20200219142313;W03-C-Antwerpen-West-FH07;6807323;'20200219142313;W03-C-Antwerpen-West-FH07;19084;FTTH-Cu;;';';;;;;;;726233;'20191021143514;976560;'1630000;'25165;Prekersstraat;'8;';2000;Antwerpen;;'151865,293;'211570,888;';N;ORN;5;15;Unknown;Unknown;;None;;;';;';;Y;;;;'15/01/2019 12:41:18;1;1855841;;LU;1;';';';';';Y;;APTBLD;APPARTEMENTSGEBOUW - IMMEUBLE A APPARTEMENTS;NA;;;';;';;Y;;;;'15/01/2019 12:41:18
;;;Zoning;6807323;'20200219142313;W03-C-Antwerpen-West-FH07;6807323;'20200219142313;W03-C-Antwerpen-West-FH07;19084;FTTH-Cu;;';';;;;;;;726233;'20191021143514;976560;'1630000;'25165;Prekersstraat;'8;';2000;Antwerpen;;'151865,293;'211570,888;';N;ORN;5;15;Unknown;Unknown;;None;;;';;';;Y;;;;'15/01/2019 12:41:18;2;1855842;;LU;1;';';';';';Y;;APTBLD;APPARTEMENTSGEBOUW - IMMEUBLE A APPARTEMENTS;NA;;;';;';;Y;;;;'15/01/2019 12:41:18
;;;Zoning;6807323;'20200219142313;W03-C-Antwerpen-West-FH07;6807323;'20200219142313;W03-C-Antwerpen-West-FH07;19084;FTTH-Cu;;';';;;;;;;726233;'20191021143514;976560;'1630000;'25165;Prekersstraat;'8;';2000;Antwerpen;;'151865,293;'211570,888;';N;ORN;5;15;Unknown;Unknown;;None;;;';;';;Y;;;;'15/01/2019 12:41:18;3;1855843;;LU;1;';';';';';Y;;APTBLD;APPARTEMENTSGEBOUW - IMMEUBLE A APPARTEMENTS;NA;;;';;';;Y;;;;'15/01/2019 12:41:18
;;;Zoning;6807323;'20200219142313;W03-C-Antwerpen-West-FH07;6807323;'20200219142313;W03-C-Antwerpen-West-FH07;19084;FTTH-Cu;;';';;;;;;;726233;'20191021143514;976560;'1630000;'25165;Prekersstraat;'8;';2000;Antwerpen;;'151865,293;'211570,888;';N;ORN;5;15;Unknown;Unknown;;None;;;';;';;Y;;;;'15/01/2019 12:41:18;4;1855844;;LU;1;';';';';';Y;;APTBLD;APPARTEMENTSGEBOUW - IMMEUBLE A APPARTEMENTS;NA;;;';;';;Y;;;;'15/01/2019 12:41:18
;;;Zoning;6807323;'20200219142313;W03-C-Antwerpen-West-FH07;6807323;'20200219142313;W03-C-Antwerpen-West-FH07;19084;FTTH-Cu;;';';;;;;;;726233;'20191021143514;976560;'1630000;'25165;Prekersstraat;'8;';2000;Antwerpen;;'151865,293;'211570,888;';N;ORN;5;15;Unknown;Unknown;;None;;;';;';;Y;;;;'15/01/2019 12:41:18;5;1855845;;LU;1;';';';';';Y;;APTBLD;APPARTEMENTSGEBOUW - IMMEUBLE A APPARTEMENTS;NA;;;';;';;Y;;;;'15/01/2019 12:41:18
;;;Zoning;6807323;'20200219142313;W03-C-Antwerpen-West-FH07;6807323;'20200219142313;W03-C-Antwerpen-West-FH07;19084;FTTH-Cu;11382579;'20191021143536;'Prekersstraat 8 A - 8 B - 10 A - 10 B;;;;;;;11379475;'20190117011208;6526021;'1630000;'25165;Prekersstraat;'8;'B;2000;Antwerpen;;'151873;'211568;';N;IRREG;5;15;Unknown;Unknown;;None;;;';;';;Y;;;;'15/01/2019 12:41:18;1;11086570;;LU;1;';';';';';;;;;;;;';;';;Y;;;;'15/01/2019 12:41:18
;;;Zoning;6807323;'20200219142313;W03-C-Antwerpen-West-FH07;6807323;'20200219142313;W03-C-Antwerpen-West-FH07;19084;FTTH-Cu;11382579;'20191021143536;'Prekersstraat 8 A - 8 B - 10 A - 10 B;;;;;;;11379475;'20190117011208;6526021;'1630000;'25165;Prekersstraat;'8;'B;2000;Antwerpen;;'151873;'211568;';N;IRREG;5;15;Unknown;Unknown;;None;;;';;';;Y;;;;'15/01/2019 12:41:18;2;11086571;;LU;1;';';';';';;;;;;;;';;';;Y;;;;'15/01/2019 12:41:18
;;;Zoning;6807323;'20200219142313;W03-C-Antwerpen-West-FH07;6807323;'20200219142313;W03-C-Antwerpen-West-FH07;19084;FTTH-Cu;11382579;'20191021143536;'Prekersstraat 8 A - 8 B - 10 A - 10 B;;;;;;;11379475;'20190117011208;6526021;'1630000;'25165;Prekersstraat;'8;'B;2000;Antwerpen;;'151873;'211568;';N;IRREG;5;15;Unknown;Unknown;;None;;;';;';;Y;;;;'15/01/2019 12:41:18;3;11086572;;LU;1;';';';';';;;;;;;;';;';;Y;;;;'15/01/2019 12:41:18
;;;Zoning;6807323;'20200219142313;W03-C-Antwerpen-West-FH07;6807323;'20200219142313;W03-C-Antwerpen-West-FH07;19084;FTTH-Cu;11382579;'20191021143536;'Prekersstraat 8 A - 8 B - 10 A - 10 B;;;;;;;11379475;'20190117011208;6526021;'1630000;'25165;Prekersstraat;'8;'B;2000;Antwerpen;;'151873;'211568;';N;IRREG;5;15;Unknown;Unknown;;None;;;';;';;Y;;;;'15/01/2019 12:41:18;4;11086573;;LU;1;';';';';';;;;;;;;';;';;Y;;;;'15/01/2019 12:41:18
;;;Zoning;6807323;'20200219142313;W03-C-Antwerpen-West-FH07;6807323;'20200219142313;W03-C-Antwerpen-West-FH07;19084;FTTH-Cu;11382579;'20191021143536;'Prekersstraat 8 A - 8 B - 10 A - 10 B;;;;;;;11379475;'20190117011208;6526021;'1630000;'25165;Prekersstraat;'8;'B;2000;Antwerpen;;'151873;'211568;';N;IRREG;5;15;Unknown;Unknown;;None;;;';;';;Y;;;;'15/01/2019 12:41:18;5;11086574;;LU;1;';';';';';;;;;;;;';;';;Y;;;;'15/01/2019 12:41:18
;;;Zoning;6807323;'20200219142313;W03-C-Antwerpen-West-FH07;6807323;'20200219142313;W03-C-Antwerpen-West-FH07;19084;FTTH-Cu;11382579;'20191021143536;'Prekersstraat 8 A - 8 B - 10 A - 10 B;;;;;;;11378585;'20191021143525;2045604;'1630000;'25165;Prekersstraat;'10;'A;2000;Antwerpen;;'151884,575;'211566,447;';N;IRREG;5;15;Unknown;Unknown;;None;;;';;';;Y;;;;'15/01/2019 12:41:18;1;11086177;;LU;1;';';';';';;;;;;;;';;';;Y;;;;'15/01/2019 12:41:18
;;;Zoning;6807323;'20200219142313;W03-C-Antwerpen-West-FH07;6807323;'20200219142313;W03-C-Antwerpen-West-FH07;19084;FTTH-Cu;11382579;'20191021143536;'Prekersstraat 8 A - 8 B - 10 A - 10 B;;;;;;;11378585;'20191021143525;2045604;'1630000;'25165;Prekersstraat;'10;'A;2000;Antwerpen;;'151884,575;'211566,447;';N;IRREG;5;15;Unknown;Unknown;;None;;;';;';;Y;;;;'15/01/2019 12:41:18;2;11086178;;LU;1;';';';';';;;;;;;;';;';;Y;;;;'15/01/2019 12:41:18
;;;Zoning;6807323;'20200219142313;W03-C-Antwerpen-West-FH07;6807323;'20200219142313;W03-C-Antwerpen-West-FH07;19084;FTTH-Cu;11382579;'20191021143536;'Prekersstraat 8 A - 8 B - 10 A - 10 B;;;;;;;11378585;'20191021143525;2045604;'1630000;'25165;Prekersstraat;'10;'A;2000;Antwerpen;;'151884,575;'211566,447;';N;IRREG;5;15;Unknown;Unknown;;None;;;';;';;Y;;;;'15/01/2019 12:41:18;3;11086179;;LU;1;';';';';';;;;;;;;';;';;Y;;;;'15/01/2019 12:41:18
;;;Zoning;6807323;'20200219142313;W03-C-Antwerpen-West-FH07;6807323;'20200219142313;W03-C-Antwerpen-West-FH07;19084;FTTH-Cu;11382579;'20191021143536;'Prekersstraat 8 A - 8 B - 10 A - 10 B;;;;;;;11378585;'20191021143525;2045604;'1630000;'25165;Prekersstraat;'10;'A;2000;Antwerpen;;'151884,575;'211566,447;';N;IRREG;5;15;Unknown;Unknown;;None;;;';;';;Y;;;;'15/01/2019 12:41:18;4;11086180;;LU;1;';';';';';;;;;;;;';;';;Y;;;;'15/01/2019 12:41:18
;;;Zoning;6807323;'20200219142313;W03-C-Antwerpen-West-FH07;6807323;'20200219142313;W03-C-Antwerpen-West-FH07;19084;FTTH-Cu;11382579;'20191021143536;'Prekersstraat 8 A - 8 B - 10 A - 10 B;;;;;;;11378585;'20191021143525;2045604;'1630000;'25165;Prekersstraat;'10;'A;2000;Antwerpen;;'151884,575;'211566,447;';N;IRREG;5;15;Unknown;Unknown;;None;;;';;';;Y;;;;'15/01/2019 12:41:18;5;11086181;;LU;1;';';';';';;;;;;;;';;';;Y;;;;'15/01/2019 12:41:18
;;;Zoning;6807323;'20200219142313;W03-C-Antwerpen-West-FH07;6807323;'20200219142313;W03-C-Antwerpen-West-FH07;19084;FTTH-Cu;11382579;'20191021143536;'Prekersstraat 8 A - 8 B - 10 A - 10 B;;;;;;;11379316;'20190117011201;2045605;'1630000;'25165;Prekersstraat;'10;'B;2000;Antwerpen;;'151893;'211565;';N;IRREG;5;15;Unknown;Unknown;;None;;;';;';;Y;;;;'15/01/2019 12:41:18;1;11086416;;LU;1;';';';';';;;;;;;;';;';;Y;;;;'15/01/2019 12:41:18
;;;Zoning;6807323;'20200219142313;W03-C-Antwerpen-West-FH07;6807323;'20200219142313;W03-C-Antwerpen-West-FH07;19084;FTTH-Cu;11382579;'20191021143536;'Prekersstraat 8 A - 8 B - 10 A - 10 B;;;;;;;11379316;'20190117011201;2045605;'1630000;'25165;Prekersstraat;'10;'B;2000;Antwerpen;;'151893;'211565;';N;IRREG;5;15;Unknown;Unknown;;None;;;';;';;Y;;;;'15/01/2019 12:41:18;2;11086417;;LU;1;';';';';';;;;;;;;';;';;Y;;;;'15/01/2019 12:41:18
;;;Zoning;6807323;'20200219142313;W03-C-Antwerpen-West-FH07;6807323;'20200219142313;W03-C-Antwerpen-West-FH07;19084;FTTH-Cu;11382579;'20191021143536;'Prekersstraat 8 A - 8 B - 10 A - 10 B;;;;;;;11379316;'20190117011201;2045605;'1630000;'25165;Prekersstraat;'10;'B;2000;Antwerpen;;'151893;'211565;';N;IRREG;5;15;Unknown;Unknown;;None;;;';;';;Y;;;;'15/01/2019 12:41:18;3;11086418;;LU;1;';';';';';;;;;;;;';;';;Y;;;;'15/01/2019 12:41:18
;;;Zoning;6807323;'20200219142313;W03-C-Antwerpen-West-FH07;6807323;'20200219142313;W03-C-Antwerpen-West-FH07;19084;FTTH-Cu;11382579;'20191021143536;'Prekersstraat 8 A - 8 B - 10 A - 10 B;;;;;;;11379316;'20190117011201;2045605;'1630000;'25165;Prekersstraat;'10;'B;2000;Antwerpen;;'151893;'211565;';N;IRREG;5;15;Unknown;Unknown;;None;;;';;';;Y;;;;'15/01/2019 12:41:18;4;11086419;;LU;1;';';';';';;;;;;;;';;';;Y;;;;'15/01/2019 12:41:18
;;;Zoning;6807323;'20200219142313;W03-C-Antwerpen-West-FH07;6807323;'20200219142313;W03-C-Antwerpen-West-FH07;19084;FTTH-Cu;11382579;'20191021143536;'Prekersstraat 8 A - 8 B - 10 A - 10 B;;;;;;;11379316;'20190117011201;2045605;'1630000;'25165;Prekersstraat;'10;'B;2000;Antwerpen;;'151893;'211565;';N;IRREG;5;15;Unknown;Unknown;;None;;;';;';;Y;;;;'15/01/2019 12:41:18;5;11086420;;LU;1;';';';';';;;;;;;;';;';;Y;;;;'15/01/2019 12:41:18
;;;Zoning;6807323;'20200219142313;W03-C-Antwerpen-West-FH07;6807323;'20200219142313;W03-C-Antwerpen-West-FH07;19084;FTTH-Cu;11382495;'20191021144657;'Prekersstraat 16 - 18 - 18 A - 18 B - 18 C - 18 D;;;;;;;712487;'20191021144311;5576143;'1630000;'25165;Prekersstraat;'18;';2000;Antwerpen;;'151925,014;'211553,047;';N;IRREG;5;15;Unknown;Unknown;;None;;;';;';;Y;;;;'15/01/2019 12:41:18;1;1680075;;LU;1;';';';';';Y;;INDU;NIJVERHEIDSGEBOUW - ENTREPRISE INDUSTRIELLE;NA;;;';;';;Y;;;;'15/01/2019 12:41:18
;;;Zoning;6807323;'20200219142313;W03-C-Antwerpen-West-FH07;6807323;'20200219142313;W03-C-Antwerpen-West-FH07;19084;FTTH-Cu;11382495;'20191021144657;'Prekersstraat 16 - 18 - 18 A - 18 B - 18 C - 18 D;;;;;;;712487;'20191021144311;5576143;'1630000;'25165;Prekersstraat;'18;';2000;Antwerpen;;'151925,014;'211553,047;';N;IRREG;5;15;Unknown;Unknown;;None;;;';;';;Y;;;;'15/01/2019 12:41:18;2;11086847;;LU;1;';';';';';;;;;;;;';;';;Y;;;;'15/01/2019 12:41:18
;;;Zoning;6807323;'20200219142313;W03-C-Antwerpen-West-FH07;6807323;'20200219142313;W03-C-Antwerpen-West-FH07;19084;FTTH-Cu;11382495;'20191021144657;'Prekersstraat 16 - 18 - 18 A - 18 B - 18 C - 18 D;;;;;;;11379075;'20191021144347;2045608;'1630000;'25165;Prekersstraat;'18;'A;2000;Antwerpen;;'151932,216;'211550,759;';N;IRREG;5;15;Unknown;Unknown;;None;;;';;';;Y;;;;'15/01/2019 12:41:18;1;11086363;;LU;1;';';';';';;;;;;;;';;';;Y;;;;'15/01/2019 12:41:18
;;;Zoning;6807323;'20200219142313;W03-C-Antwerpen-West-FH07;6807323;'20200219142313;W03-C-Antwerpen-West-FH07;19084;FTTH-Cu;11382495;'20191021144657;'Prekersstraat 16 - 18 - 18 A - 18 B - 18 C - 18 D;;;;;;;11379075;'20191021144347;2045608;'1630000;'25165;Prekersstraat;'18;'A;2000;Antwerpen;;'151932,216;'211550,759;';N;IRREG;5;15;Unknown;Unknown;;None;;;';;';;Y;;;;'15/01/2019 12:41:18;2;11086364;;LU;1;';';';';';;;;;;;;';;';;Y;;;;'15/01/2019 12:41:18
;;;Zoning;6807323;'20200219142313;W03-C-Antwerpen-West-FH07;6807323;'20200219142313;W03-C-Antwerpen-West-FH07;19084;FTTH-Cu;11382495;'20191021144657;'Prekersstraat 16 - 18 - 18 A - 18 B - 18 C - 18 D;;;;;;;11379075;'20191021144347;2045608;'1630000;'25165;Prekersstraat;'18;'A;2000;Antwerpen;;'151932,216;'211550,759;';N;IRREG;5;15;Unknown;Unknown;;None;;;';;';;Y;;;;'15/01/2019 12:41:18;3;11086365;;LU;1;';';';';';;;;;;;;';;';;Y;;;;'15/01/2019 12:41:18
;;;Zoning;6807323;'20200219142313;W03-C-Antwerpen-West-FH07;6807323;'20200219142313;W03-C-Antwerpen-West-FH07;19084;FTTH-Cu;11382495;'20191021144657;'Prekersstraat 16 - 18 - 18 A - 18 B - 18 C - 18 D;;;;;;;11379075;'20191021144347;2045608;'1630000;'25165;Prekersstraat;'18;'A;2000;Antwerpen;;'151932,216;'211550,759;';N;IRREG;5;15;Unknown;Unknown;;None;;;';;';;Y;;;;'15/01/2019 12:41:18;4;11086366;;LU;1;';';';';';;;;;;;;';;';;Y;;;;'15/01/2019 12:41:18
;;;Zoning;6807323;'20200219142313;W03-C-Antwerpen-West-FH07;6807323;'20200219142313;W03-C-Antwerpen-West-FH07;19084;FTTH-Cu;11382495;'20191021144657;'Prekersstraat 16 - 18 - 18 A - 18 B - 18 C - 18 D;;;;;;;11379077;'20200113101724;6526020;'1630000;'25165;Prekersstraat;'18;'B;2000;Antwerpen;;'151940,006;'211549,356;';N;IRREG;5;15;Unknown;Unknown;;None;;;';;';;Y;;;;'15/01/2019 12:41:18;1;11086371;;LU;1;';';';';';;;;;;;;';;';;Y;;;;'15/01/2019 12:41:18
;;;Zoning;6807323;'20200219142313;W03-C-Antwerpen-West-FH07;6807323;'20200219142313;W03-C-Antwerpen-West-FH07;19084;FTTH-Cu;11382495;'20191021144657;'Prekersstraat 16 - 18 - 18 A - 18 B - 18 C - 18 D;;;;;;;11379077;'20200113101724;6526020;'1630000;'25165;Prekersstraat;'18;'B;2000;Antwerpen;;'151940,006;'211549,356;';N;IRREG;5;15;Unknown;Unknown;;None;;;';;';;Y;;;;'15/01/2019 12:41:18;2;11086372;;LU;1;';';';';';;;;;;;;';;';;Y;;;;'15/01/2019 12:41:18
;;;Zoning;6807323;'20200219142313;W03-C-Antwerpen-West-FH07;6807323;'20200219142313;W03-C-Antwerpen-West-FH07;19084;FTTH-Cu;11382495;'20191021144657;'Prekersstraat 16 - 18 - 18 A - 18 B - 18 C - 18 D;;;;;;;11379077;'20200113101724;6526020;'1630000;'25165;Prekersstraat;'18;'B;2000;Antwerpen;;'151940,006;'211549,356;';N;IRREG;5;15;Unknown;Unknown;;None;;;';;';;Y;;;;'15/01/2019 12:41:18;3;11086373;;LU;1;';';';';';;;;;;;;';;';;Y;;;;'15/01/2019 12:41:18
;;;Zoning;6807323;'20200219142313;W03-C-Antwerpen-West-FH07;6807323;'20200219142313;W03-C-Antwerpen-West-FH07;19084;FTTH-Cu;11382495;'20191021144657;'Prekersstraat 16 - 18 - 18 A - 18 B - 18 C - 18 D;;;;;;;11379077;'20200113101724;6526020;'1630000;'25165;Prekersstraat;'18;'B;2000;Antwerpen;;'151940,006;'211549,356;';N;IRREG;5;15;Unknown;Unknown;;None;;;';;';;Y;;;;'15/01/2019 12:41:18;4;11086374;;LU;1;';';';';';;;;;;;;';;';;Y;;;;'15/01/2019 12:41:18
;;;Zoning;6807323;'20200219142313;W03-C-Antwerpen-West-FH07;6807323;'20200219142313;W03-C-Antwerpen-West-FH07;19084;FTTH-Cu;11382495;'20191021144657;'Prekersstraat 16 - 18 - 18 A - 18 B - 18 C - 18 D;;;;;;;11379076;'20191021144329;3928195;'1630000;'25165;Prekersstraat;'18;'D;2000;Antwerpen;;'151946,656;'211547,767;';N;IRREG;5;15;Unknown;Unknown;;None;;;';;';;Y;;;;'15/01/2019 12:41:18;1;11086367;;LU;1;';';';';';;;;;;;;';;';;Y;;;;'15/01/2019 12:41:18
;;;Zoning;6807323;'20200219142313;W03-C-Antwerpen-West-FH07;6807323;'20200219142313;W03-C-Antwerpen-West-FH07;19084;FTTH-Cu;11382495;'20191021144657;'Prekersstraat 16 - 18 - 18 A - 18 B - 18 C - 18 D;;;;;;;11379076;'20191021144329;3928195;'1630000;'25165;Prekersstraat;'18;'D;2000;Antwerpen;;'151946,656;'211547,767;';N;IRREG;5;15;Unknown;Unknown;;None;;;';;';;Y;;;;'15/01/2019 12:41:18;2;11086368;;LU;1;';';';';';;;;;;;;';;';;Y;;;;'15/01/2019 12:41:18
;;;Zoning;6807323;'20200219142313;W03-C-Antwerpen-West-FH07;6807323;'20200219142313;W03-C-Antwerpen-West-FH07;19084;FTTH-Cu;11382495;'20191021144657;'Prekersstraat 16 - 18 - 18 A - 18 B - 18 C - 18 D;;;;;;;11379076;'20191021144329;3928195;'1630000;'25165;Prekersstraat;'18;'D;2000;Antwerpen;;'151946,656;'211547,767;';N;IRREG;5;15;Unknown;Unknown;;None;;;';;';;Y;;;;'15/01/2019 12:41:18;3;11086369;;LU;1;';';';';';;;;;;;;';;';;Y;;;;'15/01/2019 12:41:18
;;;Zoning;6807323;'20200219142313;W03-C-Antwerpen-West-FH07;6807323;'20200219142313;W03-C-Antwerpen-West-FH07;19084;FTTH-Cu;11382495;'20191021144657;'Prekersstraat 16 - 18 - 18 A - 18 B - 18 C - 18 D;;;;;;;11379076;'20191021144329;3928195;'1630000;'25165;Prekersstraat;'18;'D;2000;Antwerpen;;'151946,656;'211547,767;';N;IRREG;5;15;Unknown;Unknown;;None;;;';;';;Y;;;;'15/01/2019 12:41:18;4;11086370;;LU;1;';';';';';;;;;;;;';;';;Y;;;;'15/01/2019 12:41:18
;;;Zoning;6807323;'20200219142313;W03-C-Antwerpen-West-FH07;6807323;'20200219142313;W03-C-Antwerpen-West-FH07;19084;FTTH-Cu;;';';;;;;;;710846;'20191021135730;5364247;'1630000;'25165;Prekersstraat;'25;';2000;Antwerpen;;'151838,244;'211622,919;';N;ORN;1;0;Unknown;Unknown;;None;;;';IFH_BATCH;'12/07/2019 07:34:59;;Y;;;;'12/07/2019 07:28:35;1;1721389;;LU;1;';';';';';Y;;CARE;ZORGINSTELLING - ETABLISSEMENT DE BIENFAISANCE;NA;;;';;';;Y;;;;'12/07/2019 07:28:35
;;;Zoning;6807323;'20200219142313;W03-C-Antwerpen-West-FH07;6807323;'20200219142313;W03-C-Antwerpen-West-FH07;19084;FTTH-Cu;;';';;;;;;;669698;'20191021135417;2045610;'1630000;'25165;Prekersstraat;'29;';2000;Antwerpen;;'151863,302;'211601,733;';N;ORN;5;15;Unknown;Unknown;;None;;;';;';;Y;;;;'15/01/2019 12:41:18;1;1736290;;LU;1;';';';';';Y;;APTBLD;APPARTEMENTSGEBOUW - IMMEUBLE A APPARTEMENTS;NA;;;';;';;Y;;;;'15/01/2019 12:41:18
;;;Zoning;6807323;'20200219142313;W03-C-Antwerpen-West-FH07;6807323;'20200219142313;W03-C-Antwerpen-West-FH07;19084;FTTH-Cu;;';';;;;;;;669698;'20191021135417;2045610;'1630000;'25165;Prekersstraat;'29;';2000;Antwerpen;;'151863,302;'211601,733;';N;ORN;5;15;Unknown;Unknown;;None;;;';;';;Y;;;;'15/01/2019 12:41:18;2;1736291;;LU;1;';';';';';Y;;APTBLD;APPARTEMENTSGEBOUW - IMMEUBLE A APPARTEMENTS;NA;;;';;';;Y;;;;'15/01/2019 12:41:18
;;;Zoning;6807323;'20200219142313;W03-C-Antwerpen-West-FH07;6807323;'20200219142313;W03-C-Antwerpen-West-FH07;19084;FTTH-Cu;;';';;;;;;;669698;'20191021135417;2045610;'1630000;'25165;Prekersstraat;'29;';2000;Antwerpen;;'151863,302;'211601,733;';N;ORN;5;15;Unknown;Unknown;;None;;;';;';;Y;;;;'15/01/2019 12:41:18;3;1736292;;LU;1;';';';';';Y;;APTBLD;APPARTEMENTSGEBOUW - IMMEUBLE A APPARTEMENTS;NA;;;';;';;Y;;;;'15/01/2019 12:41:18
;;;Zoning;6807323;'20200219142313;W03-C-Antwerpen-West-FH07;6807323;'20200219142313;W03-C-Antwerpen-West-FH07;19084;FTTH-Cu;;';';;;;;;;669698;'20191021135417;2045610;'1630000;'25165;Prekersstraat;'29;';2000;Antwerpen;;'151863,302;'211601,733;';N;ORN;5;15;Unknown;Unknown;;None;;;';;';;Y;;;;'15/01/2019 12:41:18;4;1736293;;LU;1;';';';';';Y;;APTBLD;APPARTEMENTSGEBOUW - IMMEUBLE A APPARTEMENTS;NA;;;';;';;Y;;;;'15/01/2019 12:41:18
;;;Zoning;6807323;'20200219142313;W03-C-Antwerpen-West-FH07;6807323;'20200219142313;W03-C-Antwerpen-West-FH07;19084;FTTH-Cu;;';';;;;;;;669698;'20191021135417;2045610;'1630000;'25165;Prekersstraat;'29;';2000;Antwerpen;;'151863,302;'211601,733;';N;ORN;5;15;Unknown;Unknown;;None;;;';;';;Y;;;;'15/01/2019 12:41:18;5;1736294;;LU;1;';';';';';Y;;APTBLD;APPARTEMENTSGEBOUW - IMMEUBLE A APPARTEMENTS;NA;;;';;';;Y;;;;'15/01/2019 12:41:18
;;;Zoning;6807323;'20200219142313;W03-C-Antwerpen-West-FH07;6807323;'20200219142313;W03-C-Antwerpen-West-FH07;19084;FTTH-Cu;;';';;;;;;;669698;'20191021135417;2045610;'1630000;'25165;Prekersstraat;'29;';2000;Antwerpen;;'151863,302;'211601,733;';N;ORN;5;15;Unknown;Unknown;;None;;;';;';;Y;;;;'15/01/2019 12:41:18;6;1736295;;LU;1;';';';';';Y;;APTBLD;APPARTEMENTSGEBOUW - IMMEUBLE A APPARTEMENTS;NA;;;';;';;Y;;;;'15/01/2019 12:41:18
;;;Zoning;6807323;'20200219142313;W03-C-Antwerpen-West-FH07;6807323;'20200219142313;W03-C-Antwerpen-West-FH07;19084;FTTH-Cu;;';';;;;;;;669698;'20191021135417;2045610;'1630000;'25165;Prekersstraat;'29;';2000;Antwerpen;;'151863,302;'211601,733;';N;ORN;5;15;Unknown;Unknown;;None;;;';;';;Y;;;;'15/01/2019 12:41:18;7;1736296;;LU;1;';';';';';Y;;APTBLD;APPARTEMENTSGEBOUW - IMMEUBLE A APPARTEMENTS;NA;;;';;';;Y;;;;'15/01/2019 12:41:18
;;;Zoning;6807323;'20200219142313;W03-C-Antwerpen-West-FH07;6807323;'20200219142313;W03-C-Antwerpen-West-FH07;19084;FTTH-Cu;;';';;;;;;;669698;'20191021135417;2045610;'1630000;'25165;Prekersstraat;'29;';2000;Antwerpen;;'151863,302;'211601,733;';N;ORN;5;15;Unknown;Unknown;;None;;;';;';;Y;;;;'15/01/2019 12:41:18;8;1736297;;LU;1;';';';';';Y;;APTBLD;APPARTEMENTSGEBOUW - IMMEUBLE A APPARTEMENTS;NA;;;';;';;Y;;;;'15/01/2019 12:41:18
;;;Zoning;6807323;'20200219142313;W03-C-Antwerpen-West-FH07;6807323;'20200219142313;W03-C-Antwerpen-West-FH07;19084;FTTH-Cu;;';';;;;;;;669698;'20191021135417;2045610;'1630000;'25165;Prekersstraat;'29;';2000;Antwerpen;;'151863,302;'211601,733;';N;ORN;5;15;Unknown;Unknown;;None;;;';;';;Y;;;;'15/01/2019 12:41:18;9;1736298;;LU;1;';';';';';Y;;APTBLD;APPARTEMENTSGEBOUW - IMMEUBLE A APPARTEMENTS;NA;;;';;';;Y;;;;'15/01/2019 12:41:18
;;;Zoning;6807323;'20200219142313;W03-C-Antwerpen-West-FH07;6807323;'20200219142313;W03-C-Antwerpen-West-FH07;19084;FTTH-Cu;;';';;;;;;;669698;'20191021135417;2045610;'1630000;'25165;Prekersstraat;'29;';2000;Antwerpen;;'151863,302;'211601,733;';N;ORN;5;15;Unknown;Unknown;;None;;;';;';;Y;;;;'15/01/2019 12:41:18;10;1736299;;LU;1;';';';';';Y;;APTBLD;APPARTEMENTSGEBOUW - IMMEUBLE A APPARTEMENTS;NA;;;';;';;Y;;;;'15/01/2019 12:41:18
;;;Zoning;6807323;'20200219142313;W03-C-Antwerpen-West-FH07;6807323;'20200219142313;W03-C-Antwerpen-West-FH07;19084;FTTH-Cu;;';';;;;;;;712488;'20191021135417;5576144;'1630000;'25165;Prekersstraat;'31;';2000;Antwerpen;;'151880,102;'211598,173;';N;ORN;5;15;Unknown;Unknown;;None;;;';;';;Y;;;;'15/01/2019 12:41:18;1;1748668;;LU;1;';';';';';Y;;APTBLD;APPARTEMENTSGEBOUW - IMMEUBLE A APPARTEMENTS;NA;;;';;';;Y;;;;'15/01/2019 12:41:18
;;;Zoning;6807323;'20200219142313;W03-C-Antwerpen-West-FH07;6807323;'20200219142313;W03-C-Antwerpen-West-FH07;19084;FTTH-Cu;;';';;;;;;;712488;'20191021135417;5576144;'1630000;'25165;Prekersstraat;'31;';2000;Antwerpen;;'151880,102;'211598,173;';N;ORN;5;15;Unknown;Unknown;;None;;;';;';;Y;;;;'15/01/2019 12:41:18;2;1748669;;LU;1;';';';';';Y;;APTBLD;APPARTEMENTSGEBOUW - IMMEUBLE A APPARTEMENTS;NA;;;';;';;Y;;;;'15/01/2019 12:41:18
;;;Zoning;6807323;'20200219142313;W03-C-Antwerpen-West-FH07;6807323;'20200219142313;W03-C-Antwerpen-West-FH07;19084;FTTH-Cu;;';';;;;;;;712488;'20191021135417;5576144;'1630000;'25165;Prekersstraat;'31;';2000;Antwerpen;;'151880,102;'211598,173;';N;ORN;5;15;Unknown;Unknown;;None;;;';;';;Y;;;;'15/01/2019 12:41:18;3;1748670;;LU;1;';';';';';Y;;APTBLD;APPARTEMENTSGEBOUW - IMMEUBLE A APPARTEMENTS;NA;;;';;';;Y;;;;'15/01/2019 12:41:18
;;;Zoning;6807323;'20200219142313;W03-C-Antwerpen-West-FH07;6807323;'20200219142313;W03-C-Antwerpen-West-FH07;19084;FTTH-Cu;;';';;;;;;;712488;'20191021135417;5576144;'1630000;'25165;Prekersstraat;'31;';2000;Antwerpen;;'151880,102;'211598,173;';N;ORN;5;15;Unknown;Unknown;;None;;;';;';;Y;;;;'15/01/2019 12:41:18;4;1748671;;LU;1;';';';';';Y;;APTBLD;APPARTEMENTSGEBOUW - IMMEUBLE A APPARTEMENTS;NA;;;';;';;Y;;;;'15/01/2019 12:41:18
;;;Zoning;6807323;'20200219142313;W03-C-Antwerpen-West-FH07;6807323;'20200219142313;W03-C-Antwerpen-West-FH07;19084;FTTH-Cu;;';';;;;;;;712488;'20191021135417;5576144;'1630000;'25165;Prekersstraat;'31;';2000;Antwerpen;;'151880,102;'211598,173;';N;ORN;5;15;Unknown;Unknown;;None;;;';;';;Y;;;;'15/01/2019 12:41:18;5;1748672;;LU;1;';';';';';Y;;APTBLD;APPARTEMENTSGEBOUW - IMMEUBLE A APPARTEMENTS;NA;;;';;';;Y;;;;'15/01/2019 12:41:18
;;;Zoning;6807323;'20200219142313;W03-C-Antwerpen-West-FH07;6807323;'20200219142313;W03-C-Antwerpen-West-FH07;19084;FTTH-Cu;;';';;;;;;;712488;'20191021135417;5576144;'1630000;'25165;Prekersstraat;'31;';2000;Antwerpen;;'151880,102;'211598,173;';N;ORN;5;15;Unknown;Unknown;;None;;;';;';;Y;;;;'15/01/2019 12:41:18;6;1748673;;LU;1;';';';';';Y;;APTBLD;APPARTEMENTSGEBOUW - IMMEUBLE A APPARTEMENTS;NA;;;';;';;Y;;;;'15/01/2019 12:41:18
;;;Zoning;6807323;'20200219142313;W03-C-Antwerpen-West-FH07;6807323;'20200219142313;W03-C-Antwerpen-West-FH07;19084;FTTH-Cu;;';';;;;;;;712488;'20191021135417;5576144;'1630000;'25165;Prekersstraat;'31;';2000;Antwerpen;;'151880,102;'211598,173;';N;ORN;5;15;Unknown;Unknown;;None;;;';;';;Y;;;;'15/01/2019 12:41:18;7;1748674;;LU;1;';';';';';Y;;APTBLD;APPARTEMENTSGEBOUW - IMMEUBLE A APPARTEMENTS;NA;;;';;';;Y;;;;'15/01/2019 12:41:18
;;;Zoning;6807323;'20200219142313;W03-C-Antwerpen-West-FH07;6807323;'20200219142313;W03-C-Antwerpen-West-FH07;19084;FTTH-Cu;;';';;;;;;;712488;'20191021135417;5576144;'1630000;'25165;Prekersstraat;'31;';2000;Antwerpen;;'151880,102;'211598,173;';N;ORN;5;15;Unknown;Unknown;;None;;;';;';;Y;;;;'15/01/2019 12:41:18;8;1748675;;LU;1;';';';';';Y;;APTBLD;APPARTEMENTSGEBOUW - IMMEUBLE A APPARTEMENTS;NA;;;';;';;Y;;;;'15/01/2019 12:41:18
;;;Zoning;6807323;'20200219142313;W03-C-Antwerpen-West-FH07;6807323;'20200219142313;W03-C-Antwerpen-West-FH07;19084;FTTH-Cu;;';';;;;;;;712488;'20191021135417;5576144;'1630000;'25165;Prekersstraat;'31;';2000;Antwerpen;;'151880,102;'211598,173;';N;ORN;5;15;Unknown;Unknown;;None;;;';;';;Y;;;;'15/01/2019 12:41:18;9;1748676;;LU;1;';';';';';Y;;APTBLD;APPARTEMENTSGEBOUW - IMMEUBLE A APPARTEMENTS;NA;;;';;';;Y;;;;'15/01/2019 12:41:18
;;;Zoning;6807323;'20200219142313;W03-C-Antwerpen-West-FH07;6807323;'20200219142313;W03-C-Antwerpen-West-FH07;19084;FTTH-Cu;11382544;'20191021142411;'Prekerstraat 33 - Pachtstraat 16;;;;;;;726045;'20190712080938;972777;'1630000;'25165;Prekersstraat;'33;';2000;Antwerpen;;'151913,162;'211590,857;';N;ORN;3;0;Unknown;Unknown;;None;;;';IFH_BATCH;'12/07/2019 07:35:01;;Y;;;;'12/07/2019 07:28:35;1;1754769;;LU;1;';';';';';Y;;HOSPITAL;ZIEKENHUIS - HOPITAL;NA;;;';;';;Y;;;;'12/07/2019 07:28:35
;;;Zoning;6807323;'20200219142313;W03-C-Antwerpen-West-FH07;6807323;'20200219142313;W03-C-Antwerpen-West-FH07;19084;FTTH-Cu;;';';;;;;;;726227;'20191021145027;976551;'1630000;'25165;Prekersstraat;'34;';2000;Antwerpen;;'151991,39;'211550,707;';Y;NA;4;4;Unknown;Unknown;;None;;;';IFH_BATCH;'12/07/2019 07:35:13;;Y;;;;'12/07/2019 07:28:35;1;1757827;;LU;1;';';';';';Y;;HOUSE;WONING - MAISON;NA;;;';;';;Y;;;;'12/07/2019 07:28:35
;;;Zoning;6807323;'20200219142313;W03-C-Antwerpen-West-FH07;6807323;'20200219142313;W03-C-Antwerpen-West-FH07;19084;FTTH-Cu;;';';;;;;;;726227;'20191021145027;976551;'1630000;'25165;Prekersstraat;'34;';2000;Antwerpen;;'151991,39;'211550,707;';Y;NA;4;4;Unknown;Unknown;;None;;;';IFH_BATCH;'12/07/2019 07:35:13;;Y;;;;'12/07/2019 07:28:35;2;1757828;;LU;1;';';';';';Y;;HOUSE;WONING - MAISON;NA;;;';;';;Y;;;;'12/07/2019 07:28:35
;;;Zoning;6807323;'20200219142313;W03-C-Antwerpen-West-FH07;6807323;'20200219142313;W03-C-Antwerpen-West-FH07;19084;FTTH-Cu;;';';;;;;;;726227;'20191021145027;976551;'1630000;'25165;Prekersstraat;'34;';2000;Antwerpen;;'151991,39;'211550,707;';Y;NA;4;4;Unknown;Unknown;;None;;;';IFH_BATCH;'12/07/2019 07:35:13;;Y;;;;'12/07/2019 07:28:35;3;1757829;;LU;1;';';';';';Y;;HOUSE;WONING - MAISON;NA;;;';;';;Y;;;;'12/07/2019 07:28:35
;;;Zoning;6807323;'20200219142313;W03-C-Antwerpen-West-FH07;6807323;'20200219142313;W03-C-Antwerpen-West-FH07;19084;FTTH-Cu;;';';;;;;;;726227;'20191021145027;976551;'1630000;'25165;Prekersstraat;'34;';2000;Antwerpen;;'151991,39;'211550,707;';Y;NA;4;4;Unknown;Unknown;;None;;;';IFH_BATCH;'12/07/2019 07:35:13;;Y;;;;'12/07/2019 07:28:35;4;1757830;;LU;1;';';';';';Y;;HOUSE;WONING - MAISON;NA;;;';;';;Y;;;;'12/07/2019 07:28:35
;;;Zoning;6807323;'20200219142313;W03-C-Antwerpen-West-FH07;6807323;'20200219142313;W03-C-Antwerpen-West-FH07;19084;FTTH-Cu;11382490;'20191021132650;'Prekersstraat 35 - 37;;;;;;;669699;'20191021132641;2045613;'1630000;'25165;Prekersstraat;'35;';2000;Antwerpen;;'151931,179;'211585,783;';N;ORN;4;12;Unknown;Unknown;;None;;;';;';;Y;;;;'15/01/2019 12:41:18;1;1759413;;LU;1;';';';';';Y;#A1.2/1-2.B/K/1-2.B/;APPART;DEEL_APP_GEBOUW - PARTIE_IMMEUBLE_APP;APPART;;;';;';;Y;;;;'15/01/2019 12:41:18
;;;Zoning;6807323;'20200219142313;W03-C-Antwerpen-West-FH07;6807323;'20200219142313;W03-C-Antwerpen-West-FH07;19084;FTTH-Cu;11382490;'20191021132650;'Prekersstraat 35 - 37;;;;;;;669699;'20191021132641;2045613;'1630000;'25165;Prekersstraat;'35;';2000;Antwerpen;;'151931,179;'211585,783;';N;ORN;4;12;Unknown;Unknown;;None;;;';;';;Y;;;;'15/01/2019 12:41:18;2;1759420;;LU;1;';';';';';Y;#A1/1.A/K/1.A/;APPART;DEEL_APP_GEBOUW - PARTIE_IMMEUBLE_APP;APPART;;;';;';;Y;;;;'15/01/2019 12:41:18
;;;Zoning;6807323;'20200219142313;W03-C-Antwerpen-West-FH07;6807323;'20200219142313;W03-C-Antwerpen-West-FH07;19084;FTTH-Cu;11382490;'20191021132650;'Prekersstraat 35 - 37;;;;;;;669699;'20191021132641;2045613;'1630000;'25165;Prekersstraat;'35;';2000;Antwerpen;;'151931,179;'211585,783;';N;ORN;4;12;Unknown;Unknown;;None;;;';;';;Y;;;;'15/01/2019 12:41:18;3;1759555;;LU;1;';';';';';Y;#A2/2.A/K/2.A/;APPART;DEEL_APP_GEBOUW - PARTIE_IMMEUBLE_APP;APPART;;;';;';;Y;;;;'15/01/2019 12:41:18
;;;Zoning;6807323;'20200219142313;W03-C-Antwerpen-West-FH07;6807323;'20200219142313;W03-C-Antwerpen-West-FH07;19084;FTTH-Cu;;';';;;;;;;669700;'20191021145026;2045614;'1630000;'25165;Prekersstraat;'36;';2000;Antwerpen;;'151996,672;'211549,368;';Y;NA;4;4;Unknown;Unknown;;None;;;';IFH_BATCH;'12/07/2019 07:35:16;;Y;;;;'12/07/2019 07:28:35;1;1763570;;LU;1;';';';';';Y;;HOUSE;WONING - MAISON;NA;;;';;';;Y;;;;'12/07/2019 07:28:35
;;;Zoning;6807323;'20200219142313;W03-C-Antwerpen-West-FH07;6807323;'20200219142313;W03-C-Antwerpen-West-FH07;19084;FTTH-Cu;;';';;;;;;;669700;'20191021145026;2045614;'1630000;'25165;Prekersstraat;'36;';2000;Antwerpen;;'151996,672;'211549,368;';Y;NA;4;4;Unknown;Unknown;;None;;;';IFH_BATCH;'12/07/2019 07:35:16;;Y;;;;'12/07/2019 07:28:35;2;1763571;;LU;1;';';';';';Y;;HOUSE;WONING - MAISON;NA;;;';;';;Y;;;;'12/07/2019 07:28:35
;;;Zoning;6807323;'20200219142313;W03-C-Antwerpen-West-FH07;6807323;'20200219142313;W03-C-Antwerpen-West-FH07;19084;FTTH-Cu;;';';;;;;;;669700;'20191021145026;2045614;'1630000;'25165;Prekersstraat;'36;';2000;Antwerpen;;'151996,672;'211549,368;';Y;NA;4;4;Unknown;Unknown;;None;;;';IFH_BATCH;'12/07/2019 07:35:16;;Y;;;;'12/07/2019 07:28:35;3;1763572;;LU;1;';';';';';Y;;HOUSE;WONING - MAISON;NA;;;';;';;Y;;;;'12/07/2019 07:28:35
;;;Zoning;6807323;'20200219142313;W03-C-Antwerpen-West-FH07;6807323;'20200219142313;W03-C-Antwerpen-West-FH07;19084;FTTH-Cu;;';';;;;;;;669700;'20191021145026;2045614;'1630000;'25165;Prekersstraat;'36;';2000;Antwerpen;;'151996,672;'211549,368;';Y;NA;4;4;Unknown;Unknown;;None;;;';IFH_BATCH;'12/07/2019 07:35:16;;Y;;;;'12/07/2019 07:28:35;4;11086848;;BU;1;';';';';';;;;;;;;';;';;Y;;;;'12/07/2019 07:28:35
;;;Zoning;6807323;'20200219142313;W03-C-Antwerpen-West-FH07;6807323;'20200219142313;W03-C-Antwerpen-West-FH07;19084;FTTH-Cu;11382490;'20191021132650;'Prekersstraat 35 - 37;;;;;;;11379314;'20191021132631;976556;'1630000;'25165;Prekersstraat;'37;';2000;Antwerpen;;'151936,534;'211584,269;';N;ORN;4;12;Unknown;Unknown;;None;;;';;';;Y;;;;'15/01/2019 12:41:18;1;11086413;;LU;1;';';';';';;;;;;;;';;';;Y;;;;'15/01/2019 12:41:18
;;;Zoning;6807323;'20200219142313;W03-C-Antwerpen-West-FH07;6807323;'20200219142313;W03-C-Antwerpen-West-FH07;19084;FTTH-Cu;11382490;'20191021132650;'Prekersstraat 35 - 37;;;;;;;11379314;'20191021132631;976556;'1630000;'25165;Prekersstraat;'37;';2000;Antwerpen;;'151936,534;'211584,269;';N;ORN;4;12;Unknown;Unknown;;None;;;';;';;Y;;;;'15/01/2019 12:41:18;2;11086414;;LU;1;';';';';';;;;;;;;';;';;Y;;;;'15/01/2019 12:41:18
;;;Zoning;6807323;'20200219142313;W03-C-Antwerpen-West-FH07;6807323;'20200219142313;W03-C-Antwerpen-West-FH07;19084;FTTH-Cu;11382490;'20191021132650;'Prekersstraat 35 - 37;;;;;;;11379314;'20191021132631;976556;'1630000;'25165;Prekersstraat;'37;';2000;Antwerpen;;'151936,534;'211584,269;';N;ORN;4;12;Unknown;Unknown;;None;;;';;';;Y;;;;'15/01/2019 12:41:18;3;11086415;;LU;1;';';';';';;;;;;;;';;';;Y;;;;'15/01/2019 12:41:18
;;;Zoning;6807323;'20200219142313;W03-C-Antwerpen-West-FH07;6807323;'20200219142313;W03-C-Antwerpen-West-FH07;19084;FTTH-Cu;;';';;;;;;;709014;'20191021145027;4518329;'1630000;'25165;Prekersstraat;'38;';2000;Antwerpen;;'152001,438;'211546,983;';Y;NA;5;4;Unknown;Unknown;;None;;;';IFH_BATCH;'12/07/2019 07:35:18;;Y;;;;'12/07/2019 07:28:35;1;1768754;;BU;1;';';';';';Y;;APTBLD;APPARTEMENTSGEBOUW - IMMEUBLE A APPARTEMENTS;NA;;;';;';;Y;;;;'12/07/2019 07:28:35
;;;Zoning;6807323;'20200219142313;W03-C-Antwerpen-West-FH07;6807323;'20200219142313;W03-C-Antwerpen-West-FH07;19084;FTTH-Cu;;';';;;;;;;669701;'20191021145027;2045615;'1630000;'25165;Prekersstraat;'40;';2000;Antwerpen;;'152007,585;'211544,645;';Y;NA;5;4;Unknown;Unknown;;None;;;';IFH_BATCH;'12/07/2019 07:35:23;;Y;;;;'12/07/2019 07:28:35;1;1778526;;BU;1;';';';';';Y;;APTBLD;APPARTEMENTSGEBOUW - IMMEUBLE A APPARTEMENTS;NA;;;';;';;Y;;;;'12/07/2019 07:28:35
;;;Zoning;6807323;'20200219142313;W03-C-Antwerpen-West-FH07;6807323;'20200219142313;W03-C-Antwerpen-West-FH07;19084;FTTH-Cu;;';';;;;;;;669701;'20191021145027;2045615;'1630000;'25165;Prekersstraat;'40;';2000;Antwerpen;;'152007,585;'211544,645;';Y;NA;5;4;Unknown;Unknown;;None;;;';IFH_BATCH;'12/07/2019 07:35:23;;Y;;;;'12/07/2019 07:28:35;2;1778527;;BU;1;';';';';';Y;;APTBLD;APPARTEMENTSGEBOUW - IMMEUBLE A APPARTEMENTS;NA;;;';;';;Y;;;;'12/07/2019 07:28:35
;;;Zoning;6807323;'20200219142313;W03-C-Antwerpen-West-FH07;6807323;'20200219142313;W03-C-Antwerpen-West-FH07;19084;FTTH-Cu;11382489;'20191021132447;'Pachtstraat 7 - 9 Prekersstraat 41;;;;;;;11379474;'20191021131449;1303525;'1630000;'25165;Prekersstraat;'41;';2000;Antwerpen;;'151945,641;'211581,906;';N;ORN;4;12;Unknown;Unknown;;None;;;';;';;Y;;;;'15/01/2019 12:41:18;1;11086569;;BU;1;';';';';';;;;;;;;';;';;Y;;;;'15/01/2019 12:41:18
;;;Zoning;6807323;'20200219142313;W03-C-Antwerpen-West-FH07;6807323;'20200219142313;W03-C-Antwerpen-West-FH07;19084;FTTH-Cu;;';';;;;;;;669702;'20191021145027;2045616;'1630000;'25165;Prekersstraat;'42;';2000;Antwerpen;;'152013,657;'211543,159;';Y;NA;5;15;Unknown;Unknown;;None;;;';;';;Y;;;;'15/01/2019 12:41:18;1;1783356;;LU;1;';';';';';Y;;APTBLD;APPARTEMENTSGEBOUW - IMMEUBLE A APPARTEMENTS;NA;;;';;';;Y;;;;'15/01/2019 12:41:18
;;;Zoning;6807323;'20200219142313;W03-C-Antwerpen-West-FH07;6807323;'20200219142313;W03-C-Antwerpen-West-FH07;19084;FTTH-Cu;;';';;;;;;;669702;'20191021145027;2045616;'1630000;'25165;Prekersstraat;'42;';2000;Antwerpen;;'152013,657;'211543,159;';Y;NA;5;15;Unknown;Unknown;;None;;;';;';;Y;;;;'15/01/2019 12:41:18;2;1783357;;LU;1;';';';';';Y;;APTBLD;APPARTEMENTSGEBOUW - IMMEUBLE A APPARTEMENTS;NA;;;';;';;Y;;;;'15/01/2019 12:41:18
;;;Zoning;6807323;'20200219142313;W03-C-Antwerpen-West-FH07;6807323;'20200219142313;W03-C-Antwerpen-West-FH07;19084;FTTH-Cu;;';';;;;;;;669702;'20191021145027;2045616;'1630000;'25165;Prekersstraat;'42;';2000;Antwerpen;;'152013,657;'211543,159;';Y;NA;5;15;Unknown;Unknown;;None;;;';;';;Y;;;;'15/01/2019 12:41:18;3;1783358;;LU;1;';';';';';Y;;APTBLD;APPARTEMENTSGEBOUW - IMMEUBLE A APPARTEMENTS;NA;;;';;';;Y;;;;'15/01/2019 12:41:18
;;;Zoning;6807323;'20200219142313;W03-C-Antwerpen-West-FH07;6807323;'20200219142313;W03-C-Antwerpen-West-FH07;19084;FTTH-Cu;;';';;;;;;;669702;'20191021145027;2045616;'1630000;'25165;Prekersstraat;'42;';2000;Antwerpen;;'152013,657;'211543,159;';Y;NA;5;15;Unknown;Unknown;;None;;;';;';;Y;;;;'15/01/2019 12:41:18;4;1783359;;LU;1;';';';';';Y;;APTBLD;APPARTEMENTSGEBOUW - IMMEUBLE A APPARTEMENTS;NA;;;';;';;Y;;;;'15/01/2019 12:41:18
;;;Zoning;6807323;'20200219142313;W03-C-Antwerpen-West-FH07;6807323;'20200219142313;W03-C-Antwerpen-West-FH07;19084;FTTH-Cu;;';';;;;;;;669702;'20191021145027;2045616;'1630000;'25165;Prekersstraat;'42;';2000;Antwerpen;;'152013,657;'211543,159;';Y;NA;5;15;Unknown;Unknown;;None;;;';;';;Y;;;;'15/01/2019 12:41:18;5;11086849;;BU;1;';';';';';;;;;;;;';;';;Y;;;;'15/01/2019 12:41:18
;;;Zoning;6807323;'20200219142313;W03-C-Antwerpen-West-FH07;6807323;'20200219142313;W03-C-Antwerpen-West-FH07;19084;FTTH-Cu;;';';;;;;;;618281;'20191021145037;1449286;'1630000;'25165;Prekersstraat;'44;';2000;Antwerpen;;'152019,085;'211542,306;';Y;NA;5;4;Unknown;Unknown;;None;;;';IFH_BATCH;'12/07/2019 07:35:25;;Y;;;;'12/07/2019 07:28:35;1;1787773;;BU;1;';';';';';Y;;COMM;HANDELSZAAK - COMMERCE;NA;;;';;';;Y;;;;'12/07/2019 07:28:35
;;;Zoning;6807323;'20200219142313;W03-C-Antwerpen-West-FH07;6807323;'20200219142313;W03-C-Antwerpen-West-FH07;19084;FTTH-Cu;;';';;;;;;;618281;'20191021145037;1449286;'1630000;'25165;Prekersstraat;'44;';2000;Antwerpen;;'152019,085;'211542,306;';Y;NA;5;4;Unknown;Unknown;;None;;;';IFH_BATCH;'12/07/2019 07:35:25;;Y;;;;'12/07/2019 07:28:35;2;1787774;;BU;1;';';';';';Y;;COMM;HANDELSZAAK - COMMERCE;NA;;;';;';;Y;;;;'12/07/2019 07:28:35
;;;Zoning;6807323;'20200219142313;W03-C-Antwerpen-West-FH07;6807323;'20200219142313;W03-C-Antwerpen-West-FH07;19084;FTTH-Cu;;';';;;;;;;669703;'20191021131435;2045617;'1630000;'25165;Prekersstraat;'45;';2000;Antwerpen;;'151954,156;'211582,407;';N;ORN;4;12;Unknown;Unknown;;None;;;';;';;Y;;;;'15/01/2019 12:41:18;1;1788804;;LU;1;';';';';';Y;#A2/2.1/;APPART;DEEL_APP_GEBOUW - PARTIE_IMMEUBLE_APP;APPART;;;';;';;Y;;;;'15/01/2019 12:41:18
;;;Zoning;6807323;'20200219142313;W03-C-Antwerpen-West-FH07;6807323;'20200219142313;W03-C-Antwerpen-West-FH07;19084;FTTH-Cu;;';';;;;;;;669703;'20191021131435;2045617;'1630000;'25165;Prekersstraat;'45;';2000;Antwerpen;;'151954,156;'211582,407;';N;ORN;4;12;Unknown;Unknown;;None;;;';;';;Y;;;;'15/01/2019 12:41:18;2;1788808;;LU;1;';';';';';Y;#A2/2.2/;APPART;DEEL_APP_GEBOUW - PARTIE_IMMEUBLE_APP;APPART;;;';;';;Y;;;;'15/01/2019 12:41:18
;;;Zoning;6807323;'20200219142313;W03-C-Antwerpen-West-FH07;6807323;'20200219142313;W03-C-Antwerpen-West-FH07;19084;FTTH-Cu;;';';;;;;;;669703;'20191021131435;2045617;'1630000;'25165;Prekersstraat;'45;';2000;Antwerpen;;'151954,156;'211582,407;';N;ORN;4;12;Unknown;Unknown;;None;;;';;';;Y;;;;'15/01/2019 12:41:18;3;1788912;;LU;1;';';';';';Y;#A3.4/3.2/;APPART;DEEL_APP_GEBOUW - PARTIE_IMMEUBLE_APP;APPART;;;';;';;Y;;;;'15/01/2019 12:41:18
;;;Zoning;6807323;'20200219142313;W03-C-Antwerpen-West-FH07;6807323;'20200219142313;W03-C-Antwerpen-West-FH07;19084;FTTH-Cu;;';';;;;;;;669703;'20191021131435;2045617;'1630000;'25165;Prekersstraat;'45;';2000;Antwerpen;;'151954,156;'211582,407;';N;ORN;4;12;Unknown;Unknown;;None;;;';;';;Y;;;;'15/01/2019 12:41:18;4;1788925;;LU;1;';';';';';Y;#A3/3.1/;APPART;DEEL_APP_GEBOUW - PARTIE_IMMEUBLE_APP;APPART;;;';;';;Y;;;;'15/01/2019 12:41:18
;;;Zoning;6807323;'20200219142313;W03-C-Antwerpen-West-FH07;6807323;'20200219142313;W03-C-Antwerpen-West-FH07;19084;FTTH-Cu;;';';;;;;;;669703;'20191021131435;2045617;'1630000;'25165;Prekersstraat;'45;';2000;Antwerpen;;'151954,156;'211582,407;';N;ORN;4;12;Unknown;Unknown;;None;;;';;';;Y;;;;'15/01/2019 12:41:18;5;1789132;;LU;1;';';';';';Y;#K.OG/KELDER 1/;APPART;DEEL_APP_GEBOUW - PARTIE_IMMEUBLE_APP;;;;';;';;Y;;;;'15/01/2019 12:41:18
;;;Zoning;6807323;'20200219142313;W03-C-Antwerpen-West-FH07;6807323;'20200219142313;W03-C-Antwerpen-West-FH07;19084;FTTH-Cu;;';';;;;;;;669703;'20191021131435;2045617;'1630000;'25165;Prekersstraat;'45;';2000;Antwerpen;;'151954,156;'211582,407;';N;ORN;4;12;Unknown;Unknown;;None;;;';;';;Y;;;;'15/01/2019 12:41:18;6;1789133;;LU;1;';';';';';Y;#K.OG/KELDER 3/;APPART;DEEL_APP_GEBOUW - PARTIE_IMMEUBLE_APP;;;;';;';;Y;;;;'15/01/2019 12:41:18
;;;Zoning;6807323;'20200219142313;W03-C-Antwerpen-West-FH07;6807323;'20200219142313;W03-C-Antwerpen-West-FH07;19084;FTTH-Cu;;';';;;;;;;669703;'20191021131435;2045617;'1630000;'25165;Prekersstraat;'45;';2000;Antwerpen;;'151954,156;'211582,407;';N;ORN;4;12;Unknown;Unknown;;None;;;';;';;Y;;;;'15/01/2019 12:41:18;7;1789134;;LU;1;';';';';';Y;#K.OG/KELDER 4/;APPART;DEEL_APP_GEBOUW - PARTIE_IMMEUBLE_APP;;;;';;';;Y;;;;'15/01/2019 12:41:18
;;;Zoning;6807323;'20200219142313;W03-C-Antwerpen-West-FH07;6807323;'20200219142313;W03-C-Antwerpen-West-FH07;19084;FTTH-Cu;;';';;;;;;;669703;'20191021131435;2045617;'1630000;'25165;Prekersstraat;'45;';2000;Antwerpen;;'151954,156;'211582,407;';N;ORN;4;12;Unknown;Unknown;;None;;;';;';;Y;;;;'15/01/2019 12:41:18;8;1789135;;LU;1;';';';';';Y;#K.OG/KELDER 6/;APPART;DEEL_APP_GEBOUW - PARTIE_IMMEUBLE_APP;;;;';;';;Y;;;;'15/01/2019 12:41:18
;;;Zoning;6807323;'20200219142313;W03-C-Antwerpen-West-FH07;6807323;'20200219142313;W03-C-Antwerpen-West-FH07;19084;FTTH-Cu;;';';;;;;;;726226;'20200109144721;976550;'1630000;'25165;Prekersstraat;'46;';2000;Antwerpen;;'152024,619;'211540,421;';Y;NA;5;4;Unknown;Unknown;;None;;;';IFH_BATCH;'12/07/2019 07:35:28;;Y;;;;'12/07/2019 07:28:35;1;1792669;;LU;1;';';';';';Y;;HOUSE;WONING - MAISON;NA;;;';;';;Y;;;;'12/07/2019 07:28:35
;;;Zoning;6807323;'20200219142313;W03-C-Antwerpen-West-FH07;6807323;'20200219142313;W03-C-Antwerpen-West-FH07;19084;FTTH-Cu;;';';;;;;;;726226;'20200109144721;976550;'1630000;'25165;Prekersstraat;'46;';2000;Antwerpen;;'152024,619;'211540,421;';Y;NA;5;4;Unknown;Unknown;;None;;;';IFH_BATCH;'12/07/2019 07:35:28;;Y;;;;'12/07/2019 07:28:35;2;1792670;;LU;1;';';';';';Y;;HOUSE;WONING - MAISON;NA;;;';;';;Y;;;;'12/07/2019 07:28:35
;;;Zoning;6807323;'20200219142313;W03-C-Antwerpen-West-FH07;6807323;'20200219142313;W03-C-Antwerpen-West-FH07;19084;FTTH-Cu;;';';;;;;;;726226;'20200109144721;976550;'1630000;'25165;Prekersstraat;'46;';2000;Antwerpen;;'152024,619;'211540,421;';Y;NA;5;4;Unknown;Unknown;;None;;;';IFH_BATCH;'12/07/2019 07:35:28;;Y;;;;'12/07/2019 07:28:35;3;1792671;;LU;1;';';';';';Y;;HOUSE;WONING - MAISON;NA;;;';;';;Y;;;;'12/07/2019 07:28:35
;;;Zoning;6807323;'20200219142313;W03-C-Antwerpen-West-FH07;6807323;'20200219142313;W03-C-Antwerpen-West-FH07;19084;FTTH-Cu;;';';;;;;;;726226;'20200109144721;976550;'1630000;'25165;Prekersstraat;'46;';2000;Antwerpen;;'152024,619;'211540,421;';Y;NA;5;4;Unknown;Unknown;;None;;;';IFH_BATCH;'12/07/2019 07:35:28;;Y;;;;'12/07/2019 07:28:35;4;11087143;;LU;1;';';';';';;;;;;;;';;';;Y;;;;'12/07/2019 07:28:35
;;;Zoning;6807323;'20200219142313;W03-C-Antwerpen-West-FH07;6807323;'20200219142313;W03-C-Antwerpen-West-FH07;19084;FTTH-Cu;;';';;;;;;;726226;'20200109144721;976550;'1630000;'25165;Prekersstraat;'46;';2000;Antwerpen;;'152024,619;'211540,421;';Y;NA;5;4;Unknown;Unknown;;None;;;';IFH_BATCH;'12/07/2019 07:35:28;;Y;;;;'12/07/2019 07:28:35;5;11087144;;LU;1;';';';';';;;;;;;;';;';;Y;;;;'12/07/2019 07:28:35
;;;Zoning;6807323;'20200219142313;W03-C-Antwerpen-West-FH07;6807323;'20200219142313;W03-C-Antwerpen-West-FH07;19084;FTTH-Cu;;';';;;;;;;726226;'20200109144721;976550;'1630000;'25165;Prekersstraat;'46;';2000;Antwerpen;;'152024,619;'211540,421;';Y;NA;5;4;Unknown;Unknown;;None;;;';IFH_BATCH;'12/07/2019 07:35:28;;Y;;;;'12/07/2019 07:28:35;6;11087145;;LU;1;';';';';';;;;;;;;';;';;Y;;;;'12/07/2019 07:28:35
;;;Zoning;6807323;'20200219142313;W03-C-Antwerpen-West-FH07;6807323;'20200219142313;W03-C-Antwerpen-West-FH07;19084;FTTH-Cu;;';';;;;;;;726226;'20200109144721;976550;'1630000;'25165;Prekersstraat;'46;';2000;Antwerpen;;'152024,619;'211540,421;';Y;NA;5;4;Unknown;Unknown;;None;;;';IFH_BATCH;'12/07/2019 07:35:28;;Y;;;;'12/07/2019 07:28:35;7;11087146;;LU;1;';';';';';;;;;;;;';;';;Y;;;;'12/07/2019 07:28:35
;;;Zoning;6807323;'20200219142313;W03-C-Antwerpen-West-FH07;6807323;'20200219142313;W03-C-Antwerpen-West-FH07;19084;FTTH-Cu;;';';;;;;;;709007;'20191021131419;4518320;'1630000;'25165;Prekersstraat;'49;';2000;Antwerpen;;'151959,322;'211580,142;';N;ORN;4;12;Unknown;Unknown;;None;;;';;';;Y;;;;'15/01/2019 12:41:18;1;1796999;;LU;1;';';';';';Y;#A.GV/0.1/;APPART;DEEL_APP_GEBOUW - PARTIE_IMMEUBLE_APP;APPART;;;';;';;Y;;;;'15/01/2019 12:41:18
;;;Zoning;6807323;'20200219142313;W03-C-Antwerpen-West-FH07;6807323;'20200219142313;W03-C-Antwerpen-West-FH07;19084;FTTH-Cu;;';';;;;;;;709007;'20191021131419;4518320;'1630000;'25165;Prekersstraat;'49;';2000;Antwerpen;;'151959,322;'211580,142;';N;ORN;4;12;Unknown;Unknown;;None;;;';;';;Y;;;;'15/01/2019 12:41:18;2;1797000;;LU;1;';';';';';Y;#A.GV/0.2/;APPART;DEEL_APP_GEBOUW - PARTIE_IMMEUBLE_APP;APPART;;;';;';;Y;;;;'15/01/2019 12:41:18
;;;Zoning;6807323;'20200219142313;W03-C-Antwerpen-West-FH07;6807323;'20200219142313;W03-C-Antwerpen-West-FH07;19084;FTTH-Cu;;';';;;;;;;709007;'20191021131419;4518320;'1630000;'25165;Prekersstraat;'49;';2000;Antwerpen;;'151959,322;'211580,142;';N;ORN;4;12;Unknown;Unknown;;None;;;';;';;Y;;;;'15/01/2019 12:41:18;3;1797079;;LU;1;';';';';';Y;#A1/1.1/;APPART;DEEL_APP_GEBOUW - PARTIE_IMMEUBLE_APP;APPART;;;';;';;Y;;;;'15/01/2019 12:41:18
;;;Zoning;6807323;'20200219142313;W03-C-Antwerpen-West-FH07;6807323;'20200219142313;W03-C-Antwerpen-West-FH07;19084;FTTH-Cu;11382491;'20191021131333;'Prekersstraat 53 - 55;;;;;;;669704;'20191021131325;2045619;'1630000;'25165;Prekersstraat;'53;';2000;Antwerpen;;'151971,968;'211579,309;';Y;NA;2;6;Unknown;Unknown;;None;;;';;';;Y;;;;'15/01/2019 12:41:18;1;1811031;;LU;1;';';';';';Y;;HOUSE;WONING - MAISON;NA;;;';;';;Y;;;;'15/01/2019 12:41:18
;;;Zoning;6807323;'20200219142313;W03-C-Antwerpen-West-FH07;6807323;'20200219142313;W03-C-Antwerpen-West-FH07;19084;FTTH-Cu;11382491;'20191021131333;'Prekersstraat 53 - 55;;;;;;;11378980;'20191021131317;976554;'1630000;'25165;Prekersstraat;'55;';2000;Antwerpen;;'151970,728;'211576,359;';Y;NA;2;6;Unknown;Unknown;;None;;;';;';;Y;;;;'15/01/2019 12:41:18;1;11086351;;BU;1;';';';';';;;;;;;;';;';;Y;;;;'15/01/2019 12:41:18
;;;Zoning;6807323;'20200219142313;W03-C-Antwerpen-West-FH07;6807323;'20200219142313;W03-C-Antwerpen-West-FH07;19084;FTTH-Cu;11382492;'20191021131105;'Prekersstraat 57 - 59;;;;;;;726229;'20191021131047;976553;'1630000;'25165;Prekersstraat;'57;';2000;Antwerpen;;'151979,019;'211578,474;';Y;NA;4;4;Unknown;Unknown;;None;;;';IFH_BATCH;'12/07/2019 07:35:04;;Y;;;;'12/07/2019 07:28:35;1;1816366;;LU;1;';';';';';Y;#A.GV/L/B1.2.K1;APPART;DEEL_APP_GEBOUW - PARTIE_IMMEUBLE_APP;APPART;;;';;';;Y;;;;'12/07/2019 07:28:35
;;;Zoning;6807323;'20200219142313;W03-C-Antwerpen-West-FH07;6807323;'20200219142313;W03-C-Antwerpen-West-FH07;19084;FTTH-Cu;11382492;'20191021131105;'Prekersstraat 57 - 59;;;;;;;726229;'20191021131047;976553;'1630000;'25165;Prekersstraat;'57;';2000;Antwerpen;;'151979,019;'211578,474;';Y;NA;4;4;Unknown;Unknown;;None;;;';IFH_BATCH;'12/07/2019 07:35:04;;Y;;;;'12/07/2019 07:28:35;2;1816373;;LU;1;';';';';';Y;#A.GV/R/B5.6.K6;APPART;DEEL_APP_GEBOUW - PARTIE_IMMEUBLE_APP;APPART;;;';;';;Y;;;;'12/07/2019 07:28:35
;;;Zoning;6807323;'20200219142313;W03-C-Antwerpen-West-FH07;6807323;'20200219142313;W03-C-Antwerpen-West-FH07;19084;FTTH-Cu;11382492;'20191021131105;'Prekersstraat 57 - 59;;;;;;;726229;'20191021131047;976553;'1630000;'25165;Prekersstraat;'57;';2000;Antwerpen;;'151979,019;'211578,474;';Y;NA;4;4;Unknown;Unknown;;None;;;';IFH_BATCH;'12/07/2019 07:35:04;;Y;;;;'12/07/2019 07:28:35;3;1816438;;LU;1;';';';';';Y;#A1/L/K2;APPART;DEEL_APP_GEBOUW - PARTIE_IMMEUBLE_APP;APPART;;;';;';;Y;;;;'12/07/2019 07:28:35
;;;Zoning;6807323;'20200219142313;W03-C-Antwerpen-West-FH07;6807323;'20200219142313;W03-C-Antwerpen-West-FH07;19084;FTTH-Cu;11382492;'20191021131105;'Prekersstraat 57 - 59;;;;;;;726229;'20191021131047;976553;'1630000;'25165;Prekersstraat;'57;';2000;Antwerpen;;'151979,019;'211578,474;';Y;NA;4;4;Unknown;Unknown;;None;;;';IFH_BATCH;'12/07/2019 07:35:04;;Y;;;;'12/07/2019 07:28:35;4;1816449;;LU;1;';';';';';Y;#A1/R/K5;APPART;DEEL_APP_GEBOUW - PARTIE_IMMEUBLE_APP;APPART;;;';;';;Y;;;;'12/07/2019 07:28:35
;;;Zoning;6807323;'20200219142313;W03-C-Antwerpen-West-FH07;6807323;'20200219142313;W03-C-Antwerpen-West-FH07;19084;FTTH-Cu;11382492;'20191021131105;'Prekersstraat 57 - 59;;;;;;;11379473;'20191021131048;4518314;'1630000;'25165;Prekersstraat;'59;';2000;Antwerpen;;'151978,372;'211574,178;';Y;NA;4;12;Unknown;Unknown;;None;;;';;';;Y;;;;'15/01/2019 12:41:18;1;11086565;;LU;1;';';';';';;;;;;;;';;';;Y;;;;'15/01/2019 12:41:18
;;;Zoning;6807323;'20200219142313;W03-C-Antwerpen-West-FH07;6807323;'20200219142313;W03-C-Antwerpen-West-FH07;19084;FTTH-Cu;11382492;'20191021131105;'Prekersstraat 57 - 59;;;;;;;11379473;'20191021131048;4518314;'1630000;'25165;Prekersstraat;'59;';2000;Antwerpen;;'151978,372;'211574,178;';Y;NA;4;12;Unknown;Unknown;;None;;;';;';;Y;;;;'15/01/2019 12:41:18;2;11086566;;LU;1;';';';';';;;;;;;;';;';;Y;;;;'15/01/2019 12:41:18
;;;Zoning;6807323;'20200219142313;W03-C-Antwerpen-West-FH07;6807323;'20200219142313;W03-C-Antwerpen-West-FH07;19084;FTTH-Cu;11382492;'20191021131105;'Prekersstraat 57 - 59;;;;;;;11379473;'20191021131048;4518314;'1630000;'25165;Prekersstraat;'59;';2000;Antwerpen;;'151978,372;'211574,178;';Y;NA;4;12;Unknown;Unknown;;None;;;';;';;Y;;;;'15/01/2019 12:41:18;3;11086567;;LU;1;';';';';';;;;;;;;';;';;Y;;;;'15/01/2019 12:41:18
;;;Zoning;6807323;'20200219142313;W03-C-Antwerpen-West-FH07;6807323;'20200219142313;W03-C-Antwerpen-West-FH07;19084;FTTH-Cu;11382492;'20191021131105;'Prekersstraat 57 - 59;;;;;;;11379473;'20191021131048;4518314;'1630000;'25165;Prekersstraat;'59;';2000;Antwerpen;;'151978,372;'211574,178;';Y;NA;4;12;Unknown;Unknown;;None;;;';;';;Y;;;;'15/01/2019 12:41:18;4;11086568;;LU;1;';';';';';;;;;;;;';;';;Y;;;;'15/01/2019 12:41:18
;;;Zoning;6807323;'20200219142313;W03-C-Antwerpen-West-FH07;6807323;'20200219142313;W03-C-Antwerpen-West-FH07;19084;FTTH-Cu;;';';;;;;;;669705;'20191021131001;2045620;'1630000;'25165;Prekersstraat;'61;';2000;Antwerpen;;'151984,38;'211574,495;';Y;NA;4;12;Unknown;Unknown;;None;;;';;';;Y;;;;'15/01/2019 12:41:18;1;1827226;;LU;1;';';';';';Y;#A1/1V/;APPART;DEEL_APP_GEBOUW - PARTIE_IMMEUBLE_APP;APPART;;;';;';;Y;;;;'15/01/2019 12:41:18
;;;Zoning;6807323;'20200219142313;W03-C-Antwerpen-West-FH07;6807323;'20200219142313;W03-C-Antwerpen-West-FH07;19084;FTTH-Cu;;';';;;;;;;669705;'20191021131001;2045620;'1630000;'25165;Prekersstraat;'61;';2000;Antwerpen;;'151984,38;'211574,495;';Y;NA;4;12;Unknown;Unknown;;None;;;';;';;Y;;;;'15/01/2019 12:41:18;2;1827424;;LU;1;';';';';';Y;#A2/2V/;APPART;DEEL_APP_GEBOUW - PARTIE_IMMEUBLE_APP;APPART;;;';;';;Y;;;;'15/01/2019 12:41:18
;;;Zoning;6807323;'20200219142313;W03-C-Antwerpen-West-FH07;6807323;'20200219142313;W03-C-Antwerpen-West-FH07;19084;FTTH-Cu;;';';;;;;;;669705;'20191021131001;2045620;'1630000;'25165;Prekersstraat;'61;';2000;Antwerpen;;'151984,38;'211574,495;';Y;NA;4;12;Unknown;Unknown;;None;;;';;';;Y;;;;'15/01/2019 12:41:18;3;1827516;;LU;1;';';';';';Y;#A3/3V/;APPART;DEEL_APP_GEBOUW - PARTIE_IMMEUBLE_APP;APPART;;;';;';;Y;;;;'15/01/2019 12:41:18
;;;Zoning;6807323;'20200219142313;W03-C-Antwerpen-West-FH07;6807323;'20200219142313;W03-C-Antwerpen-West-FH07;19084;FTTH-Cu;;';';;;;;;;691167;'20191021131001;3928201;'1630000;'25165;Prekersstraat;'63;';2000;Antwerpen;;'151988,625;'211572,912;';Y;NA;4;12;Unknown;Unknown;;None;;;';;';;Y;;;;'15/01/2019 12:41:18;1;1830178;;LU;1;';';';';';Y;#A.GV;APPART;DEEL_APP_GEBOUW - PARTIE_IMMEUBLE_APP;APPART;;;';;';;Y;;;;'15/01/2019 12:41:18
;;;Zoning;6807323;'20200219142313;W03-C-Antwerpen-West-FH07;6807323;'20200219142313;W03-C-Antwerpen-West-FH07;19084;FTTH-Cu;;';';;;;;;;691167;'20191021131001;3928201;'1630000;'25165;Prekersstraat;'63;';2000;Antwerpen;;'151988,625;'211572,912;';Y;NA;4;12;Unknown;Unknown;;None;;;';;';;Y;;;;'15/01/2019 12:41:18;2;1830221;;LU;1;';';';';';Y;#A1;APPART;DEEL_APP_GEBOUW - PARTIE_IMMEUBLE_APP;APPART;;;';;';;Y;;;;'15/01/2019 12:41:18
;;;Zoning;6807323;'20200219142313;W03-C-Antwerpen-West-FH07;6807323;'20200219142313;W03-C-Antwerpen-West-FH07;19084;FTTH-Cu;;';';;;;;;;691167;'20191021131001;3928201;'1630000;'25165;Prekersstraat;'63;';2000;Antwerpen;;'151988,625;'211572,912;';Y;NA;4;12;Unknown;Unknown;;None;;;';;';;Y;;;;'15/01/2019 12:41:18;3;1830296;;LU;1;';';';';';Y;#A2;APPART;DEEL_APP_GEBOUW - PARTIE_IMMEUBLE_APP;APPART;;;';;';;Y;;;;'15/01/2019 12:41:18
;;;Zoning;6807323;'20200219142313;W03-C-Antwerpen-West-FH07;6807323;'20200219142313;W03-C-Antwerpen-West-FH07;19084;FTTH-Cu;;';';;;;;;;691167;'20191021131001;3928201;'1630000;'25165;Prekersstraat;'63;';2000;Antwerpen;;'151988,625;'211572,912;';Y;NA;4;12;Unknown;Unknown;;None;;;';;';;Y;;;;'15/01/2019 12:41:18;4;1830376;;BU;1;';';';';';Y;#A3;APPART;DEEL_APP_GEBOUW - PARTIE_IMMEUBLE_APP;APPART;;;';;';;Y;;;;'15/01/2019 12:41:18
;;;Zoning;6807323;'20200219142313;W03-C-Antwerpen-West-FH07;6807323;'20200219142313;W03-C-Antwerpen-West-FH07;19084;FTTH-Cu;11382493;'20191021131030;'Prekersstraat 65 - 67;;;;;;;669706;'20191021131013;2045621;'1630000;'25165;Prekersstraat;'65;';2000;Antwerpen;;'151996,475;'211573,926;';Y;NA;4;12;Unknown;Unknown;;None;;;';;';;Y;;;;'15/01/2019 12:41:18;1;1833704;;LU;1;';';';';';Y;;COMM;HANDELSZAAK - COMMERCE;NA;;;';;';;Y;;;;'15/01/2019 12:41:18
;;;Zoning;6807323;'20200219142313;W03-C-Antwerpen-West-FH07;6807323;'20200219142313;W03-C-Antwerpen-West-FH07;19084;FTTH-Cu;11382493;'20191021131030;'Prekersstraat 65 - 67;;;;;;;669706;'20191021131013;2045621;'1630000;'25165;Prekersstraat;'65;';2000;Antwerpen;;'151996,475;'211573,926;';Y;NA;4;12;Unknown;Unknown;;None;;;';;';;Y;;;;'15/01/2019 12:41:18;2;1833705;;LU;1;';';';';';Y;;COMM;HANDELSZAAK - COMMERCE;NA;;;';;';;Y;;;;'15/01/2019 12:41:18
;;;Zoning;6807323;'20200219142313;W03-C-Antwerpen-West-FH07;6807323;'20200219142313;W03-C-Antwerpen-West-FH07;19084;FTTH-Cu;11382493;'20191021131030;'Prekersstraat 65 - 67;;;;;;;669706;'20191021131013;2045621;'1630000;'25165;Prekersstraat;'65;';2000;Antwerpen;;'151996,475;'211573,926;';Y;NA;4;12;Unknown;Unknown;;None;;;';;';;Y;;;;'15/01/2019 12:41:18;3;1833706;;LU;1;';';';';';Y;;COMM;HANDELSZAAK - COMMERCE;NA;;;';;';;Y;;;;'15/01/2019 12:41:18
;;;Zoning;6807323;'20200219142313;W03-C-Antwerpen-West-FH07;6807323;'20200219142313;W03-C-Antwerpen-West-FH07;19084;FTTH-Cu;11382493;'20191021131030;'Prekersstraat 65 - 67;;;;;;;669706;'20191021131013;2045621;'1630000;'25165;Prekersstraat;'65;';2000;Antwerpen;;'151996,475;'211573,926;';Y;NA;4;12;Unknown;Unknown;;None;;;';;';;Y;;;;'15/01/2019 12:41:18;4;1833707;;LU;1;';';';';';Y;;COMM;HANDELSZAAK - COMMERCE;NA;;;';;';;Y;;;;'15/01/2019 12:41:18
;;;Zoning;6807323;'20200219142313;W03-C-Antwerpen-West-FH07;6807323;'20200219142313;W03-C-Antwerpen-West-FH07;19084;FTTH-Cu;11382493;'20191021131030;'Prekersstraat 65 - 67;;;;;;;669706;'20191021131013;2045621;'1630000;'25165;Prekersstraat;'65;';2000;Antwerpen;;'151996,475;'211573,926;';Y;NA;4;12;Unknown;Unknown;;None;;;';;';;Y;;;;'15/01/2019 12:41:18;5;1833708;;LU;1;';';';';';Y;;COMM;HANDELSZAAK - COMMERCE;NA;;;';;';;Y;;;;'15/01/2019 12:41:18
;;;Zoning;6807323;'20200219142313;W03-C-Antwerpen-West-FH07;6807323;'20200219142313;W03-C-Antwerpen-West-FH07;19084;FTTH-Cu;11382493;'20191021131030;'Prekersstraat 65 - 67;;;;;;;669706;'20191021131013;2045621;'1630000;'25165;Prekersstraat;'65;';2000;Antwerpen;;'151996,475;'211573,926;';Y;NA;4;12;Unknown;Unknown;;None;;;';;';;Y;;;;'15/01/2019 12:41:18;6;1833709;;LU;1;';';';';';Y;;COMM;HANDELSZAAK - COMMERCE;NA;;;';;';;Y;;;;'15/01/2019 12:41:18
;;;Zoning;6807323;'20200219142313;W03-C-Antwerpen-West-FH07;6807323;'20200219142313;W03-C-Antwerpen-West-FH07;19084;FTTH-Cu;11382493;'20191021131030;'Prekersstraat 65 - 67;;;;;;;11379471;'20191021131013;4518315;'1630000;'25165;Prekersstraat;'67;';2000;Antwerpen;;'151993,553;'211570,819;';Y;NA;4;12;Unknown;Unknown;;None;;;';;';;Y;;;;'15/01/2019 12:41:18;1;11086563;;BU;1;';';';';';;;;;;;;';;';;Y;;;;'15/01/2019 12:41:18
;;;Zoning;6807323;'20200219142313;W03-C-Antwerpen-West-FH07;6807323;'20200219142313;W03-C-Antwerpen-West-FH07;19084;FTTH-Cu;11382493;'20191021131030;'Prekersstraat 65 - 67;;;;;;;11379471;'20191021131013;4518315;'1630000;'25165;Prekersstraat;'67;';2000;Antwerpen;;'151993,553;'211570,819;';Y;NA;4;12;Unknown;Unknown;;None;;;';;';;Y;;;;'15/01/2019 12:41:18;2;11086564;;LU;1;';';';';';;;;;;;;';;';;Y;;;;'15/01/2019 12:41:18
;;;Zoning;6807323;'20200219142313;W03-C-Antwerpen-West-FH07;6807323;'20200219142313;W03-C-Antwerpen-West-FH07;19084;FTTH-Cu;11382545;'20191021130930;'Prekerstraat 69-71;;;;;;;616597;'20191021130920;1326107;'1630000;'25165;Prekersstraat;'69;';2000;Antwerpen;;'152003,209;'211571,967;';Y;NA;4;4;Unknown;Unknown;;None;;;';IFH_BATCH;'12/07/2019 07:35:06;;Y;;;;'12/07/2019 07:28:35;1;1837637;;LU;1;';';';';';Y;#A.GV/KAVELI/K;APPART;DEEL_APP_GEBOUW - PARTIE_IMMEUBLE_APP;APPART;;;';;';;Y;;;;'12/07/2019 07:28:35
;;;Zoning;6807323;'20200219142313;W03-C-Antwerpen-West-FH07;6807323;'20200219142313;W03-C-Antwerpen-West-FH07;19084;FTTH-Cu;11382545;'20191021130930;'Prekerstraat 69-71;;;;;;;616597;'20191021130920;1326107;'1630000;'25165;Prekersstraat;'69;';2000;Antwerpen;;'152003,209;'211571,967;';Y;NA;4;4;Unknown;Unknown;;None;;;';IFH_BATCH;'12/07/2019 07:35:06;;Y;;;;'12/07/2019 07:28:35;2;1837689;;LU;1;';';';';';Y;#A1/KAVELII/;APPART;DEEL_APP_GEBOUW - PARTIE_IMMEUBLE_APP;APPART;;;';;';;Y;;;;'12/07/2019 07:28:35
;;;Zoning;6807323;'20200219142313;W03-C-Antwerpen-West-FH07;6807323;'20200219142313;W03-C-Antwerpen-West-FH07;19084;FTTH-Cu;11382545;'20191021130930;'Prekerstraat 69-71;;;;;;;616597;'20191021130920;1326107;'1630000;'25165;Prekersstraat;'69;';2000;Antwerpen;;'152003,209;'211571,967;';Y;NA;4;4;Unknown;Unknown;;None;;;';IFH_BATCH;'12/07/2019 07:35:06;;Y;;;;'12/07/2019 07:28:35;3;1837757;;LU;1;';';';';';Y;#A2/KAVELIII/;APPART;DEEL_APP_GEBOUW - PARTIE_IMMEUBLE_APP;APPART;;;';;';;Y;;;;'12/07/2019 07:28:35
;;;Zoning;6807323;'20200219142313;W03-C-Antwerpen-West-FH07;6807323;'20200219142313;W03-C-Antwerpen-West-FH07;19084;FTTH-Cu;11382545;'20191021130930;'Prekerstraat 69-71;;;;;;;11378590;'20191021130920;2045622;'1630000;'25165;Prekersstraat;'71;';2000;Antwerpen;;'152003,191;'211568,363;';Y;NA;12;4;Unknown;Unknown;;None;;;';IFH_BATCH;'12/07/2019 07:43:30;;Y;;;;'12/07/2019 07:28:35;1;11086182;;BU;1;';';';';';;;;;;;;';;';;Y;;;;'12/07/2019 07:28:35
;;;Zoning;6807323;'20200219142313;W03-C-Antwerpen-West-FH07;6807323;'20200219142313;W03-C-Antwerpen-West-FH07;19084;FTTH-Cu;;';';;;;;;;726228;'20191021130911;976552;'1630000;'25165;Prekersstraat;'73;';2000;Antwerpen;;'152009,255;'211567,65;';Y;NA;5;15;Unknown;Unknown;;None;;;';;';;Y;;;;'15/01/2019 12:41:18;1;1846573;;BU;1;';';';';';Y;;APTBLD;APPARTEMENTSGEBOUW - IMMEUBLE A APPARTEMENTS;NA;;;';;';;Y;;;;'15/01/2019 12:41:18
;;;Zoning;6807323;'20200219142313;W03-C-Antwerpen-West-FH07;6807323;'20200219142313;W03-C-Antwerpen-West-FH07;19084;FTTH-Cu;;';';;;;;;;726230;'20191021130336;976555;'1630000;'25165;Prekersstraat;'75;';2000;Antwerpen;;'152016,603;'211567,939;';Y;NA;4;4;Unknown;Unknown;;None;;;';IFH_BATCH;'12/07/2019 07:35:08;;Y;;;;'12/07/2019 07:28:35;1;1848562;;LU;1;';';';';';Y;;APTBLD;APPARTEMENTSGEBOUW - IMMEUBLE A APPARTEMENTS;NA;;;';;';;Y;;;;'12/07/2019 07:28:35
;;;Zoning;6807323;'20200219142313;W03-C-Antwerpen-West-FH07;6807323;'20200219142313;W03-C-Antwerpen-West-FH07;19084;FTTH-Cu;;';';;;;;;;726230;'20191021130336;976555;'1630000;'25165;Prekersstraat;'75;';2000;Antwerpen;;'152016,603;'211567,939;';Y;NA;4;4;Unknown;Unknown;;None;;;';IFH_BATCH;'12/07/2019 07:35:08;;Y;;;;'12/07/2019 07:28:35;2;1848563;;LU;1;';';';';';Y;;APTBLD;APPARTEMENTSGEBOUW - IMMEUBLE A APPARTEMENTS;NA;;;';;';;Y;;;;'12/07/2019 07:28:35
;;;Zoning;6807323;'20200219142313;W03-C-Antwerpen-West-FH07;6807323;'20200219142313;W03-C-Antwerpen-West-FH07;19084;FTTH-Cu;;';';;;;;;;726230;'20191021130336;976555;'1630000;'25165;Prekersstraat;'75;';2000;Antwerpen;;'152016,603;'211567,939;';Y;NA;4;4;Unknown;Unknown;;None;;;';IFH_BATCH;'12/07/2019 07:35:08;;Y;;;;'12/07/2019 07:28:35;3;1848564;;LU;1;';';';';';Y;;APTBLD;APPARTEMENTSGEBOUW - IMMEUBLE A APPARTEMENTS;NA;;;';;';;Y;;;;'12/07/2019 07:28:35
;;;Zoning;6807323;'20200219142313;W03-C-Antwerpen-West-FH07;6807323;'20200219142313;W03-C-Antwerpen-West-FH07;19084;FTTH-Cu;;';';;;;;;;726230;'20191021130336;976555;'1630000;'25165;Prekersstraat;'75;';2000;Antwerpen;;'152016,603;'211567,939;';Y;NA;4;4;Unknown;Unknown;;None;;;';IFH_BATCH;'12/07/2019 07:35:08;;Y;;;;'12/07/2019 07:28:35;4;1848565;;LU;1;';';';';';Y;;APTBLD;APPARTEMENTSGEBOUW - IMMEUBLE A APPARTEMENTS;NA;;;';;';;Y;;;;'12/07/2019 07:28:35
;;;Zoning;6807323;'20200219142313;W03-C-Antwerpen-West-FH07;6807323;'20200219142313;W03-C-Antwerpen-West-FH07;19084;FTTH-Cu;;';';;;;;;;726230;'20191021130336;976555;'1630000;'25165;Prekersstraat;'75;';2000;Antwerpen;;'152016,603;'211567,939;';Y;NA;4;4;Unknown;Unknown;;None;;;';IFH_BATCH;'12/07/2019 07:35:08;;Y;;;;'12/07/2019 07:28:35;5;1848566;;LU;1;';';';';';Y;;APTBLD;APPARTEMENTSGEBOUW - IMMEUBLE A APPARTEMENTS;NA;;;';;';;Y;;;;'12/07/2019 07:28:35
;;;Zoning;6807323;'20200219142313;W03-C-Antwerpen-West-FH07;6807323;'20200219142313;W03-C-Antwerpen-West-FH07;19084;FTTH-Cu;;';';;;;;;;726230;'20191021130336;976555;'1630000;'25165;Prekersstraat;'75;';2000;Antwerpen;;'152016,603;'211567,939;';Y;NA;4;4;Unknown;Unknown;;None;;;';IFH_BATCH;'12/07/2019 07:35:08;;Y;;;;'12/07/2019 07:28:35;6;1848567;;LU;1;';';';';';Y;;APTBLD;APPARTEMENTSGEBOUW - IMMEUBLE A APPARTEMENTS;NA;;;';;';;Y;;;;'12/07/2019 07:28:35
;;;Zoning;6807323;'20200219142313;W03-C-Antwerpen-West-FH07;6807323;'20200219142313;W03-C-Antwerpen-West-FH07;19084;FTTH-Cu;;';';;;;;;;11378438;'20200113085817;2047217;'1630000;'25943;Reyndersstraat;'2;'A;2000;Antwerpen;;'152058,115;'212165,115;';N;ORN;5;0;Unknown;Unknown;;None;;;';IFH_BATCH;'12/07/2019 07:43:33;;Y;;;;'12/07/2019 07:28:35;1;11086116;;LU;1;';';';';';;;;;;;;';;';;Y;;;;'12/07/2019 07:28:35
;;;Zoning;6807323;'20200219142313;W03-C-Antwerpen-West-FH07;6807323;'20200219142313;W03-C-Antwerpen-West-FH07;19084;FTTH-Cu;;';';;;;;;;11378438;'20200113085817;2047217;'1630000;'25943;Reyndersstraat;'2;'A;2000;Antwerpen;;'152058,115;'212165,115;';N;ORN;5;0;Unknown;Unknown;;None;;;';IFH_BATCH;'12/07/2019 07:43:33;;Y;;;;'12/07/2019 07:28:35;2;11086117;;LU;1;';';';';';;;;;;;;';;';;Y;;;;'12/07/2019 07:28:35
;;;Zoning;6807323;'20200219142313;W03-C-Antwerpen-West-FH07;6807323;'20200219142313;W03-C-Antwerpen-West-FH07;19084;FTTH-Cu;;';';;;;;;;11378438;'20200113085817;2047217;'1630000;'25943;Reyndersstraat;'2;'A;2000;Antwerpen;;'152058,115;'212165,115;';N;ORN;5;0;Unknown;Unknown;;None;;;';IFH_BATCH;'12/07/2019 07:43:33;;Y;;;;'12/07/2019 07:28:35;3;11086118;;LU;1;';';';';';;;;;;;;';;';;Y;;;;'12/07/2019 07:28:35
;;;Zoning;6807323;'20200219142313;W03-C-Antwerpen-West-FH07;6807323;'20200219142313;W03-C-Antwerpen-West-FH07;19084;FTTH-Cu;;';';;;;;;;11378438;'20200113085817;2047217;'1630000;'25943;Reyndersstraat;'2;'A;2000;Antwerpen;;'152058,115;'212165,115;';N;ORN;5;0;Unknown;Unknown;;None;;;';IFH_BATCH;'12/07/2019 07:43:33;;Y;;;;'12/07/2019 07:28:35;4;11086119;;LU;1;';';';';';;;;;;;;';;';;Y;;;;'12/07/2019 07:28:35
;;;Zoning;6807323;'20200219142313;W03-C-Antwerpen-West-FH07;6807323;'20200219142313;W03-C-Antwerpen-West-FH07;19084;FTTH-Cu;;';';;;;;;;11378438;'20200113085817;2047217;'1630000;'25943;Reyndersstraat;'2;'A;2000;Antwerpen;;'152058,115;'212165,115;';N;ORN;5;0;Unknown;Unknown;;None;;;';IFH_BATCH;'12/07/2019 07:43:33;;Y;;;;'12/07/2019 07:28:35;5;11086120;;LU;1;';';';';';;;;;;;;';;';;Y;;;;'12/07/2019 07:28:35
;;;Zoning;6807323;'20200219142313;W03-C-Antwerpen-West-FH07;6807323;'20200219142313;W03-C-Antwerpen-West-FH07;19084;FTTH-Cu;;';';;;;;;;11378438;'20200113085817;2047217;'1630000;'25943;Reyndersstraat;'2;'A;2000;Antwerpen;;'152058,115;'212165,115;';N;ORN;5;0;Unknown;Unknown;;None;;;';IFH_BATCH;'12/07/2019 07:43:33;;Y;;;;'12/07/2019 07:28:35;6;11086121;;LU;1;';';';';';;;;;;;;';;';;Y;;;;'12/07/2019 07:28:35
;;;Zoning;6807323;'20200219142313;W03-C-Antwerpen-West-FH07;6807323;'20200219142313;W03-C-Antwerpen-West-FH07;19084;FTTH-Cu;;';';;;;;;;11378438;'20200113085817;2047217;'1630000;'25943;Reyndersstraat;'2;'A;2000;Antwerpen;;'152058,115;'212165,115;';N;ORN;5;0;Unknown;Unknown;;None;;;';IFH_BATCH;'12/07/2019 07:43:33;;Y;;;;'12/07/2019 07:28:35;7;11086122;;LU;1;';';';';';;;;;;;;';;';;Y;;;;'12/07/2019 07:28:35
;;;Zoning;6807323;'20200219142313;W03-C-Antwerpen-West-FH07;6807323;'20200219142313;W03-C-Antwerpen-West-FH07;19084;FTTH-Cu;;';';;;;;;;11378438;'20200113085817;2047217;'1630000;'25943;Reyndersstraat;'2;'A;2000;Antwerpen;;'152058,115;'212165,115;';N;ORN;5;0;Unknown;Unknown;;None;;;';IFH_BATCH;'12/07/2019 07:43:33;;Y;;;;'12/07/2019 07:28:35;8;11086123;;LU;1;';';';';';;;;;;;;';;';;Y;;;;'12/07/2019 07:28:35
;;;Zoning;6807323;'20200219142313;W03-C-Antwerpen-West-FH07;6807323;'20200219142313;W03-C-Antwerpen-West-FH07;19084;FTTH-Cu;;';';;;;;;;671122;'20191016101254;2047218;'1630000;'25943;Reyndersstraat;'2;'B;2000;Antwerpen;;'152069,232;'212158,445;';N;MON;3;0;Unknown;Unknown;;None;;;';IFH_BATCH;'12/07/2019 07:35:53;;Y;;;;'12/07/2019 07:28:35;1;1693614;;BU;1;';';';';';Y;;COMM;HANDELSZAAK - COMMERCE;NA;;;';;';;Y;;;;'12/07/2019 07:28:35
;;;Zoning;6807323;'20200219142313;W03-C-Antwerpen-West-FH07;6807323;'20200219142313;W03-C-Antwerpen-West-FH07;19084;FTTH-Cu;;';';;;;;;;671122;'20191016101254;2047218;'1630000;'25943;Reyndersstraat;'2;'B;2000;Antwerpen;;'152069,232;'212158,445;';N;MON;3;0;Unknown;Unknown;;None;;;';IFH_BATCH;'12/07/2019 07:35:53;;Y;;;;'12/07/2019 07:28:35;2;11086853;;LU;1;';';';';';;;;;;;;';;';;Y;;;;'12/07/2019 07:28:35
;;;Zoning;6807323;'20200219142313;W03-C-Antwerpen-West-FH07;6807323;'20200219142313;W03-C-Antwerpen-West-FH07;19084;FTTH-Cu;;';';;;;;;;671124;'20191016100010;2047220;'1630000;'25943;Reyndersstraat;'4;';2000;Antwerpen;;'152078,262;'212155,184;';N;MON;3;0;Unknown;Unknown;;None;;;';IFH_BATCH;'12/07/2019 07:35:30;;Y;;;;'12/07/2019 07:28:35;1;1775796;;LU;1;';';';';';Y;;APTBLD;APPARTEMENTSGEBOUW - IMMEUBLE A APPARTEMENTS;NA;;;';;';;Y;;;;'12/07/2019 07:28:35
;;;Zoning;6807323;'20200219142313;W03-C-Antwerpen-West-FH07;6807323;'20200219142313;W03-C-Antwerpen-West-FH07;19084;FTTH-Cu;;';';;;;;;;671124;'20191016100010;2047220;'1630000;'25943;Reyndersstraat;'4;';2000;Antwerpen;;'152078,262;'212155,184;';N;MON;3;0;Unknown;Unknown;;None;;;';IFH_BATCH;'12/07/2019 07:35:30;;Y;;;;'12/07/2019 07:28:35;2;1775797;;LU;1;';';';';';Y;;APTBLD;APPARTEMENTSGEBOUW - IMMEUBLE A APPARTEMENTS;NA;;;';;';;Y;;;;'12/07/2019 07:28:35
;;;Zoning;6807323;'20200219142313;W03-C-Antwerpen-West-FH07;6807323;'20200219142313;W03-C-Antwerpen-West-FH07;19084;FTTH-Cu;;';';;;;;;;671124;'20191016100010;2047220;'1630000;'25943;Reyndersstraat;'4;';2000;Antwerpen;;'152078,262;'212155,184;';N;MON;3;0;Unknown;Unknown;;None;;;';IFH_BATCH;'12/07/2019 07:35:30;;Y;;;;'12/07/2019 07:28:35;3;1775798;;LU;1;';';';';';Y;;APTBLD;APPARTEMENTSGEBOUW - IMMEUBLE A APPARTEMENTS;NA;;;';;';;Y;;;;'12/07/2019 07:28:35
;;;Zoning;6807323;'20200219142313;W03-C-Antwerpen-West-FH07;6807323;'20200219142313;W03-C-Antwerpen-West-FH07;19084;FTTH-Cu;;';';;;;;;;11378446;'20191016100018;4507925;'1630000;'25943;Reyndersstraat;'6;';2000;Antwerpen;;'152075,581;'212151,281;';N;ORN;1;0;Unknown;Unknown;;None;;;';IFH_BATCH;'12/07/2019 07:35:56;;Y;;;;'12/07/2019 07:28:35;1;11086124;;BU;1;';';';';';;;;;;;;';;';;Y;;;;'12/07/2019 07:28:35
;;;Zoning;6807323;'20200219142313;W03-C-Antwerpen-West-FH07;6807323;'20200219142313;W03-C-Antwerpen-West-FH07;19084;FTTH-Cu;;';';;;;;;;671126;'20191016100028;2047222;'1630000;'25943;Reyndersstraat;'8;';2000;Antwerpen;;'152081,875;'212151,913;';N;ORN;1;0;Unknown;Unknown;;None;;;';IFH_BATCH;'12/07/2019 07:35:33;;Y;;;;'12/07/2019 07:28:35;1;1855782;;BU;1;';';';';';Y;;COMM;HANDELSZAAK - COMMERCE;NA;;;';;';;Y;;;;'12/07/2019 07:28:35
;;;Zoning;6807323;'20200219142313;W03-C-Antwerpen-West-FH07;6807323;'20200219142313;W03-C-Antwerpen-West-FH07;19084;FTTH-Cu;;';';;;;;;;671127;'20191016100044;2047223;'1630000;'25943;Reyndersstraat;'10;';2000;Antwerpen;;'152088,039;'212149,506;';Y;NA;4;4;Unknown;Unknown;;None;;;';IFH_BATCH;'12/07/2019 07:35:35;;Y;;;;'12/07/2019 07:28:35;1;1620834;;BU;1;';';';';';Y;;COMM;HANDELSZAAK - COMMERCE;NA;;;';;';;Y;;;;'12/07/2019 07:28:35
;;;Zoning;6807323;'20200219142313;W03-C-Antwerpen-West-FH07;6807323;'20200219142313;W03-C-Antwerpen-West-FH07;19084;FTTH-Cu;;';';;;;;;;671127;'20191016100044;2047223;'1630000;'25943;Reyndersstraat;'10;';2000;Antwerpen;;'152088,039;'212149,506;';Y;NA;4;4;Unknown;Unknown;;None;;;';IFH_BATCH;'12/07/2019 07:35:35;;Y;;;;'12/07/2019 07:28:35;2;1620835;;LU;1;';';';';';Y;;COMM;HANDELSZAAK - COMMERCE;NA;;;';;';;Y;;;;'12/07/2019 07:28:35
;;;Zoning;6807323;'20200219142313;W03-C-Antwerpen-West-FH07;6807323;'20200219142313;W03-C-Antwerpen-West-FH07;19084;FTTH-Cu;;';';;;;;;;671127;'20191016100044;2047223;'1630000;'25943;Reyndersstraat;'10;';2000;Antwerpen;;'152088,039;'212149,506;';Y;NA;4;4;Unknown;Unknown;;None;;;';IFH_BATCH;'12/07/2019 07:35:35;;Y;;;;'12/07/2019 07:28:35;3;1620836;;LU;1;';';';';';Y;;COMM;HANDELSZAAK - COMMERCE;NA;;;';;';;Y;;;;'12/07/2019 07:28:35
;;;Zoning;6807323;'20200219142313;W03-C-Antwerpen-West-FH07;6807323;'20200219142313;W03-C-Antwerpen-West-FH07;19084;FTTH-Cu;;';';;;;;;;671127;'20191016100044;2047223;'1630000;'25943;Reyndersstraat;'10;';2000;Antwerpen;;'152088,039;'212149,506;';Y;NA;4;4;Unknown;Unknown;;None;;;';IFH_BATCH;'12/07/2019 07:35:35;;Y;;;;'12/07/2019 07:28:35;4;11086850;;LU;1;';';';';';;;;;;;;';;';;Y;;;;'12/07/2019 07:28:35
;;;Zoning;6807323;'20200219142313;W03-C-Antwerpen-West-FH07;6807323;'20200219142313;W03-C-Antwerpen-West-FH07;19084;FTTH-Cu;;';';;;;;;;671129;'20191016100044;2047225;'1630000;'25943;Reyndersstraat;'12;';2000;Antwerpen;;'152092,912;'212145,896;';Y;NA;3;9;Unknown;Unknown;;None;;;';;';;Y;;;;'15/01/2019 12:41:18;1;1638443;;LU;1;';';';';';Y;#GV/L/;APPART;DEEL_APP_GEBOUW - PARTIE_IMMEUBLE_APP;;;;';;';;Y;;;;'15/01/2019 12:41:18
;;;Zoning;6807323;'20200219142313;W03-C-Antwerpen-West-FH07;6807323;'20200219142313;W03-C-Antwerpen-West-FH07;19084;FTTH-Cu;;';';;;;;;;671129;'20191016100044;2047225;'1630000;'25943;Reyndersstraat;'12;';2000;Antwerpen;;'152092,912;'212145,896;';Y;NA;3;9;Unknown;Unknown;;None;;;';;';;Y;;;;'15/01/2019 12:41:18;3;1640061;;BU;1;';';';';';Y;;COMM;HANDELSZAAK - COMMERCE;NA;;;';;';;Y;;;;'15/01/2019 12:41:18
;;;Zoning;6807323;'20200219142313;W03-C-Antwerpen-West-FH07;6807323;'20200219142313;W03-C-Antwerpen-West-FH07;19084;FTTH-Cu;;';';;;;;;;671131;'20191016100045;2047228;'1630000;'25943;Reyndersstraat;'14;';2000;Antwerpen;;'152098,747;'212142,593;';Y;NA;3;4;Unknown;Unknown;;None;;;';IFH_BATCH;'12/07/2019 07:35:38;;Y;;;;'12/07/2019 07:28:35;1;10366166;;BU;1;';';';';';Y;;COMM;HANDELSZAAK - COMMERCE;NA;;;';;';;Y;;;;'12/07/2019 07:28:35
;;;Zoning;6807323;'20200219142313;W03-C-Antwerpen-West-FH07;6807323;'20200219142313;W03-C-Antwerpen-West-FH07;19084;FTTH-Cu;;';';;;;;;;706750;'20191016100045;4507926;'1630000;'25943;Reyndersstraat;'16;';2000;Antwerpen;;'152103,975;'212139,365;';Y;NA;4;4;Unknown;Unknown;;None;;;';IFH_BATCH;'12/07/2019 07:35:41;;Y;;;;'12/07/2019 07:28:35;1;1668457;;LU;1;';';';';';Y;;HOUSE;WONING - MAISON;NA;;;';;';;Y;;;;'12/07/2019 07:28:35
;;;Zoning;6807323;'20200219142313;W03-C-Antwerpen-West-FH07;6807323;'20200219142313;W03-C-Antwerpen-West-FH07;19084;FTTH-Cu;;';';;;;;;;706750;'20191016100045;4507926;'1630000;'25943;Reyndersstraat;'16;';2000;Antwerpen;;'152103,975;'212139,365;';Y;NA;4;4;Unknown;Unknown;;None;;;';IFH_BATCH;'12/07/2019 07:35:41;;Y;;;;'12/07/2019 07:28:35;2;11086851;;LU;1;';';';';';;;;;;;;';;';;Y;;;;'12/07/2019 07:28:35
;;;Zoning;6807323;'20200219142313;W03-C-Antwerpen-West-FH07;6807323;'20200219142313;W03-C-Antwerpen-West-FH07;19084;FTTH-Cu;;';';;;;;;;671133;'20191016100113;2047230;'1630000;'25943;Reyndersstraat;'18;';2000;Antwerpen;;'152112,554;'212133,506;';N;MON;3;0;Unknown;Unknown;;None;;;';IFH_BATCH;'12/07/2019 07:35:43;;Y;;;;'12/07/2019 07:28:35;1;1680049;;BU;1;';';';';';Y;;COMM;HANDELSZAAK - COMMERCE;NA;;;';;';;Y;;;;'12/07/2019 07:28:35
;;;Zoning;6807323;'20200219142313;W03-C-Antwerpen-West-FH07;6807323;'20200219142313;W03-C-Antwerpen-West-FH07;19084;FTTH-Cu;;';';;;;;;;671135;'20191016100113;2047232;'1630000;'25943;Reyndersstraat;'20;';2000;Antwerpen;;'152125,571;'212127,692;';Y;NA;9;4;Unknown;Unknown;;None;;;';IFH_BATCH;'12/07/2019 07:35:45;;Y;;;;'12/07/2019 07:28:35;1;1698362;;BU;1;';';';';';Y;;COMM;HANDELSZAAK - COMMERCE;NA;;;';;';;Y;;;;'12/07/2019 07:28:35
;;;Zoning;6807323;'20200219142313;W03-C-Antwerpen-West-FH07;6807323;'20200219142313;W03-C-Antwerpen-West-FH07;19084;FTTH-Cu;;';';;;;;;;671135;'20191016100113;2047232;'1630000;'25943;Reyndersstraat;'20;';2000;Antwerpen;;'152125,571;'212127,692;';Y;NA;9;4;Unknown;Unknown;;None;;;';IFH_BATCH;'12/07/2019 07:35:45;;Y;;;;'12/07/2019 07:28:35;2;11086852;;LU;1;';';';';';;;;;;;;';;';;Y;;;;'12/07/2019 07:28:35
;;;Zoning;6807323;'20200219142313;W03-C-Antwerpen-West-FH07;6807323;'20200219142313;W03-C-Antwerpen-West-FH07;19084;FTTH-Cu;;';';;;;;;;706751;'20191016102018;4507928;'1630000;'25943;Reyndersstraat;'22;';2000;Antwerpen;;'152133,852;'212122,536;';Y;NA;4;4;Unknown;Unknown;;None;;;';IFH_BATCH;'12/07/2019 07:35:48;;Y;;;;'12/07/2019 07:28:35;1;1708423;;BU;1;';';';';';Y;;HOUSE;WONING - MAISON;NA;;;';;';;Y;;;;'12/07/2019 07:28:35
;;;Zoning;6807323;'20200219142313;W03-C-Antwerpen-West-FH07;6807323;'20200219142313;W03-C-Antwerpen-West-FH07;19084;FTTH-Cu;;';';;;;;;;714419;'20191016100134;60699;'1630000;'25943;Reyndersstraat;'24;';2000;Antwerpen;;'152141,433;'212115,422;';Y;NA;4;4;Unknown;Unknown;;None;;;';IFH_BATCH;'12/07/2019 07:35:51;;Y;;;;'12/07/2019 07:28:35;1;1717309;;BU;1;';';';';';Y;;COMM;HANDELSZAAK - COMMERCE;NA;;;';;';;Y;;;;'12/07/2019 07:28:35
;;;Zoning;6807323;'20200219142313;W03-C-Antwerpen-West-FH07;6807323;'20200219142313;W03-C-Antwerpen-West-FH07;19084;FTTH-Cu;11382511;'20191016102116;'Reyndersstraat 26,28,30;;;;;;;714420;'20190712080943;60700;'1630000;'25943;Reyndersstraat;'26;';2000;Antwerpen;;'152152,109;'212115,057;';N;MON;4;0;Unknown;Unknown;;None;;;';IFH_BATCH;'12/07/2019 07:29:59;;Y;;;;'12/07/2019 07:28:35;1;1725177;;BU;1;';';';';';Y;;COMM;HANDELSZAAK - COMMERCE;NA;;;';;';;Y;;;;'12/07/2019 07:28:35
;;;Zoning;6807323;'20200219142313;W03-C-Antwerpen-West-FH07;6807323;'20200219142313;W03-C-Antwerpen-West-FH07;19084;FTTH-Cu;11382511;'20191016102116;'Reyndersstraat 26,28,30;;;;;;;11378560;'20190712080949;4507885;'1630000;'25943;Reyndersstraat;'28;';2000;Antwerpen;;'152152,495;'212109,848;';N;MON;1;0;Unknown;Unknown;;None;;;';IFH_BATCH;'12/07/2019 07:43:36;;Y;;;;'12/07/2019 07:28:35;1;11086129;;BU;1;';';';';';;;;;;;;';;';;Y;;;;'12/07/2019 07:28:35
;;;Zoning;6807323;'20200219142313;W03-C-Antwerpen-West-FH07;6807323;'20200219142313;W03-C-Antwerpen-West-FH07;19084;FTTH-Cu;11382511;'20191016102116;'Reyndersstraat 26,28,30;;;;;;;714421;'20190712080943;60703;'1630000;'25943;Reyndersstraat;'30;';2000;Antwerpen;;'152159,896;'212106,057;';N;ORN;4;0;Unknown;Unknown;;None;;;';IFH_BATCH;'12/07/2019 07:30:01;;Y;;;;'12/07/2019 07:28:35;1;1744900;;LU;1;';';';';';Y;;HOUSE;WONING - MAISON;NA;;;';;';;Y;;;;'12/07/2019 07:28:35
;;;Zoning;6807323;'20200219142313;W03-C-Antwerpen-West-FH07;6807323;'20200219142313;W03-C-Antwerpen-West-FH07;19084;FTTH-Cu;;';';;;;;;;710593;'20190115201317;49156;'1630000;'26061;Rijke Beukelaarstraat;'1;';2000;Antwerpen;;'151953,463;'211776,378;';Y;NA;3;9;Unknown;Unknown;;None;;;';;';;Y;;;;'15/01/2019 12:41:18;1;1615188;;LU;1;';';';';';Y;;HOUSE;WONING - MAISON;NA;;;';;';;Y;;;;'15/01/2019 12:41:18
;;;Zoning;6807323;'20200219142313;W03-C-Antwerpen-West-FH07;6807323;'20200219142313;W03-C-Antwerpen-West-FH07;19084;FTTH-Cu;;';';;;;;;;671409;'20190115201306;2047571;'1630000;'26061;Rijke Beukelaarstraat;'3;';2000;Antwerpen;;'151959,554;'211773,84;';Y;NA;3;9;Unknown;Unknown;;None;;;';;';;Y;;;;'15/01/2019 12:41:18;1;1741715;;LU;1;';';';';';Y;;HOUSE;WONING - MAISON;NA;;;';;';;Y;;;;'15/01/2019 12:41:18
;;;Zoning;6807323;'20200219142313;W03-C-Antwerpen-West-FH07;6807323;'20200219142313;W03-C-Antwerpen-West-FH07;19084;FTTH-Cu;;';';;;;;;;710595;'20191021095211;49158;'1630000;'26061;Rijke Beukelaarstraat;'4;';2000;Antwerpen;;'151953,754;'211760,106;';N;MON;3;0;Unknown;Unknown;;None;;;';IFH_BATCH;'12/07/2019 07:37:25;;Y;;;;'12/07/2019 07:28:35;1;1775863;;LU;1;';';';';';Y;;HOUSE;WONING - MAISON;NA;;;';;';;Y;;;;'12/07/2019 07:28:35
;;;Zoning;6807323;'20200219142313;W03-C-Antwerpen-West-FH07;6807323;'20200219142313;W03-C-Antwerpen-West-FH07;19084;FTTH-Cu;;';';;;;;;;671410;'20190115201306;2047572;'1630000;'26061;Rijke Beukelaarstraat;'5;';2000;Antwerpen;;'151966,08;'211771,157;';Y;NA;3;9;Unknown;Unknown;;None;;;';;';;Y;;;;'15/01/2019 12:41:18;1;1802932;;LU;1;';';';';';Y;;HOUSE;WONING - MAISON;NA;;;';;';;Y;;;;'15/01/2019 12:41:18
;;;Zoning;6807323;'20200219142313;W03-C-Antwerpen-West-FH07;6807323;'20200219142313;W03-C-Antwerpen-West-FH07;19084;FTTH-Cu;;';';;;;;;;671411;'20191021095219;2047573;'1630000;'26061;Rijke Beukelaarstraat;'6;';2000;Antwerpen;;'151957,609;'211756,679;';N;ORN;4;0;Unknown;Unknown;;None;;;';IFH_BATCH;'12/07/2019 07:37:28;;Y;;;;'12/07/2019 07:28:35;1;1821221;;LU;1;';';';';';Y;#A1/VK/-;APPART;DEEL_APP_GEBOUW - PARTIE_IMMEUBLE_APP;APPART;;;';;';;Y;;;;'12/07/2019 07:28:35
;;;Zoning;6807323;'20200219142313;W03-C-Antwerpen-West-FH07;6807323;'20200219142313;W03-C-Antwerpen-West-FH07;19084;FTTH-Cu;;';';;;;;;;671411;'20191021095219;2047573;'1630000;'26061;Rijke Beukelaarstraat;'6;';2000;Antwerpen;;'151957,609;'211756,679;';N;ORN;4;0;Unknown;Unknown;;None;;;';IFH_BATCH;'12/07/2019 07:37:28;;Y;;;;'12/07/2019 07:28:35;2;1821297;;LU;1;';';';';';Y;#A2/-/2KA1V/K;APPART;DEEL_APP_GEBOUW - PARTIE_IMMEUBLE_APP;APPART;;;';;';;Y;;;;'12/07/2019 07:28:35
;;;Zoning;6807323;'20200219142313;W03-C-Antwerpen-West-FH07;6807323;'20200219142313;W03-C-Antwerpen-West-FH07;19084;FTTH-Cu;;';';;;;;;;671411;'20191021095219;2047573;'1630000;'26061;Rijke Beukelaarstraat;'6;';2000;Antwerpen;;'151957,609;'211756,679;';N;ORN;4;0;Unknown;Unknown;;None;;;';IFH_BATCH;'12/07/2019 07:37:28;;Y;;;;'12/07/2019 07:28:35;3;1822464;;LU;1;';';';';';Y;#HAGV/-/K;APPART;DEEL_APP_GEBOUW - PARTIE_IMMEUBLE_APP;COMM;;;';;';;Y;;;;'12/07/2019 07:28:35
;;;Zoning;6807323;'20200219142313;W03-C-Antwerpen-West-FH07;6807323;'20200219142313;W03-C-Antwerpen-West-FH07;19084;FTTH-Cu;;';';;;;;;;671411;'20191021095219;2047573;'1630000;'26061;Rijke Beukelaarstraat;'6;';2000;Antwerpen;;'151957,609;'211756,679;';N;ORN;4;0;Unknown;Unknown;;None;;;';IFH_BATCH;'12/07/2019 07:37:28;;Y;;;;'12/07/2019 07:28:35;4;11086866;;LU;1;';';';';';;;;;;;;';;';;Y;;;;'12/07/2019 07:28:35
;;;Zoning;6807323;'20200219142313;W03-C-Antwerpen-West-FH07;6807323;'20200219142313;W03-C-Antwerpen-West-FH07;19084;FTTH-Cu;;';';;;;;;;11377800;'20190712080948;2047574;'1630000;'26061;Rijke Beukelaarstraat;'7;';2000;Antwerpen;;'151973;'211769;';Y;NA;3;4;Unknown;Unknown;;None;;;';IFH_BATCH;'12/07/2019 07:37:45;;Y;;;;'12/07/2019 07:28:35;1;11086014;;LU;1;';';';';';;;;;;;;';;';;Y;;;;'12/07/2019 07:28:35
;;;Zoning;6807323;'20200219142313;W03-C-Antwerpen-West-FH07;6807323;'20200219142313;W03-C-Antwerpen-West-FH07;19084;FTTH-Cu;;';';;;;;;;671412;'20191021095229;2047575;'1630000;'26061;Rijke Beukelaarstraat;'8;';2000;Antwerpen;;'151964,486;'211754,193;';Y;NA;4;4;Unknown;Unknown;;None;;;';IFH_BATCH;'12/07/2019 07:37:30;;Y;;;;'12/07/2019 07:28:35;1;1855855;;BU;1;';';';';';Y;;HOUSE;WONING - MAISON;NA;;;';;';;Y;;;;'12/07/2019 07:28:35
;;;Zoning;6807323;'20200219142313;W03-C-Antwerpen-West-FH07;6807323;'20200219142313;W03-C-Antwerpen-West-FH07;19084;FTTH-Cu;;';';;;;;;;671413;'20190712080931;2047576;'1630000;'26061;Rijke Beukelaarstraat;'9;';2000;Antwerpen;;'151975,288;'211766,879;';Y;NA;4;4;Unknown;Unknown;;None;;;';IFH_BATCH;'12/07/2019 07:37:22;;Y;;;;'12/07/2019 07:28:35;1;1867607;;LU;1;';';';';';Y;;HOUSE;WONING - MAISON;NA;;;';;';;Y;;;;'12/07/2019 07:28:35
;;;Zoning;6807323;'20200219142313;W03-C-Antwerpen-West-FH07;6807323;'20200219142313;W03-C-Antwerpen-West-FH07;19084;FTTH-Cu;;';';;;;;;;671414;'20190712080931;2047577;'1630000;'26061;Rijke Beukelaarstraat;'10;';2000;Antwerpen;;'151969,56;'211751,144;';Y;NA;4;4;Unknown;Unknown;;None;;;';IFH_BATCH;'12/07/2019 07:37:33;;Y;;;;'12/07/2019 07:28:35;1;1620891;;LU;1;';';';';';Y;;HOUSE;WONING - MAISON;NA;;;';;';;Y;;;;'12/07/2019 07:28:35
;;;Zoning;6807323;'20200219142313;W03-C-Antwerpen-West-FH07;6807323;'20200219142313;W03-C-Antwerpen-West-FH07;19084;FTTH-Cu;;';';;;;;;;707009;'20190115201318;4509974;'1630000;'26061;Rijke Beukelaarstraat;'11;';2000;Antwerpen;;'151981,307;'211763,036;';Y;NA;3;9;Unknown;Unknown;;None;;;';;';;Y;;;;'15/01/2019 12:41:18;1;1630587;;LU;1;';';';';';Y;;HOUSE;WONING - MAISON;NA;;;';;';;Y;;;;'15/01/2019 12:41:18
;;;Zoning;6807323;'20200219142313;W03-C-Antwerpen-West-FH07;6807323;'20200219142313;W03-C-Antwerpen-West-FH07;19084;FTTH-Cu;;';';;;;;;;671415;'20191021095241;2047578;'1630000;'26061;Rijke Beukelaarstraat;'12;';2000;Antwerpen;;'151973,715;'211748,163;';Y;NA;4;4;Unknown;Unknown;;None;;;';IFH_BATCH;'12/07/2019 07:37:35;;Y;;;;'12/07/2019 07:28:35;1;1640115;;LU;1;';';';';';Y;;HOUSE;WONING - MAISON;NA;;;';;';;Y;;;;'12/07/2019 07:28:35
;;;Zoning;6807323;'20200219142313;W03-C-Antwerpen-West-FH07;6807323;'20200219142313;W03-C-Antwerpen-West-FH07;19084;FTTH-Cu;;';';;;;;;;671415;'20191021095241;2047578;'1630000;'26061;Rijke Beukelaarstraat;'12;';2000;Antwerpen;;'151973,715;'211748,163;';Y;NA;4;4;Unknown;Unknown;;None;;;';IFH_BATCH;'12/07/2019 07:37:35;;Y;;;;'12/07/2019 07:28:35;2;11086867;;BU;1;';';';';';;;;;;;;';;';;Y;;;;'12/07/2019 07:28:35
;;;Zoning;6807323;'20200219142313;W03-C-Antwerpen-West-FH07;6807323;'20200219142313;W03-C-Antwerpen-West-FH07;19084;FTTH-Cu;;';';;;;;;;671416;'20190115201306;2047579;'1630000;'26061;Rijke Beukelaarstraat;'13;';2000;Antwerpen;;'151985,15;'211761,803;';Y;NA;4;12;Unknown;Unknown;;None;;;';;';;Y;;;;'15/01/2019 12:41:18;1;1647939;;LU;1;';';';';';Y;;HOUSE;WONING - MAISON;NA;;;';;';;Y;;;;'15/01/2019 12:41:18
;;;Zoning;6807323;'20200219142313;W03-C-Antwerpen-West-FH07;6807323;'20200219142313;W03-C-Antwerpen-West-FH07;19084;FTTH-Cu;;';';;;;;;;671416;'20190115201306;2047579;'1630000;'26061;Rijke Beukelaarstraat;'13;';2000;Antwerpen;;'151985,15;'211761,803;';Y;NA;4;12;Unknown;Unknown;;None;;;';;';;Y;;;;'15/01/2019 12:41:18;2;1647940;;LU;1;';';';';';Y;;HOUSE;WONING - MAISON;NA;;;';;';;Y;;;;'15/01/2019 12:41:18
;;;Zoning;6807323;'20200219142313;W03-C-Antwerpen-West-FH07;6807323;'20200219142313;W03-C-Antwerpen-West-FH07;19084;FTTH-Cu;;';';;;;;;;671416;'20190115201306;2047579;'1630000;'26061;Rijke Beukelaarstraat;'13;';2000;Antwerpen;;'151985,15;'211761,803;';Y;NA;4;12;Unknown;Unknown;;None;;;';;';;Y;;;;'15/01/2019 12:41:18;3;1647941;;LU;1;';';';';';Y;;HOUSE;WONING - MAISON;NA;;;';;';;Y;;;;'15/01/2019 12:41:18
;;;Zoning;6807323;'20200219142313;W03-C-Antwerpen-West-FH07;6807323;'20200219142313;W03-C-Antwerpen-West-FH07;19084;FTTH-Cu;;';';;;;;;;671416;'20190115201306;2047579;'1630000;'26061;Rijke Beukelaarstraat;'13;';2000;Antwerpen;;'151985,15;'211761,803;';Y;NA;4;12;Unknown;Unknown;;None;;;';;';;Y;;;;'15/01/2019 12:41:18;4;11086865;;LU;1;';';';';';;;;;;;;';;';;Y;;;;'15/01/2019 12:41:18
;;;Zoning;6807323;'20200219142313;W03-C-Antwerpen-West-FH07;6807323;'20200219142313;W03-C-Antwerpen-West-FH07;19084;FTTH-Cu;;';';;;;;;;671417;'20191021095241;2047580;'1630000;'26061;Rijke Beukelaarstraat;'14;';2000;Antwerpen;;'151978,645;'211745,263;';Y;NA;4;4;Unknown;Unknown;;None;;;';IFH_BATCH;'12/07/2019 07:37:38;;Y;;;;'12/07/2019 07:28:35;1;1655098;;LU;1;';';';';';Y;;HOUSE;WONING - MAISON;NA;;;';;';;Y;;;;'12/07/2019 07:28:35
;;;Zoning;6807323;'20200219142313;W03-C-Antwerpen-West-FH07;6807323;'20200219142313;W03-C-Antwerpen-West-FH07;19084;FTTH-Cu;;';';;;;;;;671417;'20191021095241;2047580;'1630000;'26061;Rijke Beukelaarstraat;'14;';2000;Antwerpen;;'151978,645;'211745,263;';Y;NA;4;4;Unknown;Unknown;;None;;;';IFH_BATCH;'12/07/2019 07:37:38;;Y;;;;'12/07/2019 07:28:35;2;11086868;;LU;1;';';';';';;;;;;;;';;';;Y;;;;'12/07/2019 07:28:35
;;;Zoning;6807323;'20200219142313;W03-C-Antwerpen-West-FH07;6807323;'20200219142313;W03-C-Antwerpen-West-FH07;19084;FTTH-Cu;;';';;;;;;;671418;'20190115201306;2047581;'1630000;'26061;Rijke Beukelaarstraat;'15;';2000;Antwerpen;;'151990,95;'211758,323;';Y;NA;3;9;Unknown;Unknown;;None;;;';;';;Y;;;;'15/01/2019 12:41:18;1;1661979;;LU;1;';';';';';Y;;HOUSE;WONING - MAISON;NA;;;';;';;Y;;;;'15/01/2019 12:41:18
;;;Zoning;6807323;'20200219142313;W03-C-Antwerpen-West-FH07;6807323;'20200219142313;W03-C-Antwerpen-West-FH07;19084;FTTH-Cu;;';';;;;;;;671419;'20191021095255;2047582;'1630000;'26061;Rijke Beukelaarstraat;'16;';2000;Antwerpen;;'151982,939;'211743,265;';Y;NA;4;4;Unknown;Unknown;;None;;;';IFH_BATCH;'12/07/2019 07:37:40;;Y;;;;'12/07/2019 07:28:35;1;1668509;;BU;1;';';';';';Y;;APTBLD;APPARTEMENTSGEBOUW - IMMEUBLE A APPARTEMENTS;NA;;;';;';;Y;;;;'12/07/2019 07:28:35
;;;Zoning;6807323;'20200219142313;W03-C-Antwerpen-West-FH07;6807323;'20200219142313;W03-C-Antwerpen-West-FH07;19084;FTTH-Cu;;';';;;;;;;671420;'20190115201306;2047583;'1630000;'26061;Rijke Beukelaarstraat;'17;';2000;Antwerpen;;'151995,04;'211756,375;';Y;NA;4;12;Unknown;Unknown;;None;;;';;';;Y;;;;'15/01/2019 12:41:18;1;1674528;;BU;1;';';';';';Y;;HOUSE;WONING - MAISON;NA;;;';;';;Y;;;;'15/01/2019 12:41:18
;;;Zoning;6807323;'20200219142313;W03-C-Antwerpen-West-FH07;6807323;'20200219142313;W03-C-Antwerpen-West-FH07;19084;FTTH-Cu;;';';;;;;;;671421;'20191021095303;2047584;'1630000;'26061;Rijke Beukelaarstraat;'18;';2000;Antwerpen;;'151986,866;'211741,459;';Y;NA;4;12;Unknown;Unknown;;None;;;';;';;Y;;;;'15/01/2019 12:41:18;1;1680080;;LU;1;';';';';';Y;;HOUSE;WONING - MAISON;NA;;;';;';;Y;;;;'15/01/2019 12:41:18
;;;Zoning;6807323;'20200219142313;W03-C-Antwerpen-West-FH07;6807323;'20200219142313;W03-C-Antwerpen-West-FH07;19084;FTTH-Cu;;';';;;;;;;671421;'20191021095303;2047584;'1630000;'26061;Rijke Beukelaarstraat;'18;';2000;Antwerpen;;'151986,866;'211741,459;';Y;NA;4;12;Unknown;Unknown;;None;;;';;';;Y;;;;'15/01/2019 12:41:18;2;11086869;;LU;1;';';';';';;;;;;;;';;';;Y;;;;'15/01/2019 12:41:18
;;;Zoning;6807323;'20200219142313;W03-C-Antwerpen-West-FH07;6807323;'20200219142313;W03-C-Antwerpen-West-FH07;19084;FTTH-Cu;;';';;;;;;;710605;'20190115201317;49168;'1630000;'26061;Rijke Beukelaarstraat;'19;';2000;Antwerpen;;'151997,984;'211752,377;';Y;NA;4;12;Unknown;Unknown;;None;;;';;';;Y;;;;'15/01/2019 12:41:18;1;1683251;;LU;1;';';';';';Y;#A.GV/A0/K1.3;APPART;DEEL_APP_GEBOUW - PARTIE_IMMEUBLE_APP;APPART;;;';;';;Y;;;;'15/01/2019 12:41:18
;;;Zoning;6807323;'20200219142313;W03-C-Antwerpen-West-FH07;6807323;'20200219142313;W03-C-Antwerpen-West-FH07;19084;FTTH-Cu;;';';;;;;;;710605;'20190115201317;49168;'1630000;'26061;Rijke Beukelaarstraat;'19;';2000;Antwerpen;;'151997,984;'211752,377;';Y;NA;4;12;Unknown;Unknown;;None;;;';;';;Y;;;;'15/01/2019 12:41:18;2;1683436;;LU;1;';';';';';Y;#A1/A1/K4.6;APPART;DEEL_APP_GEBOUW - PARTIE_IMMEUBLE_APP;APPART;;;';;';;Y;;;;'15/01/2019 12:41:18
;;;Zoning;6807323;'20200219142313;W03-C-Antwerpen-West-FH07;6807323;'20200219142313;W03-C-Antwerpen-West-FH07;19084;FTTH-Cu;;';';;;;;;;710605;'20190115201317;49168;'1630000;'26061;Rijke Beukelaarstraat;'19;';2000;Antwerpen;;'151997,984;'211752,377;';Y;NA;4;12;Unknown;Unknown;;None;;;';;';;Y;;;;'15/01/2019 12:41:18;3;1683664;;LU;1;';';';';';Y;#A2/A2/K5;APPART;DEEL_APP_GEBOUW - PARTIE_IMMEUBLE_APP;APPART;;;';;';;Y;;;;'15/01/2019 12:41:18
;;;Zoning;6807323;'20200219142313;W03-C-Antwerpen-West-FH07;6807323;'20200219142313;W03-C-Antwerpen-West-FH07;19084;FTTH-Cu;;';';;;;;;;710605;'20190115201317;49168;'1630000;'26061;Rijke Beukelaarstraat;'19;';2000;Antwerpen;;'151997,984;'211752,377;';Y;NA;4;12;Unknown;Unknown;;None;;;';;';;Y;;;;'15/01/2019 12:41:18;4;1683858;;LU;1;';';';';';Y;#A3/A3/K7;APPART;DEEL_APP_GEBOUW - PARTIE_IMMEUBLE_APP;APPART;;;';;';;Y;;;;'15/01/2019 12:41:18
;;;Zoning;6807323;'20200219142313;W03-C-Antwerpen-West-FH07;6807323;'20200219142313;W03-C-Antwerpen-West-FH07;19084;FTTH-Cu;;';';;;;;;;671422;'20190115201306;2047585;'1630000;'26061;Rijke Beukelaarstraat;'20;';2000;Antwerpen;;'151992,255;'211738,383;';Y;NA;3;9;Unknown;Unknown;;None;;;';;';;Y;;;;'15/01/2019 12:41:18;1;1698396;;LU;1;';';';';';Y;;HOUSE;WONING - MAISON;NA;;;';;';;Y;;;;'15/01/2019 12:41:18
;;;Zoning;6807323;'20200219142313;W03-C-Antwerpen-West-FH07;6807323;'20200219142313;W03-C-Antwerpen-West-FH07;19084;FTTH-Cu;;';';;;;;;;710594;'20191021095320;49157;'1630000;'26061;Rijke Beukelaarstraat;'22;';2000;Antwerpen;;'151994,678;'211737,707;';N;MON;4;0;Unknown;Unknown;;None;;;';IFH_BATCH;'12/07/2019 07:37:43;;Y;;;;'12/07/2019 07:28:35;1;1708463;;LU;1;';';';';';Y;;HOUSE;WONING - MAISON;NA;;;';;';;Y;;;;'12/07/2019 07:28:35
;;;Zoning;6807323;'20200219142313;W03-C-Antwerpen-West-FH07;6807323;'20200219142313;W03-C-Antwerpen-West-FH07;19084;FTTH-Cu;;';';;;;;;;710594;'20191021095320;49157;'1630000;'26061;Rijke Beukelaarstraat;'22;';2000;Antwerpen;;'151994,678;'211737,707;';N;MON;4;0;Unknown;Unknown;;None;;;';IFH_BATCH;'12/07/2019 07:37:43;;Y;;;;'12/07/2019 07:28:35;2;11086870;;LU;1;';';';';';;;;;;;;';;';;Y;;;;'12/07/2019 07:28:35
;;;Zoning;6807323;'20200219142313;W03-C-Antwerpen-West-FH07;6807323;'20200219142313;W03-C-Antwerpen-West-FH07;19084;FTTH-Cu;;';';;;;;;;710594;'20191021095320;49157;'1630000;'26061;Rijke Beukelaarstraat;'22;';2000;Antwerpen;;'151994,678;'211737,707;';N;MON;4;0;Unknown;Unknown;;None;;;';IFH_BATCH;'12/07/2019 07:37:43;;Y;;;;'12/07/2019 07:28:35;3;11086871;;LU;1;';';';';';;;;;;;;';;';;Y;;;;'12/07/2019 07:28:35
;;;Zoning;6807323;'20200219142313;W03-C-Antwerpen-West-FH07;6807323;'20200219142313;W03-C-Antwerpen-West-FH07;19084;FTTH-Cu;;';';;;;;;;710594;'20191021095320;49157;'1630000;'26061;Rijke Beukelaarstraat;'22;';2000;Antwerpen;;'151994,678;'211737,707;';N;MON;4;0;Unknown;Unknown;;None;;;';IFH_BATCH;'12/07/2019 07:37:43;;Y;;;;'12/07/2019 07:28:35;4;11086872;;LU;1;';';';';';;;;;;;;';;';;Y;;;;'12/07/2019 07:28:35
;;;Zoning;6807323;'20200219142313;W03-C-Antwerpen-West-FH07;6807323;'20200219142313;W03-C-Antwerpen-West-FH07;19084;FTTH-Cu;;';';;;;;;;714890;'20191021113658;61009;'1630000;'27017;Salm-Salmstraat;'1;';2000;Antwerpen;;'152064,885;'211700,713;';Y;NA;3;9;Unknown;Unknown;;None;;;';;';;Y;;;;'15/01/2019 12:41:18;1;1615254;;LU;1;';';';';';Y;;HOUSE;WONING - MAISON;NA;;;';;';;Y;;;;'15/01/2019 12:41:18
;;;Zoning;6807323;'20200219142313;W03-C-Antwerpen-West-FH07;6807323;'20200219142313;W03-C-Antwerpen-West-FH07;19084;FTTH-Cu;;';';;;;;;;714890;'20191021113658;61009;'1630000;'27017;Salm-Salmstraat;'1;';2000;Antwerpen;;'152064,885;'211700,713;';Y;NA;3;9;Unknown;Unknown;;None;;;';;';;Y;;;;'15/01/2019 12:41:18;2;1615255;;LU;1;';';';';';Y;;HOUSE;WONING - MAISON;NA;;;';;';;Y;;;;'15/01/2019 12:41:18
;;;Zoning;6807323;'20200219142313;W03-C-Antwerpen-West-FH07;6807323;'20200219142313;W03-C-Antwerpen-West-FH07;19084;FTTH-Cu;;';';;;;;;;714890;'20191021113658;61009;'1630000;'27017;Salm-Salmstraat;'1;';2000;Antwerpen;;'152064,885;'211700,713;';Y;NA;3;9;Unknown;Unknown;;None;;;';;';;Y;;;;'15/01/2019 12:41:18;3;11086874;;LU;1;';';';';';;;;;;;;';;';;Y;;;;'15/01/2019 12:41:18
;;;Zoning;6807323;'20200219142313;W03-C-Antwerpen-West-FH07;6807323;'20200219142313;W03-C-Antwerpen-West-FH07;19084;FTTH-Cu;;';';;;;;;;714882;'20191021102142;61006;'1630000;'27017;Salm-Salmstraat;'2;';2000;Antwerpen;;'152043,206;'211702,569;';Y;NA;4;12;Unknown;Unknown;;None;;;';;';;Y;;;;'15/01/2019 12:41:18;1;1693692;;BU;1;';';';';';Y;;COMM;HANDELSZAAK - COMMERCE;NA;;;';;';;Y;;;;'15/01/2019 12:41:18
;;;Zoning;6807323;'20200219142313;W03-C-Antwerpen-West-FH07;6807323;'20200219142313;W03-C-Antwerpen-West-FH07;19084;FTTH-Cu;;';';;;;;;;714882;'20191021102142;61006;'1630000;'27017;Salm-Salmstraat;'2;';2000;Antwerpen;;'152043,206;'211702,569;';Y;NA;4;12;Unknown;Unknown;;None;;;';;';;Y;;;;'15/01/2019 12:41:18;2;1693693;;BU;1;';';';';';Y;;COMM;HANDELSZAAK - COMMERCE;NA;;;';;';;Y;;;;'15/01/2019 12:41:18
;;;Zoning;6807323;'20200219142313;W03-C-Antwerpen-West-FH07;6807323;'20200219142313;W03-C-Antwerpen-West-FH07;19084;FTTH-Cu;;';';;;;;;;673413;'20191021114654;2049974;'1630000;'27017;Salm-Salmstraat;'3;';2000;Antwerpen;;'152061,875;'211692,634;';Y;NA;4;12;Unknown;Unknown;;None;;;';;';;Y;;;;'15/01/2019 12:41:18;1;1741759;;LU;1;';';';';';Y;;APTBLD;APPARTEMENTSGEBOUW - IMMEUBLE A APPARTEMENTS;NA;;;';;';;Y;;;;'15/01/2019 12:41:18
;;;Zoning;6807323;'20200219142313;W03-C-Antwerpen-West-FH07;6807323;'20200219142313;W03-C-Antwerpen-West-FH07;19084;FTTH-Cu;;';';;;;;;;673413;'20191021114654;2049974;'1630000;'27017;Salm-Salmstraat;'3;';2000;Antwerpen;;'152061,875;'211692,634;';Y;NA;4;12;Unknown;Unknown;;None;;;';;';;Y;;;;'15/01/2019 12:41:18;2;1741760;;LU;1;';';';';';Y;;APTBLD;APPARTEMENTSGEBOUW - IMMEUBLE A APPARTEMENTS;NA;;;';;';;Y;;;;'15/01/2019 12:41:18
;;;Zoning;6807323;'20200219142313;W03-C-Antwerpen-West-FH07;6807323;'20200219142313;W03-C-Antwerpen-West-FH07;19084;FTTH-Cu;;';';;;;;;;673413;'20191021114654;2049974;'1630000;'27017;Salm-Salmstraat;'3;';2000;Antwerpen;;'152061,875;'211692,634;';Y;NA;4;12;Unknown;Unknown;;None;;;';;';;Y;;;;'15/01/2019 12:41:18;3;1741761;;LU;1;';';';';';Y;;APTBLD;APPARTEMENTSGEBOUW - IMMEUBLE A APPARTEMENTS;NA;;;';;';;Y;;;;'15/01/2019 12:41:18
;;;Zoning;6807323;'20200219142313;W03-C-Antwerpen-West-FH07;6807323;'20200219142313;W03-C-Antwerpen-West-FH07;19084;FTTH-Cu;;';';;;;;;;673413;'20191021114654;2049974;'1630000;'27017;Salm-Salmstraat;'3;';2000;Antwerpen;;'152061,875;'211692,634;';Y;NA;4;12;Unknown;Unknown;;None;;;';;';;Y;;;;'15/01/2019 12:41:18;4;11086875;;LU;1;';';';';';;;;;;;;';;';;Y;;;;'15/01/2019 12:41:18
;;;Zoning;6807323;'20200219142313;W03-C-Antwerpen-West-FH07;6807323;'20200219142313;W03-C-Antwerpen-West-FH07;19084;FTTH-Cu;;';';;;;;;;673413;'20191021114654;2049974;'1630000;'27017;Salm-Salmstraat;'3;';2000;Antwerpen;;'152061,875;'211692,634;';Y;NA;4;12;Unknown;Unknown;;None;;;';;';;Y;;;;'15/01/2019 12:41:18;5;11086876;;LU;1;';';';';';;;;;;;;';;';;Y;;;;'15/01/2019 12:41:18
;;;Zoning;6807323;'20200219142313;W03-C-Antwerpen-West-FH07;6807323;'20200219142313;W03-C-Antwerpen-West-FH07;19084;FTTH-Cu;;';';;;;;;;673413;'20191021114654;2049974;'1630000;'27017;Salm-Salmstraat;'3;';2000;Antwerpen;;'152061,875;'211692,634;';Y;NA;4;12;Unknown;Unknown;;None;;;';;';;Y;;;;'15/01/2019 12:41:18;6;11086877;;LU;1;';';';';';;;;;;;;';;';;Y;;;;'15/01/2019 12:41:18
;;;Zoning;6807323;'20200219142313;W03-C-Antwerpen-West-FH07;6807323;'20200219142313;W03-C-Antwerpen-West-FH07;19084;FTTH-Cu;;';';;;;;;;673414;'20191021102133;2049975;'1630000;'27017;Salm-Salmstraat;'4;';2000;Antwerpen;;'152038,819;'211695,429;';Y;NA;4;12;Unknown;Unknown;;None;;;';;';;Y;;;;'15/01/2019 12:41:18;1;1775860;;LU;1;';';';';';Y;;HOUSE;WONING - MAISON;NA;;;';;';;Y;;;;'15/01/2019 12:41:18
;;;Zoning;6807323;'20200219142313;W03-C-Antwerpen-West-FH07;6807323;'20200219142313;W03-C-Antwerpen-West-FH07;19084;FTTH-Cu;;';';;;;;;;673414;'20191021102133;2049975;'1630000;'27017;Salm-Salmstraat;'4;';2000;Antwerpen;;'152038,819;'211695,429;';Y;NA;4;12;Unknown;Unknown;;None;;;';;';;Y;;;;'15/01/2019 12:41:18;2;1775861;;LU;1;';';';';';Y;;HOUSE;WONING - MAISON;NA;;;';;';;Y;;;;'15/01/2019 12:41:18
;;;Zoning;6807323;'20200219142313;W03-C-Antwerpen-West-FH07;6807323;'20200219142313;W03-C-Antwerpen-West-FH07;19084;FTTH-Cu;;';';;;;;;;673414;'20191021102133;2049975;'1630000;'27017;Salm-Salmstraat;'4;';2000;Antwerpen;;'152038,819;'211695,429;';Y;NA;4;12;Unknown;Unknown;;None;;;';;';;Y;;;;'15/01/2019 12:41:18;3;1775862;;LU;1;';';';';';Y;;HOUSE;WONING - MAISON;NA;;;';;';;Y;;;;'15/01/2019 12:41:18
;;;Zoning;6807323;'20200219142313;W03-C-Antwerpen-West-FH07;6807323;'20200219142313;W03-C-Antwerpen-West-FH07;19084;FTTH-Cu;;';';;;;;;;11378577;'20190117011207;4201488;'1630000;'27017;Salm-Salmstraat;'5;';2000;Antwerpen;;'152061;'211686;';Y;NA;4;12;Unknown;Unknown;;None;;;';;';;Y;;;;'15/01/2019 12:41:18;1;11086159;;LU;1;';';';';';;;;;;;;';;';;Y;;;;'15/01/2019 12:41:18
;;;Zoning;6807323;'20200219142313;W03-C-Antwerpen-West-FH07;6807323;'20200219142313;W03-C-Antwerpen-West-FH07;19084;FTTH-Cu;;';';;;;;;;706565;'20191021102155;4506576;'1630000;'27017;Salm-Salmstraat;'6;';2000;Antwerpen;;'152034,394;'211689,172;';Y;NA;4;12;Unknown;Unknown;;None;;;';;';;Y;;;;'15/01/2019 12:41:18;1;1824209;;LU;1;';';';';';Y;;APTBLD;APPARTEMENTSGEBOUW - IMMEUBLE A APPARTEMENTS;NA;;;';;';;Y;;;;'15/01/2019 12:41:18
;;;Zoning;6807323;'20200219142313;W03-C-Antwerpen-West-FH07;6807323;'20200219142313;W03-C-Antwerpen-West-FH07;19084;FTTH-Cu;;';';;;;;;;706565;'20191021102155;4506576;'1630000;'27017;Salm-Salmstraat;'6;';2000;Antwerpen;;'152034,394;'211689,172;';Y;NA;4;12;Unknown;Unknown;;None;;;';;';;Y;;;;'15/01/2019 12:41:18;2;1824210;;LU;1;';';';';';Y;;APTBLD;APPARTEMENTSGEBOUW - IMMEUBLE A APPARTEMENTS;NA;;;';;';;Y;;;;'15/01/2019 12:41:18
;;;Zoning;6807323;'20200219142313;W03-C-Antwerpen-West-FH07;6807323;'20200219142313;W03-C-Antwerpen-West-FH07;19084;FTTH-Cu;;';';;;;;;;706565;'20191021102155;4506576;'1630000;'27017;Salm-Salmstraat;'6;';2000;Antwerpen;;'152034,394;'211689,172;';Y;NA;4;12;Unknown;Unknown;;None;;;';;';;Y;;;;'15/01/2019 12:41:18;3;1824211;;LU;1;';';';';';Y;;APTBLD;APPARTEMENTSGEBOUW - IMMEUBLE A APPARTEMENTS;NA;;;';;';;Y;;;;'15/01/2019 12:41:18
;;;Zoning;6807323;'20200219142313;W03-C-Antwerpen-West-FH07;6807323;'20200219142313;W03-C-Antwerpen-West-FH07;19084;FTTH-Cu;;';';;;;;;;673415;'20191021114712;2049976;'1630000;'27017;Salm-Salmstraat;'7;';2000;Antwerpen;;'152056,511;'211680,509;';Y;NA;3;9;Unknown;Unknown;;None;;;';;';;Y;;;;'15/01/2019 12:41:18;1;1841854;;LU;1;';';';';';Y;;HOUSE;WONING - MAISON;NA;;;';;';;Y;;;;'15/01/2019 12:41:18
;;;Zoning;6807323;'20200219142313;W03-C-Antwerpen-West-FH07;6807323;'20200219142313;W03-C-Antwerpen-West-FH07;19084;FTTH-Cu;11382498;'20191021110300;'Salm-Salmstraat 8 - 10 - 12;;;;;;;616296;'20190712080953;1321518;'1630000;'27017;Salm-Salmstraat;'8;';2000;Antwerpen;;'152034,489;'211681,051;';Y;NA;3;4;Unknown;Unknown;;None;;;';IFH_BATCH;'12/07/2019 07:37:48;;Y;;;;'12/07/2019 07:28:35;1;1855854;;LU;1;';';';';';Y;;COMM;HANDELSZAAK - COMMERCE;NA;;;';;';;Y;;;;'12/07/2019 07:28:35
;;;Zoning;6807323;'20200219142313;W03-C-Antwerpen-West-FH07;6807323;'20200219142313;W03-C-Antwerpen-West-FH07;19084;FTTH-Cu;;';';;;;;;;706563;'20191021114712;4506569;'1630000;'27017;Salm-Salmstraat;'9;';2000;Antwerpen;;'152053,588;'211674,872;';Y;NA;5;15;Unknown;Unknown;;None;;;';;';;Y;;;;'15/01/2019 12:41:18;1;1867679;;BU;1;';';';';';Y;;HOUSE;WONING - MAISON;NA;;;';;';;Y;;;;'15/01/2019 12:41:18
;;;Zoning;6807323;'20200219142313;W03-C-Antwerpen-West-FH07;6807323;'20200219142313;W03-C-Antwerpen-West-FH07;19084;FTTH-Cu;;';';;;;;;;697060;'20191021114712;4333846;'1630000;'27017;Salm-Salmstraat;'11;';2000;Antwerpen;;'152051,243;'211669,342;';Y;NA;5;15;Unknown;Unknown;;None;;;';;';;Y;;;;'15/01/2019 12:41:18;1;1630638;;LU;1;';';';';';Y;;HOUSE;WONING - MAISON;NA;;;';;';;Y;;;;'15/01/2019 12:41:18
;;;Zoning;6807323;'20200219142313;W03-C-Antwerpen-West-FH07;6807323;'20200219142313;W03-C-Antwerpen-West-FH07;19084;FTTH-Cu;;';';;;;;;;697060;'20191021114712;4333846;'1630000;'27017;Salm-Salmstraat;'11;';2000;Antwerpen;;'152051,243;'211669,342;';Y;NA;5;15;Unknown;Unknown;;None;;;';;';;Y;;;;'15/01/2019 12:41:18;2;11086878;;LU;1;';';';';';;;;;;;;';;';;Y;;;;'15/01/2019 12:41:18
;;;Zoning;6807323;'20200219142313;W03-C-Antwerpen-West-FH07;6807323;'20200219142313;W03-C-Antwerpen-West-FH07;19084;FTTH-Cu;;';';;;;;;;697060;'20191021114712;4333846;'1630000;'27017;Salm-Salmstraat;'11;';2000;Antwerpen;;'152051,243;'211669,342;';Y;NA;5;15;Unknown;Unknown;;None;;;';;';;Y;;;;'15/01/2019 12:41:18;3;11086879;;LU;1;';';';';';;;;;;;;';;';;Y;;;;'15/01/2019 12:41:18
;;;Zoning;6807323;'20200219142313;W03-C-Antwerpen-West-FH07;6807323;'20200219142313;W03-C-Antwerpen-West-FH07;19084;FTTH-Cu;;';';;;;;;;697060;'20191021114712;4333846;'1630000;'27017;Salm-Salmstraat;'11;';2000;Antwerpen;;'152051,243;'211669,342;';Y;NA;5;15;Unknown;Unknown;;None;;;';;';;Y;;;;'15/01/2019 12:41:18;4;11086880;;LU;1;';';';';';;;;;;;;';;';;Y;;;;'15/01/2019 12:41:18
;;;Zoning;6807323;'20200219142313;W03-C-Antwerpen-West-FH07;6807323;'20200219142313;W03-C-Antwerpen-West-FH07;19084;FTTH-Cu;;';';;;;;;;697060;'20191021114712;4333846;'1630000;'27017;Salm-Salmstraat;'11;';2000;Antwerpen;;'152051,243;'211669,342;';Y;NA;5;15;Unknown;Unknown;;None;;;';;';;Y;;;;'15/01/2019 12:41:18;5;11086881;;LU;1;';';';';';;;;;;;;';;';;Y;;;;'15/01/2019 12:41:18
;;;Zoning;6807323;'20200219142313;W03-C-Antwerpen-West-FH07;6807323;'20200219142313;W03-C-Antwerpen-West-FH07;19084;FTTH-Cu;11382498;'20191021110300;'Salm-Salmstraat 8 - 10 - 12;;;;;;;11378763;'20191021110252;2049977;'1630000;'27017;Salm-Salmstraat;'12;';2000;Antwerpen;;'152031,644;'211677,897;';Y;NA;3;4;Unknown;Unknown;;None;;;';IFH_BATCH;'12/07/2019 07:43:48;;Y;;;;'12/07/2019 07:28:35;1;11086224;;LU;1;';';';';';;;;;;;;';;';;Y;;;;'12/07/2019 07:28:35
;;;Zoning;6807323;'20200219142313;W03-C-Antwerpen-West-FH07;6807323;'20200219142313;W03-C-Antwerpen-West-FH07;19084;FTTH-Cu;11382498;'20191021110300;'Salm-Salmstraat 8 - 10 - 12;;;;;;;11378763;'20191021110252;2049977;'1630000;'27017;Salm-Salmstraat;'12;';2000;Antwerpen;;'152031,644;'211677,897;';Y;NA;3;4;Unknown;Unknown;;None;;;';IFH_BATCH;'12/07/2019 07:43:48;;Y;;;;'12/07/2019 07:28:35;2;11086225;;LU;1;';';';';';;;;;;;;';;';;Y;;;;'12/07/2019 07:28:35
;;;Zoning;6807323;'20200219142313;W03-C-Antwerpen-West-FH07;6807323;'20200219142313;W03-C-Antwerpen-West-FH07;19084;FTTH-Cu;11382498;'20191021110300;'Salm-Salmstraat 8 - 10 - 12;;;;;;;11378763;'20191021110252;2049977;'1630000;'27017;Salm-Salmstraat;'12;';2000;Antwerpen;;'152031,644;'211677,897;';Y;NA;3;4;Unknown;Unknown;;None;;;';IFH_BATCH;'12/07/2019 07:43:48;;Y;;;;'12/07/2019 07:28:35;3;11086226;;LU;1;';';';';';;;;;;;;';;';;Y;;;;'12/07/2019 07:28:35
;;;Zoning;6807323;'20200219142313;W03-C-Antwerpen-West-FH07;6807323;'20200219142313;W03-C-Antwerpen-West-FH07;19084;FTTH-Cu;11382498;'20191021110300;'Salm-Salmstraat 8 - 10 - 12;;;;;;;11378763;'20191021110252;2049977;'1630000;'27017;Salm-Salmstraat;'12;';2000;Antwerpen;;'152031,644;'211677,897;';Y;NA;3;4;Unknown;Unknown;;None;;;';IFH_BATCH;'12/07/2019 07:43:48;;Y;;;;'12/07/2019 07:28:35;4;11086227;;LU;1;';';';';';;;;;;;;';;';;Y;;;;'12/07/2019 07:28:35
;;;Zoning;6807323;'20200219142313;W03-C-Antwerpen-West-FH07;6807323;'20200219142313;W03-C-Antwerpen-West-FH07;19084;FTTH-Cu;11382498;'20191021110300;'Salm-Salmstraat 8 - 10 - 12;;;;;;;11378763;'20191021110252;2049977;'1630000;'27017;Salm-Salmstraat;'12;';2000;Antwerpen;;'152031,644;'211677,897;';Y;NA;3;4;Unknown;Unknown;;None;;;';IFH_BATCH;'12/07/2019 07:43:48;;Y;;;;'12/07/2019 07:28:35;5;11142734;;LU;1;';';';';';;;;;;;;';SSV_IMPORT;'12/07/2019 08:05:39;;Y;;;;'12/07/2019 07:28:35
;;;Zoning;6807323;'20200219142313;W03-C-Antwerpen-West-FH07;6807323;'20200219142313;W03-C-Antwerpen-West-FH07;19084;FTTH-Cu;11382498;'20191021110300;'Salm-Salmstraat 8 - 10 - 12;;;;;;;11378763;'20191021110252;2049977;'1630000;'27017;Salm-Salmstraat;'12;';2000;Antwerpen;;'152031,644;'211677,897;';Y;NA;3;4;Unknown;Unknown;;None;;;';IFH_BATCH;'12/07/2019 07:43:48;;Y;;;;'12/07/2019 07:28:35;6;11142735;;LU;1;';';';';';;;;;;;;';SSV_IMPORT;'12/07/2019 08:05:40;;Y;;;;'12/07/2019 07:28:35
;;;Zoning;6807323;'20200219142313;W03-C-Antwerpen-West-FH07;6807323;'20200219142313;W03-C-Antwerpen-West-FH07;19084;FTTH-Cu;;';';;;;;;;706564;'20191021114712;4506572;'1630000;'27017;Salm-Salmstraat;'13;';2000;Antwerpen;;'152048,314;'211664,301;';Y;NA;3;9;Unknown;Unknown;;None;;;';;';;Y;;;;'15/01/2019 12:41:18;1;1648088;;LU;1;';';';';';Y;;HOUSE;WONING - MAISON;NA;;;';;';;Y;;;;'15/01/2019 12:41:18
;;;Zoning;6807323;'20200219142313;W03-C-Antwerpen-West-FH07;6807323;'20200219142313;W03-C-Antwerpen-West-FH07;19084;FTTH-Cu;;';';;;;;;;706564;'20191021114712;4506572;'1630000;'27017;Salm-Salmstraat;'13;';2000;Antwerpen;;'152048,314;'211664,301;';Y;NA;3;9;Unknown;Unknown;;None;;;';;';;Y;;;;'15/01/2019 12:41:18;2;11086882;;LU;1;';';';';';;;;;;;;';;';;Y;;;;'15/01/2019 12:41:18
;;;Zoning;6807323;'20200219142313;W03-C-Antwerpen-West-FH07;6807323;'20200219142313;W03-C-Antwerpen-West-FH07;19084;FTTH-Cu;;';';;;;;;;706564;'20191021114712;4506572;'1630000;'27017;Salm-Salmstraat;'13;';2000;Antwerpen;;'152048,314;'211664,301;';Y;NA;3;9;Unknown;Unknown;;None;;;';;';;Y;;;;'15/01/2019 12:41:18;3;11086883;;LU;1;';';';';';;;;;;;;';;';;Y;;;;'15/01/2019 12:41:18
;;;Zoning;6807323;'20200219142313;W03-C-Antwerpen-West-FH07;6807323;'20200219142313;W03-C-Antwerpen-West-FH07;19084;FTTH-Cu;;';';;;;;;;706564;'20191021114712;4506572;'1630000;'27017;Salm-Salmstraat;'13;';2000;Antwerpen;;'152048,314;'211664,301;';Y;NA;3;9;Unknown;Unknown;;None;;;';;';;Y;;;;'15/01/2019 12:41:18;4;11086884;;LU;1;';';';';';;;;;;;;';;';;Y;;;;'15/01/2019 12:41:18
;;;Zoning;6807323;'20200219142313;W03-C-Antwerpen-West-FH07;6807323;'20200219142313;W03-C-Antwerpen-West-FH07;19084;FTTH-Cu;;';';;;;;;;693553;'20191021110331;4105517;'1630000;'27017;Salm-Salmstraat;'14;';2000;Antwerpen;;'152027,199;'211671,788;';Y;NA;3;9;Unknown;Unknown;;None;;;';;';;Y;;;;'15/01/2019 12:41:18;1;1655093;;LU;1;';';';';';Y;;HOUSE;WONING - MAISON;NA;;;';;';;Y;;;;'15/01/2019 12:41:18
;;;Zoning;6807323;'20200219142313;W03-C-Antwerpen-West-FH07;6807323;'20200219142313;W03-C-Antwerpen-West-FH07;19084;FTTH-Cu;;';';;;;;;;693553;'20191021110331;4105517;'1630000;'27017;Salm-Salmstraat;'14;';2000;Antwerpen;;'152027,199;'211671,788;';Y;NA;3;9;Unknown;Unknown;;None;;;';;';;Y;;;;'15/01/2019 12:41:18;2;11086873;;LU;1;';';';';';;;;;;;;';;';;Y;;;;'15/01/2019 12:41:18
;;;Zoning;6807323;'20200219142313;W03-C-Antwerpen-West-FH07;6807323;'20200219142313;W03-C-Antwerpen-West-FH07;19084;FTTH-Cu;;';';;;;;;;673416;'20191021114712;2049978;'1630000;'27017;Salm-Salmstraat;'15;';2000;Antwerpen;;'152045,525;'211659,701;';Y;NA;5;15;Unknown;Unknown;;None;;;';;';;Y;;;;'15/01/2019 12:41:18;1;1662009;;LU;1;';';';';';Y;;HOUSE;WONING - MAISON;NA;;;';;';;Y;;;;'15/01/2019 12:41:18
;;;Zoning;6807323;'20200219142313;W03-C-Antwerpen-West-FH07;6807323;'20200219142313;W03-C-Antwerpen-West-FH07;19084;FTTH-Cu;;';';;;;;;;673416;'20191021114712;2049978;'1630000;'27017;Salm-Salmstraat;'15;';2000;Antwerpen;;'152045,525;'211659,701;';Y;NA;5;15;Unknown;Unknown;;None;;;';;';;Y;;;;'15/01/2019 12:41:18;2;1662010;;LU;1;';';';';';Y;;HOUSE;WONING - MAISON;NA;;;';;';;Y;;;;'15/01/2019 12:41:18
;;;Zoning;6807323;'20200219142313;W03-C-Antwerpen-West-FH07;6807323;'20200219142313;W03-C-Antwerpen-West-FH07;19084;FTTH-Cu;;';';;;;;;;673416;'20191021114712;2049978;'1630000;'27017;Salm-Salmstraat;'15;';2000;Antwerpen;;'152045,525;'211659,701;';Y;NA;5;15;Unknown;Unknown;;None;;;';;';;Y;;;;'15/01/2019 12:41:18;3;1662011;;LU;1;';';';';';Y;;HOUSE;WONING - MAISON;NA;;;';;';;Y;;;;'15/01/2019 12:41:18
;;;Zoning;6807323;'20200219142313;W03-C-Antwerpen-West-FH07;6807323;'20200219142313;W03-C-Antwerpen-West-FH07;19084;FTTH-Cu;;';';;;;;;;673416;'20191021114712;2049978;'1630000;'27017;Salm-Salmstraat;'15;';2000;Antwerpen;;'152045,525;'211659,701;';Y;NA;5;15;Unknown;Unknown;;None;;;';;';;Y;;;;'15/01/2019 12:41:18;4;11086885;;LU;1;';';';';';;;;;;;;';;';;Y;;;;'15/01/2019 12:41:18
;;;Zoning;6807323;'20200219142313;W03-C-Antwerpen-West-FH07;6807323;'20200219142313;W03-C-Antwerpen-West-FH07;19084;FTTH-Cu;;';';;;;;;;714889;'20191021110331;61007;'1630000;'27017;Salm-Salmstraat;'16;';2000;Antwerpen;;'152025,148;'211667,048;';Y;NA;5;15;Unknown;Unknown;;None;;;';;';;Y;;;;'15/01/2019 12:41:18;1;1668495;;LU;1;';';';';';Y;;HOUSE;WONING - MAISON;NA;;;';;';;Y;;;;'15/01/2019 12:41:18
;;;Zoning;6807323;'20200219142313;W03-C-Antwerpen-West-FH07;6807323;'20200219142313;W03-C-Antwerpen-West-FH07;19084;FTTH-Cu;;';';;;;;;;714889;'20191021110331;61007;'1630000;'27017;Salm-Salmstraat;'16;';2000;Antwerpen;;'152025,148;'211667,048;';Y;NA;5;15;Unknown;Unknown;;None;;;';;';;Y;;;;'15/01/2019 12:41:18;2;1668496;;LU;1;';';';';';Y;;HOUSE;WONING - MAISON;NA;;;';;';;Y;;;;'15/01/2019 12:41:18
;;;Zoning;6807323;'20200219142313;W03-C-Antwerpen-West-FH07;6807323;'20200219142313;W03-C-Antwerpen-West-FH07;19084;FTTH-Cu;;';';;;;;;;714889;'20191021110331;61007;'1630000;'27017;Salm-Salmstraat;'16;';2000;Antwerpen;;'152025,148;'211667,048;';Y;NA;5;15;Unknown;Unknown;;None;;;';;';;Y;;;;'15/01/2019 12:41:18;3;1668497;;LU;1;';';';';';Y;;HOUSE;WONING - MAISON;NA;;;';;';;Y;;;;'15/01/2019 12:41:18
;;;Zoning;6807323;'20200219142313;W03-C-Antwerpen-West-FH07;6807323;'20200219142313;W03-C-Antwerpen-West-FH07;19084;FTTH-Cu;;';';;;;;;;714889;'20191021110331;61007;'1630000;'27017;Salm-Salmstraat;'16;';2000;Antwerpen;;'152025,148;'211667,048;';Y;NA;5;15;Unknown;Unknown;;None;;;';;';;Y;;;;'15/01/2019 12:41:18;4;1668498;;LU;1;';';';';';Y;;HOUSE;WONING - MAISON;NA;;;';;';;Y;;;;'15/01/2019 12:41:18
;;;Zoning;6807323;'20200219142313;W03-C-Antwerpen-West-FH07;6807323;'20200219142313;W03-C-Antwerpen-West-FH07;19084;FTTH-Cu;;';';;;;;;;714889;'20191021110331;61007;'1630000;'27017;Salm-Salmstraat;'16;';2000;Antwerpen;;'152025,148;'211667,048;';Y;NA;5;15;Unknown;Unknown;;None;;;';;';;Y;;;;'15/01/2019 12:41:18;5;1668499;;LU;1;';';';';';Y;;HOUSE;WONING - MAISON;NA;;;';;';;Y;;;;'15/01/2019 12:41:18
;;;Zoning;6807323;'20200219142313;W03-C-Antwerpen-West-FH07;6807323;'20200219142313;W03-C-Antwerpen-West-FH07;19084;FTTH-Cu;;';';;;;;;;726180;'20191021152148;976227;'1630000;'27332;Scheldestraat;'39;';2000;Antwerpen;;'151790,052;'211341,695;';Y;NA;3;4;Unknown;Unknown;;None;;;';IFH_BATCH;'12/07/2019 07:37:50;;Y;;;;'12/07/2019 07:28:35;1;1769773;;LU;1;';';';';';Y;#A.GV/L0/;APPART;DEEL_APP_GEBOUW - PARTIE_IMMEUBLE_APP;APPART;;;';;';;Y;;;;'12/07/2019 07:28:35
;;;Zoning;6807323;'20200219142313;W03-C-Antwerpen-West-FH07;6807323;'20200219142313;W03-C-Antwerpen-West-FH07;19084;FTTH-Cu;;';';;;;;;;726180;'20191021152148;976227;'1630000;'27332;Scheldestraat;'39;';2000;Antwerpen;;'151790,052;'211341,695;';Y;NA;3;4;Unknown;Unknown;;None;;;';IFH_BATCH;'12/07/2019 07:37:50;;Y;;;;'12/07/2019 07:28:35;2;1769786;;LU;1;';';';';';Y;#A.GV/R0/;APPART;DEEL_APP_GEBOUW - PARTIE_IMMEUBLE_APP;APPART;;;';;';;Y;;;;'12/07/2019 07:28:35
;;;Zoning;6807323;'20200219142313;W03-C-Antwerpen-West-FH07;6807323;'20200219142313;W03-C-Antwerpen-West-FH07;19084;FTTH-Cu;;';';;;;;;;726180;'20191021152148;976227;'1630000;'27332;Scheldestraat;'39;';2000;Antwerpen;;'151790,052;'211341,695;';Y;NA;3;4;Unknown;Unknown;;None;;;';IFH_BATCH;'12/07/2019 07:37:50;;Y;;;;'12/07/2019 07:28:35;3;1769893;;LU;1;';';';';';Y;#A1/L1/;APPART;DEEL_APP_GEBOUW - PARTIE_IMMEUBLE_APP;APPART;;;';;';;Y;;;;'12/07/2019 07:28:35
;;;Zoning;6807323;'20200219142313;W03-C-Antwerpen-West-FH07;6807323;'20200219142313;W03-C-Antwerpen-West-FH07;19084;FTTH-Cu;;';';;;;;;;726180;'20191021152148;976227;'1630000;'27332;Scheldestraat;'39;';2000;Antwerpen;;'151790,052;'211341,695;';Y;NA;3;4;Unknown;Unknown;;None;;;';IFH_BATCH;'12/07/2019 07:37:50;;Y;;;;'12/07/2019 07:28:35;4;1769915;;LU;1;';';';';';Y;#A1/R1/;APPART;DEEL_APP_GEBOUW - PARTIE_IMMEUBLE_APP;APPART;;;';;';;Y;;;;'12/07/2019 07:28:35
;;;Zoning;6807323;'20200219142313;W03-C-Antwerpen-West-FH07;6807323;'20200219142313;W03-C-Antwerpen-West-FH07;19084;FTTH-Cu;;';';;;;;;;726180;'20191021152148;976227;'1630000;'27332;Scheldestraat;'39;';2000;Antwerpen;;'151790,052;'211341,695;';Y;NA;3;4;Unknown;Unknown;;None;;;';IFH_BATCH;'12/07/2019 07:37:50;;Y;;;;'12/07/2019 07:28:35;5;1770020;;LU;1;';';';';';Y;#A2/L2/;APPART;DEEL_APP_GEBOUW - PARTIE_IMMEUBLE_APP;APPART;;;';;';;Y;;;;'12/07/2019 07:28:35
;;;Zoning;6807323;'20200219142313;W03-C-Antwerpen-West-FH07;6807323;'20200219142313;W03-C-Antwerpen-West-FH07;19084;FTTH-Cu;;';';;;;;;;726180;'20191021152148;976227;'1630000;'27332;Scheldestraat;'39;';2000;Antwerpen;;'151790,052;'211341,695;';Y;NA;3;4;Unknown;Unknown;;None;;;';IFH_BATCH;'12/07/2019 07:37:50;;Y;;;;'12/07/2019 07:28:35;6;1770042;;LU;1;';';';';';Y;#A2/R2/;APPART;DEEL_APP_GEBOUW - PARTIE_IMMEUBLE_APP;APPART;;;';;';;Y;;;;'12/07/2019 07:28:35
;;;Zoning;6807323;'20200219142313;W03-C-Antwerpen-West-FH07;6807323;'20200219142313;W03-C-Antwerpen-West-FH07;19084;FTTH-Cu;;';';;;;;;;708372;'20191021152939;4516988;'1630000;'27332;Scheldestraat;'40;';2000;Antwerpen;;'151787,882;'211310,832;';Y;NA;4;12;Unknown;Unknown;;None;;;';;';;Y;;;;'15/01/2019 12:41:18;1;1776972;;LU;1;';';';';';Y;#A1;APPART;DEEL_APP_GEBOUW - PARTIE_IMMEUBLE_APP;APPART;;;';;';;Y;;;;'15/01/2019 12:41:18
;;;Zoning;6807323;'20200219142313;W03-C-Antwerpen-West-FH07;6807323;'20200219142313;W03-C-Antwerpen-West-FH07;19084;FTTH-Cu;;';';;;;;;;708372;'20191021152939;4516988;'1630000;'27332;Scheldestraat;'40;';2000;Antwerpen;;'151787,882;'211310,832;';Y;NA;4;12;Unknown;Unknown;;None;;;';;';;Y;;;;'15/01/2019 12:41:18;2;1777143;;LU;1;';';';';';Y;#A2/A/;APPART;DEEL_APP_GEBOUW - PARTIE_IMMEUBLE_APP;APPART;;;';;';;Y;;;;'15/01/2019 12:41:18
;;;Zoning;6807323;'20200219142313;W03-C-Antwerpen-West-FH07;6807323;'20200219142313;W03-C-Antwerpen-West-FH07;19084;FTTH-Cu;;';';;;;;;;708372;'20191021152939;4516988;'1630000;'27332;Scheldestraat;'40;';2000;Antwerpen;;'151787,882;'211310,832;';Y;NA;4;12;Unknown;Unknown;;None;;;';;';;Y;;;;'15/01/2019 12:41:18;6;1777478;;BU;1;';';';';';Y;#HA.GV-K;APPART;DEEL_APP_GEBOUW - PARTIE_IMMEUBLE_APP;COMM;;;';;';;Y;;;;'15/01/2019 12:41:18
;;;Zoning;6807323;'20200219142313;W03-C-Antwerpen-West-FH07;6807323;'20200219142313;W03-C-Antwerpen-West-FH07;19084;FTTH-Cu;;';';;;;;;;673841;'20191021152147;2050518;'1630000;'27332;Scheldestraat;'41;';2000;Antwerpen;;'151796,48;'211336,779;';Y;NA;3;9;Unknown;Unknown;;None;;;';;';;Y;;;;'15/01/2019 12:41:18;1;1779584;;LU;1;';';';';';Y;#A1/LOT2/K2-K5;APPART;DEEL_APP_GEBOUW - PARTIE_IMMEUBLE_APP;APPART;;;';;';;Y;;;;'15/01/2019 12:41:18
;;;Zoning;6807323;'20200219142313;W03-C-Antwerpen-West-FH07;6807323;'20200219142313;W03-C-Antwerpen-West-FH07;19084;FTTH-Cu;;';';;;;;;;673841;'20191021152147;2050518;'1630000;'27332;Scheldestraat;'41;';2000;Antwerpen;;'151796,48;'211336,779;';Y;NA;3;9;Unknown;Unknown;;None;;;';;';;Y;;;;'15/01/2019 12:41:18;2;1779703;;LU;1;';';';';';Y;#A2/LOT3/K3-K6;APPART;DEEL_APP_GEBOUW - PARTIE_IMMEUBLE_APP;APPART;;;';;';;Y;;;;'15/01/2019 12:41:18
;;;Zoning;6807323;'20200219142313;W03-C-Antwerpen-West-FH07;6807323;'20200219142313;W03-C-Antwerpen-West-FH07;19084;FTTH-Cu;;';';;;;;;;673841;'20191021152147;2050518;'1630000;'27332;Scheldestraat;'41;';2000;Antwerpen;;'151796,48;'211336,779;';Y;NA;3;9;Unknown;Unknown;;None;;;';;';;Y;;;;'15/01/2019 12:41:18;3;1779837;;LU;1;';';';';';Y;#AGV/LOT1/K1-K4;APPART;DEEL_APP_GEBOUW - PARTIE_IMMEUBLE_APP;APPART;;;';;';;Y;;;;'15/01/2019 12:41:18
;;;Zoning;6807323;'20200219142313;W03-C-Antwerpen-West-FH07;6807323;'20200219142313;W03-C-Antwerpen-West-FH07;19084;FTTH-Cu;;';';;;;;;;726183;'20191021154811;976230;'1630000;'27332;Scheldestraat;'42;';2000;Antwerpen;;'151793,844;'211305,28;';Y;NA;4;12;Unknown;Unknown;;None;;;';;';;Y;;;;'15/01/2019 12:41:18;1;1783794;;LU;1;';';';';';Y;;HOUSE;WONING - MAISON;NA;;;';;';;Y;;;;'15/01/2019 12:41:18
;;;Zoning;6807323;'20200219142313;W03-C-Antwerpen-West-FH07;6807323;'20200219142313;W03-C-Antwerpen-West-FH07;19084;FTTH-Cu;;';';;;;;;;726183;'20191021154811;976230;'1630000;'27332;Scheldestraat;'42;';2000;Antwerpen;;'151793,844;'211305,28;';Y;NA;4;12;Unknown;Unknown;;None;;;';;';;Y;;;;'15/01/2019 12:41:18;2;1783795;;LU;1;';';';';';Y;;HOUSE;WONING - MAISON;NA;;;';;';;Y;;;;'15/01/2019 12:41:18
;;;Zoning;6807323;'20200219142313;W03-C-Antwerpen-West-FH07;6807323;'20200219142313;W03-C-Antwerpen-West-FH07;19084;FTTH-Cu;;';';;;;;;;726183;'20191021154811;976230;'1630000;'27332;Scheldestraat;'42;';2000;Antwerpen;;'151793,844;'211305,28;';Y;NA;4;12;Unknown;Unknown;;None;;;';;';;Y;;;;'15/01/2019 12:41:18;3;1783796;;LU;1;';';';';';Y;;HOUSE;WONING - MAISON;NA;;;';;';;Y;;;;'15/01/2019 12:41:18
;;;Zoning;6807323;'20200219142313;W03-C-Antwerpen-West-FH07;6807323;'20200219142313;W03-C-Antwerpen-West-FH07;19084;FTTH-Cu;;';';;;;;;;726183;'20191021154811;976230;'1630000;'27332;Scheldestraat;'42;';2000;Antwerpen;;'151793,844;'211305,28;';Y;NA;4;12;Unknown;Unknown;;None;;;';;';;Y;;;;'15/01/2019 12:41:18;4;11086891;;BU;1;';';';';';;;;;;;;';;';;Y;;;;'15/01/2019 12:41:18
;;;Zoning;6807323;'20200219142313;W03-C-Antwerpen-West-FH07;6807323;'20200219142313;W03-C-Antwerpen-West-FH07;19084;FTTH-Cu;;';';;;;;;;708364;'20191021152147;4516977;'1630000;'27332;Scheldestraat;'43;';2000;Antwerpen;;'151801,32;'211333,376;';Y;NA;9;12;Unknown;Unknown;;None;;;';;';;Y;;;;'15/01/2019 12:41:18;1;1784241;;LU;1;';';';';';Y;#A/KAVELII/;APPART;DEEL_APP_GEBOUW - PARTIE_IMMEUBLE_APP;APPART;;;';;';;Y;;;;'15/01/2019 12:41:18
;;;Zoning;6807323;'20200219142313;W03-C-Antwerpen-West-FH07;6807323;'20200219142313;W03-C-Antwerpen-West-FH07;19084;FTTH-Cu;;';';;;;;;;708364;'20191021152147;4516977;'1630000;'27332;Scheldestraat;'43;';2000;Antwerpen;;'151801,32;'211333,376;';Y;NA;9;12;Unknown;Unknown;;None;;;';;';;Y;;;;'15/01/2019 12:41:18;2;1784242;;LU;1;';';';';';Y;#A/KAVELII/;APPART;DEEL_APP_GEBOUW - PARTIE_IMMEUBLE_APP;APPART;;;';;';;Y;;;;'15/01/2019 12:41:18
;;;Zoning;6807323;'20200219142313;W03-C-Antwerpen-West-FH07;6807323;'20200219142313;W03-C-Antwerpen-West-FH07;19084;FTTH-Cu;;';';;;;;;;708364;'20191021152147;4516977;'1630000;'27332;Scheldestraat;'43;';2000;Antwerpen;;'151801,32;'211333,376;';Y;NA;9;12;Unknown;Unknown;;None;;;';;';;Y;;;;'15/01/2019 12:41:18;3;1784243;;LU;1;';';';';';Y;#A/KAVELII/;APPART;DEEL_APP_GEBOUW - PARTIE_IMMEUBLE_APP;APPART;;;';;';;Y;;;;'15/01/2019 12:41:18
;;;Zoning;6807323;'20200219142313;W03-C-Antwerpen-West-FH07;6807323;'20200219142313;W03-C-Antwerpen-West-FH07;19084;FTTH-Cu;;';';;;;;;;708364;'20191021152147;4516977;'1630000;'27332;Scheldestraat;'43;';2000;Antwerpen;;'151801,32;'211333,376;';Y;NA;9;12;Unknown;Unknown;;None;;;';;';;Y;;;;'15/01/2019 12:41:18;4;1784705;;BU;1;';';';';';Y;#HA.GV/KAVELI/;APPART;DEEL_APP_GEBOUW - PARTIE_IMMEUBLE_APP;COMM;;;';;';;Y;;;;'15/01/2019 12:41:18
;;;Zoning;6807323;'20200219142313;W03-C-Antwerpen-West-FH07;6807323;'20200219142313;W03-C-Antwerpen-West-FH07;19084;FTTH-Cu;;';';;;;;;;673842;'20191021154811;2050519;'1630000;'27332;Scheldestraat;'44;';2000;Antwerpen;;'151797,748;'211300,512;';Y;NA;4;12;Unknown;Unknown;;None;;;';;';;Y;;;;'15/01/2019 12:41:18;1;1788265;;LU;1;';';';';';Y;;HOUSE;WONING - MAISON;NA;;;';;';;Y;;;;'15/01/2019 12:41:18
;;;Zoning;6807323;'20200219142313;W03-C-Antwerpen-West-FH07;6807323;'20200219142313;W03-C-Antwerpen-West-FH07;19084;FTTH-Cu;;';';;;;;;;673842;'20191021154811;2050519;'1630000;'27332;Scheldestraat;'44;';2000;Antwerpen;;'151797,748;'211300,512;';Y;NA;4;12;Unknown;Unknown;;None;;;';;';;Y;;;;'15/01/2019 12:41:18;2;1788266;;LU;1;';';';';';Y;;HOUSE;WONING - MAISON;NA;;;';;';;Y;;;;'15/01/2019 12:41:18
;;;Zoning;6807323;'20200219142313;W03-C-Antwerpen-West-FH07;6807323;'20200219142313;W03-C-Antwerpen-West-FH07;19084;FTTH-Cu;;';';;;;;;;673842;'20191021154811;2050519;'1630000;'27332;Scheldestraat;'44;';2000;Antwerpen;;'151797,748;'211300,512;';Y;NA;4;12;Unknown;Unknown;;None;;;';;';;Y;;;;'15/01/2019 12:41:18;3;1788267;;LU;1;';';';';';Y;;HOUSE;WONING - MAISON;NA;;;';;';;Y;;;;'15/01/2019 12:41:18
;;;Zoning;6807323;'20200219142313;W03-C-Antwerpen-West-FH07;6807323;'20200219142313;W03-C-Antwerpen-West-FH07;19084;FTTH-Cu;;';';;;;;;;673842;'20191021154811;2050519;'1630000;'27332;Scheldestraat;'44;';2000;Antwerpen;;'151797,748;'211300,512;';Y;NA;4;12;Unknown;Unknown;;None;;;';;';;Y;;;;'15/01/2019 12:41:18;4;1788268;;LU;1;';';';';';Y;;HOUSE;WONING - MAISON;NA;;;';;';;Y;;;;'15/01/2019 12:41:18
;;;Zoning;6807323;'20200219142313;W03-C-Antwerpen-West-FH07;6807323;'20200219142313;W03-C-Antwerpen-West-FH07;19084;FTTH-Cu;;';';;;;;;;708365;'20191021152148;4516978;'1630000;'27332;Scheldestraat;'45;';2000;Antwerpen;;'151807,218;'211328,309;';Y;NA;5;4;Unknown;Unknown;;None;;;';IFH_BATCH;'12/07/2019 07:37:53;;Y;;;;'12/07/2019 07:28:35;1;1788676;;LU;1;';';';';';Y;#A/KAVELII/;APPART;DEEL_APP_GEBOUW - PARTIE_IMMEUBLE_APP;APPART;;;';;';;Y;;;;'12/07/2019 07:28:35
;;;Zoning;6807323;'20200219142313;W03-C-Antwerpen-West-FH07;6807323;'20200219142313;W03-C-Antwerpen-West-FH07;19084;FTTH-Cu;;';';;;;;;;708365;'20191021152148;4516978;'1630000;'27332;Scheldestraat;'45;';2000;Antwerpen;;'151807,218;'211328,309;';Y;NA;5;4;Unknown;Unknown;;None;;;';IFH_BATCH;'12/07/2019 07:37:53;;Y;;;;'12/07/2019 07:28:35;2;1788677;;LU;1;';';';';';Y;#A/KAVELII/;APPART;DEEL_APP_GEBOUW - PARTIE_IMMEUBLE_APP;APPART;;;';;';;Y;;;;'12/07/2019 07:28:35
;;;Zoning;6807323;'20200219142313;W03-C-Antwerpen-West-FH07;6807323;'20200219142313;W03-C-Antwerpen-West-FH07;19084;FTTH-Cu;;';';;;;;;;708365;'20191021152148;4516978;'1630000;'27332;Scheldestraat;'45;';2000;Antwerpen;;'151807,218;'211328,309;';Y;NA;5;4;Unknown;Unknown;;None;;;';IFH_BATCH;'12/07/2019 07:37:53;;Y;;;;'12/07/2019 07:28:35;3;1788678;;LU;1;';';';';';Y;#A/KAVELII/;APPART;DEEL_APP_GEBOUW - PARTIE_IMMEUBLE_APP;APPART;;;';;';;Y;;;;'12/07/2019 07:28:35
;;;Zoning;6807323;'20200219142313;W03-C-Antwerpen-West-FH07;6807323;'20200219142313;W03-C-Antwerpen-West-FH07;19084;FTTH-Cu;;';';;;;;;;708365;'20191021152148;4516978;'1630000;'27332;Scheldestraat;'45;';2000;Antwerpen;;'151807,218;'211328,309;';Y;NA;5;4;Unknown;Unknown;;None;;;';IFH_BATCH;'12/07/2019 07:37:53;;Y;;;;'12/07/2019 07:28:35;4;1788679;;LU;1;';';';';';Y;#A/KAVELII/;APPART;DEEL_APP_GEBOUW - PARTIE_IMMEUBLE_APP;APPART;;;';;';;Y;;;;'12/07/2019 07:28:35
;;;Zoning;6807323;'20200219142313;W03-C-Antwerpen-West-FH07;6807323;'20200219142313;W03-C-Antwerpen-West-FH07;19084;FTTH-Cu;;';';;;;;;;708365;'20191021152148;4516978;'1630000;'27332;Scheldestraat;'45;';2000;Antwerpen;;'151807,218;'211328,309;';Y;NA;5;4;Unknown;Unknown;;None;;;';IFH_BATCH;'12/07/2019 07:37:53;;Y;;;;'12/07/2019 07:28:35;5;1789124;;LU;1;';';';';';Y;#HA.GV/KAVELI/;APPART;DEEL_APP_GEBOUW - PARTIE_IMMEUBLE_APP;COMM;;;';;';;Y;;;;'12/07/2019 07:28:35
;;;Zoning;6807323;'20200219142313;W03-C-Antwerpen-West-FH07;6807323;'20200219142313;W03-C-Antwerpen-West-FH07;19084;FTTH-Cu;;';';;;;;;;708365;'20191021152148;4516978;'1630000;'27332;Scheldestraat;'45;';2000;Antwerpen;;'151807,218;'211328,309;';Y;NA;5;4;Unknown;Unknown;;None;;;';IFH_BATCH;'12/07/2019 07:37:53;;Y;;;;'12/07/2019 07:28:35;6;11086886;;LU;1;';';';';';;;;;;;;';;';;Y;;;;'12/07/2019 07:28:35
;;;Zoning;6807323;'20200219142313;W03-C-Antwerpen-West-FH07;6807323;'20200219142313;W03-C-Antwerpen-West-FH07;19084;FTTH-Cu;;';';;;;;;;673843;'20191021154811;2050520;'1630000;'27332;Scheldestraat;'46;';2000;Antwerpen;;'151801,084;'211295,63;';Y;NA;4;12;Unknown;Unknown;;None;;;';;';;Y;;;;'15/01/2019 12:41:18;1;1791463;;LU;1;';';';';';Y;#A1/S1-K1;APPART;DEEL_APP_GEBOUW - PARTIE_IMMEUBLE_APP;APPART;;;';;';;Y;;;;'15/01/2019 12:41:18
;;;Zoning;6807323;'20200219142313;W03-C-Antwerpen-West-FH07;6807323;'20200219142313;W03-C-Antwerpen-West-FH07;19084;FTTH-Cu;;';';;;;;;;673843;'20191021154811;2050520;'1630000;'27332;Scheldestraat;'46;';2000;Antwerpen;;'151801,084;'211295,63;';Y;NA;4;12;Unknown;Unknown;;None;;;';;';;Y;;;;'15/01/2019 12:41:18;2;1791562;;LU;1;';';';';';Y;#A2/S2-K2;APPART;DEEL_APP_GEBOUW - PARTIE_IMMEUBLE_APP;APPART;;;';;';;Y;;;;'15/01/2019 12:41:18
;;;Zoning;6807323;'20200219142313;W03-C-Antwerpen-West-FH07;6807323;'20200219142313;W03-C-Antwerpen-West-FH07;19084;FTTH-Cu;;';';;;;;;;673843;'20191021154811;2050520;'1630000;'27332;Scheldestraat;'46;';2000;Antwerpen;;'151801,084;'211295,63;';Y;NA;4;12;Unknown;Unknown;;None;;;';;';;Y;;;;'15/01/2019 12:41:18;3;1791572;;LU;1;';';';';';Y;#A3.4/S3-K3;APPART;DEEL_APP_GEBOUW - PARTIE_IMMEUBLE_APP;APPART;;;';;';;Y;;;;'15/01/2019 12:41:18
;;;Zoning;6807323;'20200219142313;W03-C-Antwerpen-West-FH07;6807323;'20200219142313;W03-C-Antwerpen-West-FH07;19084;FTTH-Cu;;';';;;;;;;673844;'20190115201306;2050521;'1630000;'27332;Scheldestraat;'48;';2000;Antwerpen;;'151805,687;'211291,429;';Y;NA;4;12;Unknown;Unknown;;None;;;';;';;Y;;;;'15/01/2019 12:41:18;1;1796694;;LU;1;';';';';';Y;;HOUSE;WONING - MAISON;NA;;;';;';;Y;;;;'15/01/2019 12:41:18
;;;Zoning;6807323;'20200219142313;W03-C-Antwerpen-West-FH07;6807323;'20200219142313;W03-C-Antwerpen-West-FH07;19084;FTTH-Cu;;';';;;;;;;673844;'20190115201306;2050521;'1630000;'27332;Scheldestraat;'48;';2000;Antwerpen;;'151805,687;'211291,429;';Y;NA;4;12;Unknown;Unknown;;None;;;';;';;Y;;;;'15/01/2019 12:41:18;2;1796695;;LU;1;';';';';';Y;;HOUSE;WONING - MAISON;NA;;;';;';;Y;;;;'15/01/2019 12:41:18
;;;Zoning;6807323;'20200219142313;W03-C-Antwerpen-West-FH07;6807323;'20200219142313;W03-C-Antwerpen-West-FH07;19084;FTTH-Cu;;';';;;;;;;673844;'20190115201306;2050521;'1630000;'27332;Scheldestraat;'48;';2000;Antwerpen;;'151805,687;'211291,429;';Y;NA;4;12;Unknown;Unknown;;None;;;';;';;Y;;;;'15/01/2019 12:41:18;3;1796696;;LU;1;';';';';';Y;;HOUSE;WONING - MAISON;NA;;;';;';;Y;;;;'15/01/2019 12:41:18
;;;Zoning;6807323;'20200219142313;W03-C-Antwerpen-West-FH07;6807323;'20200219142313;W03-C-Antwerpen-West-FH07;19084;FTTH-Cu;;';';;;;;;;673844;'20190115201306;2050521;'1630000;'27332;Scheldestraat;'48;';2000;Antwerpen;;'151805,687;'211291,429;';Y;NA;4;12;Unknown;Unknown;;None;;;';;';;Y;;;;'15/01/2019 12:41:18;4;11086892;;LU;1;';';';';';;;;;;;;';;';;Y;;;;'15/01/2019 12:41:18
;;;Zoning;6807323;'20200219142313;W03-C-Antwerpen-West-FH07;6807323;'20200219142313;W03-C-Antwerpen-West-FH07;19084;FTTH-Cu;;';';;;;;;;708366;'20191021152148;4516979;'1630000;'27332;Scheldestraat;'49;';2000;Antwerpen;;'151815,688;'211321,73;';Y;NA;5;15;Unknown;Unknown;;None;;;';;';;Y;;;;'15/01/2019 12:41:18;1;1797061;;LU;1;';';';';';Y;#A/KAVELII/;APPART;DEEL_APP_GEBOUW - PARTIE_IMMEUBLE_APP;APPART;;;';;';;Y;;;;'15/01/2019 12:41:18
;;;Zoning;6807323;'20200219142313;W03-C-Antwerpen-West-FH07;6807323;'20200219142313;W03-C-Antwerpen-West-FH07;19084;FTTH-Cu;;';';;;;;;;708366;'20191021152148;4516979;'1630000;'27332;Scheldestraat;'49;';2000;Antwerpen;;'151815,688;'211321,73;';Y;NA;5;15;Unknown;Unknown;;None;;;';;';;Y;;;;'15/01/2019 12:41:18;2;1797062;;LU;1;';';';';';Y;#A/KAVELII/;APPART;DEEL_APP_GEBOUW - PARTIE_IMMEUBLE_APP;APPART;;;';;';;Y;;;;'15/01/2019 12:41:18
;;;Zoning;6807323;'20200219142313;W03-C-Antwerpen-West-FH07;6807323;'20200219142313;W03-C-Antwerpen-West-FH07;19084;FTTH-Cu;;';';;;;;;;708366;'20191021152148;4516979;'1630000;'27332;Scheldestraat;'49;';2000;Antwerpen;;'151815,688;'211321,73;';Y;NA;5;15;Unknown;Unknown;;None;;;';;';;Y;;;;'15/01/2019 12:41:18;3;1797063;;LU;1;';';';';';Y;#A/KAVELII/;APPART;DEEL_APP_GEBOUW - PARTIE_IMMEUBLE_APP;APPART;;;';;';;Y;;;;'15/01/2019 12:41:18
;;;Zoning;6807323;'20200219142313;W03-C-Antwerpen-West-FH07;6807323;'20200219142313;W03-C-Antwerpen-West-FH07;19084;FTTH-Cu;;';';;;;;;;708366;'20191021152148;4516979;'1630000;'27332;Scheldestraat;'49;';2000;Antwerpen;;'151815,688;'211321,73;';Y;NA;5;15;Unknown;Unknown;;None;;;';;';;Y;;;;'15/01/2019 12:41:18;4;1797064;;LU;1;';';';';';Y;#A/KAVELII/;APPART;DEEL_APP_GEBOUW - PARTIE_IMMEUBLE_APP;APPART;;;';;';;Y;;;;'15/01/2019 12:41:18
;;;Zoning;6807323;'20200219142313;W03-C-Antwerpen-West-FH07;6807323;'20200219142313;W03-C-Antwerpen-West-FH07;19084;FTTH-Cu;;';';;;;;;;708366;'20191021152148;4516979;'1630000;'27332;Scheldestraat;'49;';2000;Antwerpen;;'151815,688;'211321,73;';Y;NA;5;15;Unknown;Unknown;;None;;;';;';;Y;;;;'15/01/2019 12:41:18;5;1797463;;LU;1;';';';';';Y;#HA.GV/KAVELI/;APPART;DEEL_APP_GEBOUW - PARTIE_IMMEUBLE_APP;COMM;;;';;';;Y;;;;'15/01/2019 12:41:18
;;;Zoning;6807323;'20200219142313;W03-C-Antwerpen-West-FH07;6807323;'20200219142313;W03-C-Antwerpen-West-FH07;19084;FTTH-Cu;;';';;;;;;;708366;'20191021152148;4516979;'1630000;'27332;Scheldestraat;'49;';2000;Antwerpen;;'151815,688;'211321,73;';Y;NA;5;15;Unknown;Unknown;;None;;;';;';;Y;;;;'15/01/2019 12:41:18;6;11086887;;LU;1;';';';';';;;;;;;;';;';;Y;;;;'15/01/2019 12:41:18
;;;Zoning;6807323;'20200219142313;W03-C-Antwerpen-West-FH07;6807323;'20200219142313;W03-C-Antwerpen-West-FH07;19084;FTTH-Cu;;';';;;;;;;673845;'20191021154743;2050523;'1630000;'27332;Scheldestraat;'52;';2000;Antwerpen;;'151818,093;'211283,048;';Y;NA;3;4;Unknown;Unknown;;None;;;';IFH_BATCH;'12/07/2019 07:38:08;;Y;;;;'12/07/2019 07:28:35;1;1809561;;LU;1;';';';';';Y;;HOUSE;WONING - MAISON;NA;;;';;';;Y;;;;'12/07/2019 07:28:35
;;;Zoning;6807323;'20200219142313;W03-C-Antwerpen-West-FH07;6807323;'20200219142313;W03-C-Antwerpen-West-FH07;19084;FTTH-Cu;;';';;;;;;;673846;'20191021152147;2050524;'1630000;'27332;Scheldestraat;'53;';2000;Antwerpen;;'151822,797;'211317,344;';Y;NA;5;15;Unknown;Unknown;;None;;;';;';;Y;;;;'15/01/2019 12:41:18;1;1809775;;LU;1;';';';';';Y;#A.2.3/KAVELII/;APPART;DEEL_APP_GEBOUW - PARTIE_IMMEUBLE_APP;APPART;;;';;';;Y;;;;'15/01/2019 12:41:18
;;;Zoning;6807323;'20200219142313;W03-C-Antwerpen-West-FH07;6807323;'20200219142313;W03-C-Antwerpen-West-FH07;19084;FTTH-Cu;;';';;;;;;;673846;'20191021152147;2050524;'1630000;'27332;Scheldestraat;'53;';2000;Antwerpen;;'151822,797;'211317,344;';Y;NA;5;15;Unknown;Unknown;;None;;;';;';;Y;;;;'15/01/2019 12:41:18;2;1809776;;LU;1;';';';';';Y;#A.2.3/KAVELII/;APPART;DEEL_APP_GEBOUW - PARTIE_IMMEUBLE_APP;APPART;;;';;';;Y;;;;'15/01/2019 12:41:18
;;;Zoning;6807323;'20200219142313;W03-C-Antwerpen-West-FH07;6807323;'20200219142313;W03-C-Antwerpen-West-FH07;19084;FTTH-Cu;;';';;;;;;;673846;'20191021152147;2050524;'1630000;'27332;Scheldestraat;'53;';2000;Antwerpen;;'151822,797;'211317,344;';Y;NA;5;15;Unknown;Unknown;;None;;;';;';;Y;;;;'15/01/2019 12:41:18;3;1810346;;LU;1;';';';';';Y;#HA.GV.BU1/KAVELI/;APPART;DEEL_APP_GEBOUW - PARTIE_IMMEUBLE_APP;COMM;;;';;';;Y;;;;'15/01/2019 12:41:18
;;;Zoning;6807323;'20200219142313;W03-C-Antwerpen-West-FH07;6807323;'20200219142313;W03-C-Antwerpen-West-FH07;19084;FTTH-Cu;;';';;;;;;;673846;'20191021152147;2050524;'1630000;'27332;Scheldestraat;'53;';2000;Antwerpen;;'151822,797;'211317,344;';Y;NA;5;15;Unknown;Unknown;;None;;;';;';;Y;;;;'15/01/2019 12:41:18;4;11086888;;LU;1;';';';';';;;;;;;;';;';;Y;;;;'15/01/2019 12:41:18
;;;Zoning;6807323;'20200219142313;W03-C-Antwerpen-West-FH07;6807323;'20200219142313;W03-C-Antwerpen-West-FH07;19084;FTTH-Cu;;';';;;;;;;673846;'20191021152147;2050524;'1630000;'27332;Scheldestraat;'53;';2000;Antwerpen;;'151822,797;'211317,344;';Y;NA;5;15;Unknown;Unknown;;None;;;';;';;Y;;;;'15/01/2019 12:41:18;5;11086889;;LU;1;';';';';';;;;;;;;';;';;Y;;;;'15/01/2019 12:41:18
;;;Zoning;6807323;'20200219142313;W03-C-Antwerpen-West-FH07;6807323;'20200219142313;W03-C-Antwerpen-West-FH07;19084;FTTH-Cu;;';';;;;;;;673846;'20191021152147;2050524;'1630000;'27332;Scheldestraat;'53;';2000;Antwerpen;;'151822,797;'211317,344;';Y;NA;5;15;Unknown;Unknown;;None;;;';;';;Y;;;;'15/01/2019 12:41:18;6;11086890;;LU;1;';';';';';;;;;;;;';;';;Y;;;;'15/01/2019 12:41:18
;;;Zoning;6807323;'20200219142313;W03-C-Antwerpen-West-FH07;6807323;'20200219142313;W03-C-Antwerpen-West-FH07;19084;FTTH-Cu;;';';;;;;;;673847;'20191021154723;2050525;'1630000;'27332;Scheldestraat;'54;';2000;Antwerpen;;'151821,408;'211280,972;';Y;ORN;3;0;Unknown;Unknown;;None;;;';IFH_BATCH;'12/07/2019 07:38:11;;Y;;;;'12/07/2019 07:28:35;1;1813148;;LU;1;';';';';';Y;;HOUSE;WONING - MAISON;NA;;;';;';;Y;;;;'12/07/2019 07:28:35
;;;Zoning;6807323;'20200219142313;W03-C-Antwerpen-West-FH07;6807323;'20200219142313;W03-C-Antwerpen-West-FH07;19084;FTTH-Cu;;';';;;;;;;673847;'20191021154723;2050525;'1630000;'27332;Scheldestraat;'54;';2000;Antwerpen;;'151821,408;'211280,972;';Y;ORN;3;0;Unknown;Unknown;;None;;;';IFH_BATCH;'12/07/2019 07:38:11;;Y;;;;'12/07/2019 07:28:35;2;1813149;;BU;1;';';';';';Y;;HOUSE;WONING - MAISON;NA;;;';;';;Y;;;;'12/07/2019 07:28:35
;;;Zoning;6807323;'20200219142313;W03-C-Antwerpen-West-FH07;6807323;'20200219142313;W03-C-Antwerpen-West-FH07;19084;FTTH-Cu;11382552;'20191021151854;'Scheldestraat 55 - 57;;;;;;;673848;'20191021152655;2050526;'1630000;'27332;Scheldestraat;'55;';2000;Antwerpen;;'151827,757;'211314,151;';Y;NA;3;4;Unknown;Unknown;;None;;;';IFH_BATCH;'12/07/2019 07:37:55;;Y;;;;'12/07/2019 07:28:35;1;1813873;;LU;1;';';';';';Y;#KAVEL 1;APPART;DEEL_APP_GEBOUW - PARTIE_IMMEUBLE_APP;ROOM;;;';;';;Y;;;;'12/07/2019 07:28:35
;;;Zoning;6807323;'20200219142313;W03-C-Antwerpen-West-FH07;6807323;'20200219142313;W03-C-Antwerpen-West-FH07;19084;FTTH-Cu;11382552;'20191021151854;'Scheldestraat 55 - 57;;;;;;;673848;'20191021152655;2050526;'1630000;'27332;Scheldestraat;'55;';2000;Antwerpen;;'151827,757;'211314,151;';Y;NA;3;4;Unknown;Unknown;;None;;;';IFH_BATCH;'12/07/2019 07:37:55;;Y;;;;'12/07/2019 07:28:35;2;1813874;;LU;1;';';';';';Y;#KAVEL 2;APPART;DEEL_APP_GEBOUW - PARTIE_IMMEUBLE_APP;ROOM;;;';;';;Y;;;;'12/07/2019 07:28:35
;;;Zoning;6807323;'20200219142313;W03-C-Antwerpen-West-FH07;6807323;'20200219142313;W03-C-Antwerpen-West-FH07;19084;FTTH-Cu;;';';;;;;;;673849;'20191021154735;2050527;'1630000;'27332;Scheldestraat;'56;';2000;Antwerpen;;'151827,388;'211275,559;';Y;NA;4;4;Unknown;Unknown;;None;;;';IFH_BATCH;'12/07/2019 07:38:13;;Y;;;;'12/07/2019 07:28:35;1;1816134;;LU;1;';';';';';Y;;HOUSE;WONING - MAISON;NA;;;';;';;Y;;;;'12/07/2019 07:28:35
;;;Zoning;6807323;'20200219142313;W03-C-Antwerpen-West-FH07;6807323;'20200219142313;W03-C-Antwerpen-West-FH07;19084;FTTH-Cu;11382552;'20191021151854;'Scheldestraat 55 - 57;;;;;;;11377848;'20191021152655;2050528;'1630000;'27332;Scheldestraat;'57;';2000;Antwerpen;;'151831,917;'211311,126;';Y;NA;3;4;Unknown;Unknown;;None;;;';IFH_BATCH;'12/07/2019 07:43:51;;Y;;;;'12/07/2019 07:28:35;1;11086054;;BU;1;';';';';';;;;;;;;';;';;Y;;;;'12/07/2019 07:28:35
;;;Zoning;6807323;'20200219142313;W03-C-Antwerpen-West-FH07;6807323;'20200219142313;W03-C-Antwerpen-West-FH07;19084;FTTH-Cu;11382552;'20191021151854;'Scheldestraat 55 - 57;;;;;;;11377848;'20191021152655;2050528;'1630000;'27332;Scheldestraat;'57;';2000;Antwerpen;;'151831,917;'211311,126;';Y;NA;3;4;Unknown;Unknown;;None;;;';IFH_BATCH;'12/07/2019 07:43:51;;Y;;;;'12/07/2019 07:28:35;2;11086055;;LU;1;';';';';';;;;;;;;';;';;Y;;;;'12/07/2019 07:28:35
;;;Zoning;6807323;'20200219142313;W03-C-Antwerpen-West-FH07;6807323;'20200219142313;W03-C-Antwerpen-West-FH07;19084;FTTH-Cu;11382552;'20191021151854;'Scheldestraat 55 - 57;;;;;;;11377848;'20191021152655;2050528;'1630000;'27332;Scheldestraat;'57;';2000;Antwerpen;;'151831,917;'211311,126;';Y;NA;3;4;Unknown;Unknown;;None;;;';IFH_BATCH;'12/07/2019 07:43:51;;Y;;;;'12/07/2019 07:28:35;3;11086056;;LU;1;';';';';';;;;;;;;';;';;Y;;;;'12/07/2019 07:28:35
;;;Zoning;6807323;'20200219142313;W03-C-Antwerpen-West-FH07;6807323;'20200219142313;W03-C-Antwerpen-West-FH07;19084;FTTH-Cu;11382552;'20191021151854;'Scheldestraat 55 - 57;;;;;;;11377848;'20191021152655;2050528;'1630000;'27332;Scheldestraat;'57;';2000;Antwerpen;;'151831,917;'211311,126;';Y;NA;3;4;Unknown;Unknown;;None;;;';IFH_BATCH;'12/07/2019 07:43:51;;Y;;;;'12/07/2019 07:28:35;4;11086057;;SU;1;';';';';';;;;;;;;';;';;Y;;;;'12/07/2019 07:28:35
;;;Zoning;6807323;'20200219142313;W03-C-Antwerpen-West-FH07;6807323;'20200219142313;W03-C-Antwerpen-West-FH07;19084;FTTH-Cu;;';';;;;;;;673850;'20191021154735;2050529;'1630000;'27332;Scheldestraat;'58;';2000;Antwerpen;;'151833,1;'211272,855;';Y;NA;3;9;Unknown;Unknown;;None;;;';;';;Y;;;;'15/01/2019 12:41:18;1;1819044;;LU;1;';';';';';Y;;HOUSE;WONING - MAISON;NA;;;';;';;Y;;;;'15/01/2019 12:41:18
;;;Zoning;6807323;'20200219142313;W03-C-Antwerpen-West-FH07;6807323;'20200219142313;W03-C-Antwerpen-West-FH07;19084;FTTH-Cu;;';';;;;;;;673851;'20200110145318;2050530;'1630000;'27332;Scheldestraat;'59;';2000;Antwerpen;;'151841,143;'211303,413;';Y;NA;4;12;Unknown;Unknown;;None;;;';;';;Y;;;;'15/01/2019 12:41:18;1;1819442;;LU;1;';';';';';Y;#A1@3/KAVEL 1/;APPART;DEEL_APP_GEBOUW - PARTIE_IMMEUBLE_APP;APPART;;;';;';;Y;;;;'15/01/2019 12:41:18
;;;Zoning;6807323;'20200219142313;W03-C-Antwerpen-West-FH07;6807323;'20200219142313;W03-C-Antwerpen-West-FH07;19084;FTTH-Cu;;';';;;;;;;673851;'20200110145318;2050530;'1630000;'27332;Scheldestraat;'59;';2000;Antwerpen;;'151841,143;'211303,413;';Y;NA;4;12;Unknown;Unknown;;None;;;';;';;Y;;;;'15/01/2019 12:41:18;2;1819443;;LU;1;';';';';';Y;#A1@3/KAVEL 1/;APPART;DEEL_APP_GEBOUW - PARTIE_IMMEUBLE_APP;APPART;;;';;';;Y;;;;'15/01/2019 12:41:18
;;;Zoning;6807323;'20200219142313;W03-C-Antwerpen-West-FH07;6807323;'20200219142313;W03-C-Antwerpen-West-FH07;19084;FTTH-Cu;;';';;;;;;;673851;'20200110145318;2050530;'1630000;'27332;Scheldestraat;'59;';2000;Antwerpen;;'151841,143;'211303,413;';Y;NA;4;12;Unknown;Unknown;;None;;;';;';;Y;;;;'15/01/2019 12:41:18;3;1819444;;LU;1;';';';';';Y;#A1@3/KAVEL 1/;APPART;DEEL_APP_GEBOUW - PARTIE_IMMEUBLE_APP;APPART;;;';;';;Y;;;;'15/01/2019 12:41:18
;;;Zoning;6807323;'20200219142313;W03-C-Antwerpen-West-FH07;6807323;'20200219142313;W03-C-Antwerpen-West-FH07;19084;FTTH-Cu;;';';;;;;;;673851;'20200110145318;2050530;'1630000;'27332;Scheldestraat;'59;';2000;Antwerpen;;'151841,143;'211303,413;';Y;NA;4;12;Unknown;Unknown;;None;;;';;';;Y;;;;'15/01/2019 12:41:18;4;1819445;;LU;1;';';';';';Y;#A1@3/KAVEL 1/;APPART;DEEL_APP_GEBOUW - PARTIE_IMMEUBLE_APP;APPART;;;';;';;Y;;;;'15/01/2019 12:41:18
;;;Zoning;6807323;'20200219142313;W03-C-Antwerpen-West-FH07;6807323;'20200219142313;W03-C-Antwerpen-West-FH07;19084;FTTH-Cu;;';';;;;;;;673851;'20200110145318;2050530;'1630000;'27332;Scheldestraat;'59;';2000;Antwerpen;;'151841,143;'211303,413;';Y;NA;4;12;Unknown;Unknown;;None;;;';;';;Y;;;;'15/01/2019 12:41:18;5;1819446;;LU;1;';';';';';Y;#A1@3/KAVEL 1/;APPART;DEEL_APP_GEBOUW - PARTIE_IMMEUBLE_APP;APPART;;;';;';;Y;;;;'15/01/2019 12:41:18
;;;Zoning;6807323;'20200219142313;W03-C-Antwerpen-West-FH07;6807323;'20200219142313;W03-C-Antwerpen-West-FH07;19084;FTTH-Cu;;';';;;;;;;673851;'20200110145318;2050530;'1630000;'27332;Scheldestraat;'59;';2000;Antwerpen;;'151841,143;'211303,413;';Y;NA;4;12;Unknown;Unknown;;None;;;';;';;Y;;;;'15/01/2019 12:41:18;6;1819447;;LU;1;';';';';';Y;#A1@3/KAVEL 1/;APPART;DEEL_APP_GEBOUW - PARTIE_IMMEUBLE_APP;APPART;;;';;';;Y;;;;'15/01/2019 12:41:18
;;;Zoning;6807323;'20200219142313;W03-C-Antwerpen-West-FH07;6807323;'20200219142313;W03-C-Antwerpen-West-FH07;19084;FTTH-Cu;;';';;;;;;;673851;'20200110145318;2050530;'1630000;'27332;Scheldestraat;'59;';2000;Antwerpen;;'151841,143;'211303,413;';Y;NA;4;12;Unknown;Unknown;;None;;;';;';;Y;;;;'15/01/2019 12:41:18;7;1819448;;LU;1;';';';';';Y;#A1@3/KAVEL 1/;APPART;DEEL_APP_GEBOUW - PARTIE_IMMEUBLE_APP;APPART;;;';;';;Y;;;;'15/01/2019 12:41:18
;;;Zoning;6807323;'20200219142313;W03-C-Antwerpen-West-FH07;6807323;'20200219142313;W03-C-Antwerpen-West-FH07;19084;FTTH-Cu;;';';;;;;;;673851;'20200110145318;2050530;'1630000;'27332;Scheldestraat;'59;';2000;Antwerpen;;'151841,143;'211303,413;';Y;NA;4;12;Unknown;Unknown;;None;;;';;';;Y;;;;'15/01/2019 12:41:18;8;1819449;;LU;1;';';';';';Y;#A1@3/KAVEL 1/;APPART;DEEL_APP_GEBOUW - PARTIE_IMMEUBLE_APP;APPART;;;';;';;Y;;;;'15/01/2019 12:41:18
;;;Zoning;6807323;'20200219142313;W03-C-Antwerpen-West-FH07;6807323;'20200219142313;W03-C-Antwerpen-West-FH07;19084;FTTH-Cu;;';';;;;;;;673851;'20200110145318;2050530;'1630000;'27332;Scheldestraat;'59;';2000;Antwerpen;;'151841,143;'211303,413;';Y;NA;4;12;Unknown;Unknown;;None;;;';;';;Y;;;;'15/01/2019 12:41:18;9;1819450;;LU;1;';';';';';Y;#A1@3/KAVEL 1/;APPART;DEEL_APP_GEBOUW - PARTIE_IMMEUBLE_APP;APPART;;;';;';;Y;;;;'15/01/2019 12:41:18
;;;Zoning;6807323;'20200219142313;W03-C-Antwerpen-West-FH07;6807323;'20200219142313;W03-C-Antwerpen-West-FH07;19084;FTTH-Cu;;';';;;;;;;673851;'20200110145318;2050530;'1630000;'27332;Scheldestraat;'59;';2000;Antwerpen;;'151841,143;'211303,413;';Y;NA;4;12;Unknown;Unknown;;None;;;';;';;Y;;;;'15/01/2019 12:41:18;10;1819719;;BU;1;';';';';';Y;#HA.GV/KAVEL 2/G;APPART;DEEL_APP_GEBOUW - PARTIE_IMMEUBLE_APP;COMM;;;';;';;Y;;;;'15/01/2019 12:41:18
;;;Zoning;6807323;'20200219142313;W03-C-Antwerpen-West-FH07;6807323;'20200219142313;W03-C-Antwerpen-West-FH07;19084;FTTH-Cu;;';';;;;;;;673852;'20191021154715;2050531;'1630000;'27332;Scheldestraat;'60;';2000;Antwerpen;;'151836,045;'211268,356;';Y;NA;4;12;Unknown;Unknown;;None;;;';;';;Y;;;;'15/01/2019 12:41:18;1;1826919;;LU;1;';';';';';Y;;HOUSE;WONING - MAISON;NA;;;';;';;Y;;;;'15/01/2019 12:41:18
;;;Zoning;6807323;'20200219142313;W03-C-Antwerpen-West-FH07;6807323;'20200219142313;W03-C-Antwerpen-West-FH07;19084;FTTH-Cu;;';';;;;;;;673852;'20191021154715;2050531;'1630000;'27332;Scheldestraat;'60;';2000;Antwerpen;;'151836,045;'211268,356;';Y;NA;4;12;Unknown;Unknown;;None;;;';;';;Y;;;;'15/01/2019 12:41:18;2;1826920;;LU;1;';';';';';Y;;HOUSE;WONING - MAISON;NA;;;';;';;Y;;;;'15/01/2019 12:41:18
;;;Zoning;6807323;'20200219142313;W03-C-Antwerpen-West-FH07;6807323;'20200219142313;W03-C-Antwerpen-West-FH07;19084;FTTH-Cu;;';';;;;;;;673852;'20191021154715;2050531;'1630000;'27332;Scheldestraat;'60;';2000;Antwerpen;;'151836,045;'211268,356;';Y;NA;4;12;Unknown;Unknown;;None;;;';;';;Y;;;;'15/01/2019 12:41:18;3;1826921;;LU;1;';';';';';Y;;HOUSE;WONING - MAISON;NA;;;';;';;Y;;;;'15/01/2019 12:41:18
;;;Zoning;6807323;'20200219142313;W03-C-Antwerpen-West-FH07;6807323;'20200219142313;W03-C-Antwerpen-West-FH07;19084;FTTH-Cu;;';';;;;;;;673852;'20191021154715;2050531;'1630000;'27332;Scheldestraat;'60;';2000;Antwerpen;;'151836,045;'211268,356;';Y;NA;4;12;Unknown;Unknown;;None;;;';;';;Y;;;;'15/01/2019 12:41:18;4;11086893;;BU;1;';';';';';;;;;;;;';;';;Y;;;;'15/01/2019 12:41:18
;;;Zoning;6807323;'20200219142313;W03-C-Antwerpen-West-FH07;6807323;'20200219142313;W03-C-Antwerpen-West-FH07;19084;FTTH-Cu;;';';;;;;;;708367;'20200113131350;4516980;'1630000;'27332;Scheldestraat;'61;';2000;Antwerpen;;'151856,343;'211291,842;';Y;NA;4;4;Unknown;Unknown;;None;;;';IFH_BATCH;'12/07/2019 07:37:58;;Y;;;;'12/07/2019 07:28:35;1;1828610;;BU;1;';';';';';Y;;EDUC;ONDERWIJSGEBOUW - BATIMENT D' ENSEIGNEMENT;NA;;;';;';;Y;;;;'12/07/2019 07:28:35
;;;Zoning;6807323;'20200219142313;W03-C-Antwerpen-West-FH07;6807323;'20200219142313;W03-C-Antwerpen-West-FH07;19084;FTTH-Cu;;';';;;;;;;673853;'20191021152636;2050532;'1630000;'27332;Scheldestraat;'63;';2000;Antwerpen;;'151864,314;'211284,9;';Y;NA;5;4;Unknown;Unknown;;None;;;';IFH_BATCH;'12/07/2019 07:38:01;;Y;;;;'12/07/2019 07:28:35;1;1830193;;LU;1;';';';';';Y;#A.GV.TV.2/1/;APPART;DEEL_APP_GEBOUW - PARTIE_IMMEUBLE_APP;APPART;;;';;';;Y;;;;'12/07/2019 07:28:35
;;;Zoning;6807323;'20200219142313;W03-C-Antwerpen-West-FH07;6807323;'20200219142313;W03-C-Antwerpen-West-FH07;19084;FTTH-Cu;;';';;;;;;;673853;'20191021152636;2050532;'1630000;'27332;Scheldestraat;'63;';2000;Antwerpen;;'151864,314;'211284,9;';Y;NA;5;4;Unknown;Unknown;;None;;;';IFH_BATCH;'12/07/2019 07:38:01;;Y;;;;'12/07/2019 07:28:35;2;1830228;;LU;1;';';';';';Y;#A1.TV.3/2/;APPART;DEEL_APP_GEBOUW - PARTIE_IMMEUBLE_APP;APPART;;;';;';;Y;;;;'12/07/2019 07:28:35
;;;Zoning;6807323;'20200219142313;W03-C-Antwerpen-West-FH07;6807323;'20200219142313;W03-C-Antwerpen-West-FH07;19084;FTTH-Cu;;';';;;;;;;673854;'20191021152636;2050533;'1630000;'27332;Scheldestraat;'65;';2000;Antwerpen;;'151869,91;'211280,741;';Y;NA;4;4;Unknown;Unknown;;None;;;';IFH_BATCH;'12/07/2019 07:38:03;;Y;;;;'12/07/2019 07:28:35;1;1833944;;LU;1;';';';';';Y;;HOUSE;WONING - MAISON;NA;;;';;';;Y;;;;'12/07/2019 07:28:35
;;;Zoning;6807323;'20200219142313;W03-C-Antwerpen-West-FH07;6807323;'20200219142313;W03-C-Antwerpen-West-FH07;19084;FTTH-Cu;;';';;;;;;;673854;'20191021152636;2050533;'1630000;'27332;Scheldestraat;'65;';2000;Antwerpen;;'151869,91;'211280,741;';Y;NA;4;4;Unknown;Unknown;;None;;;';IFH_BATCH;'12/07/2019 07:38:03;;Y;;;;'12/07/2019 07:28:35;2;1833945;;LU;1;';';';';';Y;;HOUSE;WONING - MAISON;NA;;;';;';;Y;;;;'12/07/2019 07:28:35
;;;Zoning;6807323;'20200219142313;W03-C-Antwerpen-West-FH07;6807323;'20200219142313;W03-C-Antwerpen-West-FH07;19084;FTTH-Cu;;';';;;;;;;673854;'20191021152636;2050533;'1630000;'27332;Scheldestraat;'65;';2000;Antwerpen;;'151869,91;'211280,741;';Y;NA;4;4;Unknown;Unknown;;None;;;';IFH_BATCH;'12/07/2019 07:38:03;;Y;;;;'12/07/2019 07:28:35;3;1833946;;LU;1;';';';';';Y;;HOUSE;WONING - MAISON;NA;;;';;';;Y;;;;'12/07/2019 07:28:35
;;;Zoning;6807323;'20200219142313;W03-C-Antwerpen-West-FH07;6807323;'20200219142313;W03-C-Antwerpen-West-FH07;19084;FTTH-Cu;;';';;;;;;;673854;'20191021152636;2050533;'1630000;'27332;Scheldestraat;'65;';2000;Antwerpen;;'151869,91;'211280,741;';Y;NA;4;4;Unknown;Unknown;;None;;;';IFH_BATCH;'12/07/2019 07:38:03;;Y;;;;'12/07/2019 07:28:35;4;1833947;;LU;1;';';';';';Y;;HOUSE;WONING - MAISON;NA;;;';;';;Y;;;;'12/07/2019 07:28:35
;;;Zoning;6807323;'20200219142313;W03-C-Antwerpen-West-FH07;6807323;'20200219142313;W03-C-Antwerpen-West-FH07;19084;FTTH-Cu;;';';;;;;;;673855;'20191021152636;2050534;'1630000;'27332;Scheldestraat;'67;';2000;Antwerpen;;'151875,279;'211276,96;';Y;NA;4;4;Unknown;Unknown;;None;;;';IFH_BATCH;'12/07/2019 07:38:06;;Y;;;;'12/07/2019 07:28:35;1;1836442;;LU;1;';';';';';Y;;HOUSE;WONING - MAISON;NA;;;';;';;Y;;;;'12/07/2019 07:28:35
;;;Zoning;6807323;'20200219142313;W03-C-Antwerpen-West-FH07;6807323;'20200219142313;W03-C-Antwerpen-West-FH07;19084;FTTH-Cu;;';';;;;;;;673855;'20191021152636;2050534;'1630000;'27332;Scheldestraat;'67;';2000;Antwerpen;;'151875,279;'211276,96;';Y;NA;4;4;Unknown;Unknown;;None;;;';IFH_BATCH;'12/07/2019 07:38:06;;Y;;;;'12/07/2019 07:28:35;2;1836443;;LU;1;';';';';';Y;;HOUSE;WONING - MAISON;NA;;;';;';;Y;;;;'12/07/2019 07:28:35
;;;Zoning;6807323;'20200219142313;W03-C-Antwerpen-West-FH07;6807323;'20200219142313;W03-C-Antwerpen-West-FH07;19084;FTTH-Cu;;';';;;;;;;708373;'20191021154826;4516995;'1630000;'27332;Scheldestraat;'68;';2000;Antwerpen;;'151853,643;'211256,09;';Y;NA;3;9;Unknown;Unknown;;None;;;';;';;Y;;;;'15/01/2019 12:41:18;1;1837528;;LU;1;';';';';';Y;;HOUSE;WONING - MAISON;NA;;;';;';;Y;;;;'15/01/2019 12:41:18
;;;Zoning;6807323;'20200219142313;W03-C-Antwerpen-West-FH07;6807323;'20200219142313;W03-C-Antwerpen-West-FH07;19084;FTTH-Cu;;';';;;;;;;708373;'20191021154826;4516995;'1630000;'27332;Scheldestraat;'68;';2000;Antwerpen;;'151853,643;'211256,09;';Y;NA;3;9;Unknown;Unknown;;None;;;';;';;Y;;;;'15/01/2019 12:41:18;2;1837529;;BU;1;';';';';';Y;;HOUSE;WONING - MAISON;NA;;;';;';;Y;;;;'15/01/2019 12:41:18
;;;Zoning;6807323;'20200219142313;W03-C-Antwerpen-West-FH07;6807323;'20200219142313;W03-C-Antwerpen-West-FH07;19084;FTTH-Cu;;';';;;;;;;673856;'20191021152637;2050535;'1630000;'27332;Scheldestraat;'69;';2000;Antwerpen;;'151880,119;'211272,8;';Y;NA;4;12;Unknown;Unknown;;None;;;';;';;Y;;;;'15/01/2019 12:41:18;1;1838533;;LU;1;';';';';';Y;;APTBLD;APPARTEMENTSGEBOUW - IMMEUBLE A APPARTEMENTS;NA;;;';;';;Y;;;;'15/01/2019 12:41:18
;;;Zoning;6807323;'20200219142313;W03-C-Antwerpen-West-FH07;6807323;'20200219142313;W03-C-Antwerpen-West-FH07;19084;FTTH-Cu;;';';;;;;;;673856;'20191021152637;2050535;'1630000;'27332;Scheldestraat;'69;';2000;Antwerpen;;'151880,119;'211272,8;';Y;NA;4;12;Unknown;Unknown;;None;;;';;';;Y;;;;'15/01/2019 12:41:18;2;1838534;;LU;1;';';';';';Y;;APTBLD;APPARTEMENTSGEBOUW - IMMEUBLE A APPARTEMENTS;NA;;;';;';;Y;;;;'15/01/2019 12:41:18
;;;Zoning;6807323;'20200219142313;W03-C-Antwerpen-West-FH07;6807323;'20200219142313;W03-C-Antwerpen-West-FH07;19084;FTTH-Cu;;';';;;;;;;673856;'20191021152637;2050535;'1630000;'27332;Scheldestraat;'69;';2000;Antwerpen;;'151880,119;'211272,8;';Y;NA;4;12;Unknown;Unknown;;None;;;';;';;Y;;;;'15/01/2019 12:41:18;3;1838535;;LU;1;';';';';';Y;;APTBLD;APPARTEMENTSGEBOUW - IMMEUBLE A APPARTEMENTS;NA;;;';;';;Y;;;;'15/01/2019 12:41:18
;;;Zoning;6807323;'20200219142313;W03-C-Antwerpen-West-FH07;6807323;'20200219142313;W03-C-Antwerpen-West-FH07;19084;FTTH-Cu;;';';;;;;;;673856;'20191021152637;2050535;'1630000;'27332;Scheldestraat;'69;';2000;Antwerpen;;'151880,119;'211272,8;';Y;NA;4;12;Unknown;Unknown;;None;;;';;';;Y;;;;'15/01/2019 12:41:18;4;1838536;;LU;1;';';';';';Y;;APTBLD;APPARTEMENTSGEBOUW - IMMEUBLE A APPARTEMENTS;NA;;;';;';;Y;;;;'15/01/2019 12:41:18
;;;Zoning;6807323;'20200219142313;W03-C-Antwerpen-West-FH07;6807323;'20200219142313;W03-C-Antwerpen-West-FH07;19084;FTTH-Cu;;';';;;;;;;673857;'20191021154834;2050536;'1630000;'27332;Scheldestraat;'70;';2000;Antwerpen;;'151858,945;'211252,308;';Y;NA;3;9;Unknown;Unknown;;None;;;';;';;Y;;;;'15/01/2019 12:41:18;1;1843726;;LU;1;';';';';';Y;;HOUSE;WONING - MAISON;NA;;;';;';;Y;;;;'15/01/2019 12:41:18
;;;Zoning;6807323;'20200219142313;W03-C-Antwerpen-West-FH07;6807323;'20200219142313;W03-C-Antwerpen-West-FH07;19084;FTTH-Cu;;';';;;;;;;694261;'20191021152637;4155806;'1630000;'27332;Scheldestraat;'71;';2000;Antwerpen;;'151884,808;'211269,473;';Y;NA;5;15;Unknown;Unknown;;None;;;';;';;Y;;;;'15/01/2019 12:41:18;1;1844729;;LU;1;';';';';';Y;;HOUSE;WONING - MAISON;NA;;;';;';;Y;;;;'15/01/2019 12:41:18
;;;Zoning;6807323;'20200219142313;W03-C-Antwerpen-West-FH07;6807323;'20200219142313;W03-C-Antwerpen-West-FH07;19084;FTTH-Cu;;';';;;;;;;694261;'20191021152637;4155806;'1630000;'27332;Scheldestraat;'71;';2000;Antwerpen;;'151884,808;'211269,473;';Y;NA;5;15;Unknown;Unknown;;None;;;';;';;Y;;;;'15/01/2019 12:41:18;2;1844730;;LU;1;';';';';';Y;;HOUSE;WONING - MAISON;NA;;;';;';;Y;;;;'15/01/2019 12:41:18
;;;Zoning;6807323;'20200219142313;W03-C-Antwerpen-West-FH07;6807323;'20200219142313;W03-C-Antwerpen-West-FH07;19084;FTTH-Cu;;';';;;;;;;694261;'20191021152637;4155806;'1630000;'27332;Scheldestraat;'71;';2000;Antwerpen;;'151884,808;'211269,473;';Y;NA;5;15;Unknown;Unknown;;None;;;';;';;Y;;;;'15/01/2019 12:41:18;3;1844731;;LU;1;';';';';';Y;;HOUSE;WONING - MAISON;NA;;;';;';;Y;;;;'15/01/2019 12:41:18
;;;Zoning;6807323;'20200219142313;W03-C-Antwerpen-West-FH07;6807323;'20200219142313;W03-C-Antwerpen-West-FH07;19084;FTTH-Cu;;';';;;;;;;694261;'20191021152637;4155806;'1630000;'27332;Scheldestraat;'71;';2000;Antwerpen;;'151884,808;'211269,473;';Y;NA;5;15;Unknown;Unknown;;None;;;';;';;Y;;;;'15/01/2019 12:41:18;4;1844732;;LU;1;';';';';';Y;;HOUSE;WONING - MAISON;NA;;;';;';;Y;;;;'15/01/2019 12:41:18
;;;Zoning;6807323;'20200219142313;W03-C-Antwerpen-West-FH07;6807323;'20200219142313;W03-C-Antwerpen-West-FH07;19084;FTTH-Cu;;';';;;;;;;694261;'20191021152637;4155806;'1630000;'27332;Scheldestraat;'71;';2000;Antwerpen;;'151884,808;'211269,473;';Y;NA;5;15;Unknown;Unknown;;None;;;';;';;Y;;;;'15/01/2019 12:41:18;5;1844733;;LU;1;';';';';';Y;;HOUSE;WONING - MAISON;NA;;;';;';;Y;;;;'15/01/2019 12:41:18
;;;Zoning;6807323;'20200219142313;W03-C-Antwerpen-West-FH07;6807323;'20200219142313;W03-C-Antwerpen-West-FH07;19084;FTTH-Cu;;';';;;;;;;673858;'20191021154950;2050537;'1630000;'27332;Scheldestraat;'72;';2000;Antwerpen;;'151863,646;'211249,05;';Y;NA;1;3;Unknown;Unknown;;None;;;';;';;Y;;;;'15/01/2019 12:41:18;7;1845161;;BU;1;';';';';';Y;#HA.GV;APPART;DEEL_APP_GEBOUW - PARTIE_IMMEUBLE_APP;COMM;;;';;';;Y;;;;'15/01/2019 12:41:18
;;;Zoning;6807323;'20200219142313;W03-C-Antwerpen-West-FH07;6807323;'20200219142313;W03-C-Antwerpen-West-FH07;19084;FTTH-Cu;;';';;;;;;;673859;'20191021152637;2050538;'1630000;'27332;Scheldestraat;'73;';2000;Antwerpen;;'151888,967;'211265,843;';Y;NA;4;12;Unknown;Unknown;;None;;;';;';;Y;;;;'15/01/2019 12:41:18;1;1845946;;LU;1;';';';';';Y;#A1;APPART;DEEL_APP_GEBOUW - PARTIE_IMMEUBLE_APP;APPART;;;';;';;Y;;;;'15/01/2019 12:41:18
;;;Zoning;6807323;'20200219142313;W03-C-Antwerpen-West-FH07;6807323;'20200219142313;W03-C-Antwerpen-West-FH07;19084;FTTH-Cu;;';';;;;;;;673859;'20191021152637;2050538;'1630000;'27332;Scheldestraat;'73;';2000;Antwerpen;;'151888,967;'211265,843;';Y;NA;4;12;Unknown;Unknown;;None;;;';;';;Y;;;;'15/01/2019 12:41:18;2;1845999;;LU;1;';';';';';Y;#A2;APPART;DEEL_APP_GEBOUW - PARTIE_IMMEUBLE_APP;APPART;;;';;';;Y;;;;'15/01/2019 12:41:18
;;;Zoning;6807323;'20200219142313;W03-C-Antwerpen-West-FH07;6807323;'20200219142313;W03-C-Antwerpen-West-FH07;19084;FTTH-Cu;;';';;;;;;;673859;'20191021152637;2050538;'1630000;'27332;Scheldestraat;'73;';2000;Antwerpen;;'151888,967;'211265,843;';Y;NA;4;12;Unknown;Unknown;;None;;;';;';;Y;;;;'15/01/2019 12:41:18;3;1846054;;LU;1;';';';';';Y;#A3.4;APPART;DEEL_APP_GEBOUW - PARTIE_IMMEUBLE_APP;APPART;;;';;';;Y;;;;'15/01/2019 12:41:18
;;;Zoning;6807323;'20200219142313;W03-C-Antwerpen-West-FH07;6807323;'20200219142313;W03-C-Antwerpen-West-FH07;19084;FTTH-Cu;;';';;;;;;;673859;'20191021152637;2050538;'1630000;'27332;Scheldestraat;'73;';2000;Antwerpen;;'151888,967;'211265,843;';Y;NA;4;12;Unknown;Unknown;;None;;;';;';;Y;;;;'15/01/2019 12:41:18;4;1846122;;LU;1;';';';';';Y;#AGV;APPART;DEEL_APP_GEBOUW - PARTIE_IMMEUBLE_APP;APPART;;;';;';;Y;;;;'15/01/2019 12:41:18
;;;Zoning;6807323;'20200219142313;W03-C-Antwerpen-West-FH07;6807323;'20200219142313;W03-C-Antwerpen-West-FH07;19084;FTTH-Cu;;';';;;;;;;11377850;'20191021154844;3928369;'1630000;'27332;Scheldestraat;'74;';2000;Antwerpen;;'151867,359;'211245,637;';Y;NA;4;12;Unknown;Unknown;;None;;;';;';;Y;;;;'15/01/2019 12:41:18;1;11086058;;LU;1;';';';';';;;;;;;;';;';;Y;;;;'15/01/2019 12:41:18
;;;Zoning;6807323;'20200219142313;W03-C-Antwerpen-West-FH07;6807323;'20200219142313;W03-C-Antwerpen-West-FH07;19084;FTTH-Cu;;';';;;;;;;11377850;'20191021154844;3928369;'1630000;'27332;Scheldestraat;'74;';2000;Antwerpen;;'151867,359;'211245,637;';Y;NA;4;12;Unknown;Unknown;;None;;;';;';;Y;;;;'15/01/2019 12:41:18;2;11086059;;LU;1;';';';';';;;;;;;;';;';;Y;;;;'15/01/2019 12:41:18
;;;Zoning;6807323;'20200219142313;W03-C-Antwerpen-West-FH07;6807323;'20200219142313;W03-C-Antwerpen-West-FH07;19084;FTTH-Cu;;';';;;;;;;11377850;'20191021154844;3928369;'1630000;'27332;Scheldestraat;'74;';2000;Antwerpen;;'151867,359;'211245,637;';Y;NA;4;12;Unknown;Unknown;;None;;;';;';;Y;;;;'15/01/2019 12:41:18;3;11086060;;LU;1;';';';';';;;;;;;;';;';;Y;;;;'15/01/2019 12:41:18
;;;Zoning;6807323;'20200219142313;W03-C-Antwerpen-West-FH07;6807323;'20200219142313;W03-C-Antwerpen-West-FH07;19084;FTTH-Cu;;';';;;;;;;11377850;'20191021154844;3928369;'1630000;'27332;Scheldestraat;'74;';2000;Antwerpen;;'151867,359;'211245,637;';Y;NA;4;12;Unknown;Unknown;;None;;;';;';;Y;;;;'15/01/2019 12:41:18;4;11086061;;LU;1;';';';';';;;;;;;;';;';;Y;;;;'15/01/2019 12:41:18
;;;Zoning;6807323;'20200219142313;W03-C-Antwerpen-West-FH07;6807323;'20200219142313;W03-C-Antwerpen-West-FH07;19084;FTTH-Cu;;';';;;;;;;726182;'20191021152637;976229;'1630000;'27332;Scheldestraat;'75;';2000;Antwerpen;;'151893,277;'211262,289;';Y;NA;4;12;Unknown;Unknown;;None;;;';;';;Y;;;;'15/01/2019 12:41:18;1;1848784;;LU;1;';';';';';Y;;HOUSE;WONING - MAISON;NA;;;';;';;Y;;;;'15/01/2019 12:41:18
;;;Zoning;6807323;'20200219142313;W03-C-Antwerpen-West-FH07;6807323;'20200219142313;W03-C-Antwerpen-West-FH07;19084;FTTH-Cu;;';';;;;;;;726182;'20191021152637;976229;'1630000;'27332;Scheldestraat;'75;';2000;Antwerpen;;'151893,277;'211262,289;';Y;NA;4;12;Unknown;Unknown;;None;;;';;';;Y;;;;'15/01/2019 12:41:18;2;1848785;;LU;1;';';';';';Y;;HOUSE;WONING - MAISON;NA;;;';;';;Y;;;;'15/01/2019 12:41:18
;;;Zoning;6807323;'20200219142313;W03-C-Antwerpen-West-FH07;6807323;'20200219142313;W03-C-Antwerpen-West-FH07;19084;FTTH-Cu;;';';;;;;;;726182;'20191021152637;976229;'1630000;'27332;Scheldestraat;'75;';2000;Antwerpen;;'151893,277;'211262,289;';Y;NA;4;12;Unknown;Unknown;;None;;;';;';;Y;;;;'15/01/2019 12:41:18;3;1848786;;LU;1;';';';';';Y;;HOUSE;WONING - MAISON;NA;;;';;';;Y;;;;'15/01/2019 12:41:18
;;;Zoning;6807323;'20200219142313;W03-C-Antwerpen-West-FH07;6807323;'20200219142313;W03-C-Antwerpen-West-FH07;19084;FTTH-Cu;;';';;;;;;;726182;'20191021152637;976229;'1630000;'27332;Scheldestraat;'75;';2000;Antwerpen;;'151893,277;'211262,289;';Y;NA;4;12;Unknown;Unknown;;None;;;';;';;Y;;;;'15/01/2019 12:41:18;4;1848787;;LU;1;';';';';';Y;;HOUSE;WONING - MAISON;NA;;;';;';;Y;;;;'15/01/2019 12:41:18
;;;Zoning;6807323;'20200219142313;W03-C-Antwerpen-West-FH07;6807323;'20200219142313;W03-C-Antwerpen-West-FH07;19084;FTTH-Cu;;';';;;;;;;726181;'20191021154959;976228;'1630000;'27332;Scheldestraat;'76;';2000;Antwerpen;;'151872,029;'211243,23;';Y;NA;5;15;Unknown;Unknown;;None;;;';;';;Y;;;;'15/01/2019 12:41:18;1;1849029;;LU;1;';';';';';Y;#A1;APPART;DEEL_APP_GEBOUW - PARTIE_IMMEUBLE_APP;APPART;;;';;';;Y;;;;'15/01/2019 12:41:18
;;;Zoning;6807323;'20200219142313;W03-C-Antwerpen-West-FH07;6807323;'20200219142313;W03-C-Antwerpen-West-FH07;19084;FTTH-Cu;;';';;;;;;;726181;'20191021154959;976228;'1630000;'27332;Scheldestraat;'76;';2000;Antwerpen;;'151872,029;'211243,23;';Y;NA;5;15;Unknown;Unknown;;None;;;';;';;Y;;;;'15/01/2019 12:41:18;2;1849129;;LU;1;';';';';';Y;#A2;APPART;DEEL_APP_GEBOUW - PARTIE_IMMEUBLE_APP;APPART;;;';;';;Y;;;;'15/01/2019 12:41:18
;;;Zoning;6807323;'20200219142313;W03-C-Antwerpen-West-FH07;6807323;'20200219142313;W03-C-Antwerpen-West-FH07;19084;FTTH-Cu;;';';;;;;;;726181;'20191021154959;976228;'1630000;'27332;Scheldestraat;'76;';2000;Antwerpen;;'151872,029;'211243,23;';Y;NA;5;15;Unknown;Unknown;;None;;;';;';;Y;;;;'15/01/2019 12:41:18;3;1849201;;LU;1;';';';';';Y;#A3/A4;APPART;DEEL_APP_GEBOUW - PARTIE_IMMEUBLE_APP;APPART;;;';;';;Y;;;;'15/01/2019 12:41:18
;;;Zoning;6807323;'20200219142313;W03-C-Antwerpen-West-FH07;6807323;'20200219142313;W03-C-Antwerpen-West-FH07;19084;FTTH-Cu;;';';;;;;;;700666;'20191016092531;44496;'1630000;'610;Sint-Andriesplaats;'1;';2000;Antwerpen;;'151894,495;'211695,899;';Y;ORN;5;15;Unknown;Unknown;;None;;;';;';;Y;;;;'15/01/2019 12:41:18;1;1610513;;LU;1;';';';';';Y;#A1/1/GP1;APPART;DEEL_APP_GEBOUW - PARTIE_IMMEUBLE_APP;APPART;;;';;';;Y;;;;'15/01/2019 12:41:18
;;;Zoning;6807323;'20200219142313;W03-C-Antwerpen-West-FH07;6807323;'20200219142313;W03-C-Antwerpen-West-FH07;19084;FTTH-Cu;;';';;;;;;;700666;'20191016092531;44496;'1630000;'610;Sint-Andriesplaats;'1;';2000;Antwerpen;;'151894,495;'211695,899;';Y;ORN;5;15;Unknown;Unknown;;None;;;';;';;Y;;;;'15/01/2019 12:41:18;2;1611141;;LU;1;';';';';';Y;#A2/2/GP2;APPART;DEEL_APP_GEBOUW - PARTIE_IMMEUBLE_APP;APPART;;;';;';;Y;;;;'15/01/2019 12:41:18
;;;Zoning;6807323;'20200219142313;W03-C-Antwerpen-West-FH07;6807323;'20200219142313;W03-C-Antwerpen-West-FH07;19084;FTTH-Cu;;';';;;;;;;700666;'20191016092531;44496;'1630000;'610;Sint-Andriesplaats;'1;';2000;Antwerpen;;'151894,495;'211695,899;';Y;ORN;5;15;Unknown;Unknown;;None;;;';;';;Y;;;;'15/01/2019 12:41:18;3;1611609;;LU;1;';';';';';Y;#A3/3/GP3;APPART;DEEL_APP_GEBOUW - PARTIE_IMMEUBLE_APP;APPART;;;';;';;Y;;;;'15/01/2019 12:41:18
;;;Zoning;6807323;'20200219142313;W03-C-Antwerpen-West-FH07;6807323;'20200219142313;W03-C-Antwerpen-West-FH07;19084;FTTH-Cu;;';';;;;;;;622717;'20190115201309;1735118;'1630000;'610;Sint-Andriesplaats;'2;';2000;Antwerpen;;'151899,879;'211702,998;';Y;NA;4;12;Unknown;Unknown;;None;;;';;';;Y;;;;'15/01/2019 12:41:18;1;1693713;;LU;1;';';';';';Y;;HOUSE;WONING - MAISON;NA;;;';;';;Y;;;;'15/01/2019 12:41:18
;;;Zoning;6807323;'20200219142313;W03-C-Antwerpen-West-FH07;6807323;'20200219142313;W03-C-Antwerpen-West-FH07;19084;FTTH-Cu;;';';;;;;;;622717;'20190115201309;1735118;'1630000;'610;Sint-Andriesplaats;'2;';2000;Antwerpen;;'151899,879;'211702,998;';Y;NA;4;12;Unknown;Unknown;;None;;;';;';;Y;;;;'15/01/2019 12:41:18;2;1693714;;LU;1;';';';';';Y;;HOUSE;WONING - MAISON;NA;;;';;';;Y;;;;'15/01/2019 12:41:18
;;;Zoning;6807323;'20200219142313;W03-C-Antwerpen-West-FH07;6807323;'20200219142313;W03-C-Antwerpen-West-FH07;19084;FTTH-Cu;;';';;;;;;;622717;'20190115201309;1735118;'1630000;'610;Sint-Andriesplaats;'2;';2000;Antwerpen;;'151899,879;'211702,998;';Y;NA;4;12;Unknown;Unknown;;None;;;';;';;Y;;;;'15/01/2019 12:41:18;3;1693715;;LU;1;';';';';';Y;;HOUSE;WONING - MAISON;NA;;;';;';;Y;;;;'15/01/2019 12:41:18
;;;Zoning;6807323;'20200219142313;W03-C-Antwerpen-West-FH07;6807323;'20200219142313;W03-C-Antwerpen-West-FH07;19084;FTTH-Cu;;';';;;;;;;622717;'20190115201309;1735118;'1630000;'610;Sint-Andriesplaats;'2;';2000;Antwerpen;;'151899,879;'211702,998;';Y;NA;4;12;Unknown;Unknown;;None;;;';;';;Y;;;;'15/01/2019 12:41:18;4;1693716;;LU;1;';';';';';Y;;HOUSE;WONING - MAISON;NA;;;';;';;Y;;;;'15/01/2019 12:41:18
;;;Zoning;6807323;'20200219142313;W03-C-Antwerpen-West-FH07;6807323;'20200219142313;W03-C-Antwerpen-West-FH07;19084;FTTH-Cu;11382621;'20191018094753;'Sint-Andriesplaats 3 - 4 - 5;;;;;;;622718;'20191018094454;1735119;'1630000;'610;Sint-Andriesplaats;'3;';2000;Antwerpen;;'151902,308;'211708,621;';Y;NA;5;4;Unknown;Unknown;;None;;;';IFH_BATCH;'12/07/2019 07:41:03;;Y;;;;'12/07/2019 07:28:35;1;1741771;;LU;1;';';';';';Y;;APTBLD;APPARTEMENTSGEBOUW - IMMEUBLE A APPARTEMENTS;NA;;;';;';;Y;;;;'12/07/2019 07:28:35
;;;Zoning;6807323;'20200219142313;W03-C-Antwerpen-West-FH07;6807323;'20200219142313;W03-C-Antwerpen-West-FH07;19084;FTTH-Cu;11382621;'20191018094753;'Sint-Andriesplaats 3 - 4 - 5;;;;;;;622718;'20191018094454;1735119;'1630000;'610;Sint-Andriesplaats;'3;';2000;Antwerpen;;'151902,308;'211708,621;';Y;NA;5;4;Unknown;Unknown;;None;;;';IFH_BATCH;'12/07/2019 07:41:03;;Y;;;;'12/07/2019 07:28:35;2;1741772;;LU;1;';';';';';Y;;APTBLD;APPARTEMENTSGEBOUW - IMMEUBLE A APPARTEMENTS;NA;;;';;';;Y;;;;'12/07/2019 07:28:35
;;;Zoning;6807323;'20200219142313;W03-C-Antwerpen-West-FH07;6807323;'20200219142313;W03-C-Antwerpen-West-FH07;19084;FTTH-Cu;11382621;'20191018094753;'Sint-Andriesplaats 3 - 4 - 5;;;;;;;622718;'20191018094454;1735119;'1630000;'610;Sint-Andriesplaats;'3;';2000;Antwerpen;;'151902,308;'211708,621;';Y;NA;5;4;Unknown;Unknown;;None;;;';IFH_BATCH;'12/07/2019 07:41:03;;Y;;;;'12/07/2019 07:28:35;3;1741773;;LU;1;';';';';';Y;;APTBLD;APPARTEMENTSGEBOUW - IMMEUBLE A APPARTEMENTS;NA;;;';;';;Y;;;;'12/07/2019 07:28:35
;;;Zoning;6807323;'20200219142313;W03-C-Antwerpen-West-FH07;6807323;'20200219142313;W03-C-Antwerpen-West-FH07;19084;FTTH-Cu;11382621;'20191018094753;'Sint-Andriesplaats 3 - 4 - 5;;;;;;;622718;'20191018094454;1735119;'1630000;'610;Sint-Andriesplaats;'3;';2000;Antwerpen;;'151902,308;'211708,621;';Y;NA;5;4;Unknown;Unknown;;None;;;';IFH_BATCH;'12/07/2019 07:41:03;;Y;;;;'12/07/2019 07:28:35;4;1741774;;LU;1;';';';';';Y;;APTBLD;APPARTEMENTSGEBOUW - IMMEUBLE A APPARTEMENTS;NA;;;';;';;Y;;;;'12/07/2019 07:28:35
;;;Zoning;6807323;'20200219142313;W03-C-Antwerpen-West-FH07;6807323;'20200219142313;W03-C-Antwerpen-West-FH07;19084;FTTH-Cu;11382621;'20191018094753;'Sint-Andriesplaats 3 - 4 - 5;;;;;;;622718;'20191018094454;1735119;'1630000;'610;Sint-Andriesplaats;'3;';2000;Antwerpen;;'151902,308;'211708,621;';Y;NA;5;4;Unknown;Unknown;;None;;;';IFH_BATCH;'12/07/2019 07:41:03;;Y;;;;'12/07/2019 07:28:35;5;1741775;;LU;1;';';';';';Y;;APTBLD;APPARTEMENTSGEBOUW - IMMEUBLE A APPARTEMENTS;NA;;;';;';;Y;;;;'12/07/2019 07:28:35
;;;Zoning;6807323;'20200219142313;W03-C-Antwerpen-West-FH07;6807323;'20200219142313;W03-C-Antwerpen-West-FH07;19084;FTTH-Cu;11382621;'20191018094753;'Sint-Andriesplaats 3 - 4 - 5;;;;;;;622718;'20191018094454;1735119;'1630000;'610;Sint-Andriesplaats;'3;';2000;Antwerpen;;'151902,308;'211708,621;';Y;NA;5;4;Unknown;Unknown;;None;;;';IFH_BATCH;'12/07/2019 07:41:03;;Y;;;;'12/07/2019 07:28:35;6;1741776;;LU;1;';';';';';Y;;APTBLD;APPARTEMENTSGEBOUW - IMMEUBLE A APPARTEMENTS;NA;;;';;';;Y;;;;'12/07/2019 07:28:35
;;;Zoning;6807323;'20200219142313;W03-C-Antwerpen-West-FH07;6807323;'20200219142313;W03-C-Antwerpen-West-FH07;19084;FTTH-Cu;11382621;'20191018094753;'Sint-Andriesplaats 3 - 4 - 5;;;;;;;622718;'20191018094454;1735119;'1630000;'610;Sint-Andriesplaats;'3;';2000;Antwerpen;;'151902,308;'211708,621;';Y;NA;5;4;Unknown;Unknown;;None;;;';IFH_BATCH;'12/07/2019 07:41:03;;Y;;;;'12/07/2019 07:28:35;7;1741777;;LU;1;';';';';';Y;;APTBLD;APPARTEMENTSGEBOUW - IMMEUBLE A APPARTEMENTS;NA;;;';;';;Y;;;;'12/07/2019 07:28:35
;;;Zoning;6807323;'20200219142313;W03-C-Antwerpen-West-FH07;6807323;'20200219142313;W03-C-Antwerpen-West-FH07;19084;FTTH-Cu;11382621;'20191018094753;'Sint-Andriesplaats 3 - 4 - 5;;;;;;;622718;'20191018094454;1735119;'1630000;'610;Sint-Andriesplaats;'3;';2000;Antwerpen;;'151902,308;'211708,621;';Y;NA;5;4;Unknown;Unknown;;None;;;';IFH_BATCH;'12/07/2019 07:41:03;;Y;;;;'12/07/2019 07:28:35;8;1741778;;LU;1;';';';';';Y;;APTBLD;APPARTEMENTSGEBOUW - IMMEUBLE A APPARTEMENTS;NA;;;';;';;Y;;;;'12/07/2019 07:28:35
;;;Zoning;6807323;'20200219142313;W03-C-Antwerpen-West-FH07;6807323;'20200219142313;W03-C-Antwerpen-West-FH07;19084;FTTH-Cu;11382621;'20191018094753;'Sint-Andriesplaats 3 - 4 - 5;;;;;;;622718;'20191018094454;1735119;'1630000;'610;Sint-Andriesplaats;'3;';2000;Antwerpen;;'151902,308;'211708,621;';Y;NA;5;4;Unknown;Unknown;;None;;;';IFH_BATCH;'12/07/2019 07:41:03;;Y;;;;'12/07/2019 07:28:35;9;1741779;;BU;1;';';';';';Y;;APTBLD;APPARTEMENTSGEBOUW - IMMEUBLE A APPARTEMENTS;NA;;;';IFH_BATCH;'12/07/2019 08:01:05;;Y;;;;'12/07/2019 07:28:35
;;;Zoning;6807323;'20200219142313;W03-C-Antwerpen-West-FH07;6807323;'20200219142313;W03-C-Antwerpen-West-FH07;19084;FTTH-Cu;11382621;'20191018094753;'Sint-Andriesplaats 3 - 4 - 5;;;;;;;20912460;'20191020010055;3918214;'1630000;'610;Sint-Andriesplaats;'4;';2000;Antwerpen;;'151905,44;'211711,57;';Y;NA;;;Unknown;Fiber;;None;;;';;';;Y;;;;';1;11188757;;LU;1;';';';';';N;;;;;;;';;';;Y;;;;'
;;;Zoning;6807323;'20200219142313;W03-C-Antwerpen-West-FH07;6807323;'20200219142313;W03-C-Antwerpen-West-FH07;19084;FTTH-Cu;11382621;'20191018094753;'Sint-Andriesplaats 3 - 4 - 5;;;;;;;20912519;'20191020010055;44497;'1630000;'610;Sint-Andriesplaats;'5;';2000;Antwerpen;;'151907,283;'211714,662;';Y;NA;;;Unknown;Fiber;;None;;;';;';;Y;;;;';1;11188758;;LU;1;';';';';';N;;;;;;;';;';;Y;;;;'
;;;Zoning;6807323;'20200219142313;W03-C-Antwerpen-West-FH07;6807323;'20200219142313;W03-C-Antwerpen-West-FH07;19084;FTTH-Cu;;';';;;;;;;707013;'20191021095539;4510004;'1630000;'610;Sint-Andriesplaats;'9;';2000;Antwerpen;;'151934,423;'211709,587;';Y;NA;4;12;Unknown;Unknown;;None;;;';;';;Y;;;;'15/01/2019 12:41:18;1;1867683;;LU;1;';';';';';Y;;HOUSE;WONING - MAISON;NA;;;';;';;Y;;;;'15/01/2019 12:41:18
;;;Zoning;6807323;'20200219142313;W03-C-Antwerpen-West-FH07;6807323;'20200219142313;W03-C-Antwerpen-West-FH07;19084;FTTH-Cu;;';';;;;;;;707013;'20191021095539;4510004;'1630000;'610;Sint-Andriesplaats;'9;';2000;Antwerpen;;'151934,423;'211709,587;';Y;NA;4;12;Unknown;Unknown;;None;;;';;';;Y;;;;'15/01/2019 12:41:18;2;11087067;;BU;1;';';';';';;;;;;;;';;';;Y;;;;'15/01/2019 12:41:18
;;;Zoning;6807323;'20200219142313;W03-C-Antwerpen-West-FH07;6807323;'20200219142313;W03-C-Antwerpen-West-FH07;19084;FTTH-Cu;;';';;;;;;;707013;'20191021095539;4510004;'1630000;'610;Sint-Andriesplaats;'9;';2000;Antwerpen;;'151934,423;'211709,587;';Y;NA;4;12;Unknown;Unknown;;None;;;';;';;Y;;;;'15/01/2019 12:41:18;3;11087068;;LU;1;';';';';';;;;;;;;';;';;Y;;;;'15/01/2019 12:41:18
;;;Zoning;6807323;'20200219142313;W03-C-Antwerpen-West-FH07;6807323;'20200219142313;W03-C-Antwerpen-West-FH07;19084;FTTH-Cu;;';';;;;;;;707013;'20191021095539;4510004;'1630000;'610;Sint-Andriesplaats;'9;';2000;Antwerpen;;'151934,423;'211709,587;';Y;NA;4;12;Unknown;Unknown;;None;;;';;';;Y;;;;'15/01/2019 12:41:18;4;11087069;;LU;1;';';';';';;;;;;;;';;';;Y;;;;'15/01/2019 12:41:18
;;;Zoning;6807323;'20200219142313;W03-C-Antwerpen-West-FH07;6807323;'20200219142313;W03-C-Antwerpen-West-FH07;19084;FTTH-Cu;;';';;;;;;;622719;'20190712080934;1735121;'1630000;'610;Sint-Andriesplaats;'10;';2000;Antwerpen;;'151938,889;'211706,116;';Y;NA;5;4;Unknown;Unknown;;None;;;';IFH_BATCH;'12/07/2019 07:41:14;;Y;;;;'12/07/2019 07:28:35;1;1620890;;LU;1;';';';';';Y;;HOUSE;WONING - MAISON;NA;;;';;';;Y;;;;'12/07/2019 07:28:35
;;;Zoning;6807323;'20200219142313;W03-C-Antwerpen-West-FH07;6807323;'20200219142313;W03-C-Antwerpen-West-FH07;19084;FTTH-Cu;;';';;;;;;;622720;'20190712080934;1735122;'1630000;'610;Sint-Andriesplaats;'11;';2000;Antwerpen;;'151942,659;'211704,158;';Y;NA;4;4;Unknown;Unknown;;None;;;';IFH_BATCH;'12/07/2019 07:41:17;;Y;;;;'12/07/2019 07:28:35;1;1630639;;LU;1;';';';';';Y;;HOUSE;WONING - MAISON;NA;;;';;';;Y;;;;'12/07/2019 07:28:35
;;;Zoning;6807323;'20200219142313;W03-C-Antwerpen-West-FH07;6807323;'20200219142313;W03-C-Antwerpen-West-FH07;19084;FTTH-Cu;;';';;;;;;;622721;'20190115201309;1735123;'1630000;'610;Sint-Andriesplaats;'12;';2000;Antwerpen;;'151946,067;'211702,056;';Y;NA;4;13;Unknown;Unknown;;None;;;';;';;Y;;;;'15/01/2019 12:41:18;1;1640114;;LU;1;';';';';';Y;;HOUSE;WONING - MAISON;NA;;;';;';;Y;;;;'15/01/2019 12:41:18
;;;Zoning;6807323;'20200219142313;W03-C-Antwerpen-West-FH07;6807323;'20200219142313;W03-C-Antwerpen-West-FH07;19084;FTTH-Cu;;';';;;;;;;622722;'20190115201309;1735124;'1630000;'610;Sint-Andriesplaats;'13;';2000;Antwerpen;;'151949,547;'211701,548;';Y;NA;4;12;Unknown;Unknown;;None;;;';;';;Y;;;;'15/01/2019 12:41:18;1;1648089;;LU;1;';';';';';Y;;HOUSE;WONING - MAISON;NA;;;';;';;Y;;;;'15/01/2019 12:41:18
;;;Zoning;6807323;'20200219142313;W03-C-Antwerpen-West-FH07;6807323;'20200219142313;W03-C-Antwerpen-West-FH07;19084;FTTH-Cu;;';';;;;;;;622722;'20190115201309;1735124;'1630000;'610;Sint-Andriesplaats;'13;';2000;Antwerpen;;'151949,547;'211701,548;';Y;NA;4;12;Unknown;Unknown;;None;;;';;';;Y;;;;'15/01/2019 12:41:18;2;1648090;;LU;1;';';';';';Y;;HOUSE;WONING - MAISON;NA;;;';;';;Y;;;;'15/01/2019 12:41:18
;;;Zoning;6807323;'20200219142313;W03-C-Antwerpen-West-FH07;6807323;'20200219142313;W03-C-Antwerpen-West-FH07;19084;FTTH-Cu;;';';;;;;;;622722;'20190115201309;1735124;'1630000;'610;Sint-Andriesplaats;'13;';2000;Antwerpen;;'151949,547;'211701,548;';Y;NA;4;12;Unknown;Unknown;;None;;;';;';;Y;;;;'15/01/2019 12:41:18;3;1648091;;LU;1;';';';';';Y;;HOUSE;WONING - MAISON;NA;;;';;';;Y;;;;'15/01/2019 12:41:18
;;;Zoning;6807323;'20200219142313;W03-C-Antwerpen-West-FH07;6807323;'20200219142313;W03-C-Antwerpen-West-FH07;19084;FTTH-Cu;;';';;;;;;;622722;'20190115201309;1735124;'1630000;'610;Sint-Andriesplaats;'13;';2000;Antwerpen;;'151949,547;'211701,548;';Y;NA;4;12;Unknown;Unknown;;None;;;';;';;Y;;;;'15/01/2019 12:41:18;4;11087070;;LU;1;';';';';';;;;;;;;';;';;Y;;;;'15/01/2019 12:41:18
;;;Zoning;6807323;'20200219142313;W03-C-Antwerpen-West-FH07;6807323;'20200219142313;W03-C-Antwerpen-West-FH07;19084;FTTH-Cu;;';';;;;;;;622723;'20190115201309;1735125;'1630000;'610;Sint-Andriesplaats;'14;';2000;Antwerpen;;'151952,665;'211697,633;';Y;NA;4;12;Unknown;Unknown;;None;;;';;';;Y;;;;'15/01/2019 12:41:18;1;1655094;;LU;1;';';';';';Y;;HOUSE;WONING - MAISON;NA;;;';;';;Y;;;;'15/01/2019 12:41:18
;;;Zoning;6807323;'20200219142313;W03-C-Antwerpen-West-FH07;6807323;'20200219142313;W03-C-Antwerpen-West-FH07;19084;FTTH-Cu;;';';;;;;;;622723;'20190115201309;1735125;'1630000;'610;Sint-Andriesplaats;'14;';2000;Antwerpen;;'151952,665;'211697,633;';Y;NA;4;12;Unknown;Unknown;;None;;;';;';;Y;;;;'15/01/2019 12:41:18;2;1655095;;LU;1;';';';';';Y;;HOUSE;WONING - MAISON;NA;;;';;';;Y;;;;'15/01/2019 12:41:18
;;;Zoning;6807323;'20200219142313;W03-C-Antwerpen-West-FH07;6807323;'20200219142313;W03-C-Antwerpen-West-FH07;19084;FTTH-Cu;;';';;;;;;;622723;'20190115201309;1735125;'1630000;'610;Sint-Andriesplaats;'14;';2000;Antwerpen;;'151952,665;'211697,633;';Y;NA;4;12;Unknown;Unknown;;None;;;';;';;Y;;;;'15/01/2019 12:41:18;3;1655096;;LU;1;';';';';';Y;;HOUSE;WONING - MAISON;NA;;;';;';;Y;;;;'15/01/2019 12:41:18
;;;Zoning;6807323;'20200219142313;W03-C-Antwerpen-West-FH07;6807323;'20200219142313;W03-C-Antwerpen-West-FH07;19084;FTTH-Cu;;';';;;;;;;622723;'20190115201309;1735125;'1630000;'610;Sint-Andriesplaats;'14;';2000;Antwerpen;;'151952,665;'211697,633;';Y;NA;4;12;Unknown;Unknown;;None;;;';;';;Y;;;;'15/01/2019 12:41:18;4;1655097;;LU;1;';';';';';Y;;HOUSE;WONING - MAISON;NA;;;';;';;Y;;;;'15/01/2019 12:41:18
;;;Zoning;6807323;'20200219142313;W03-C-Antwerpen-West-FH07;6807323;'20200219142313;W03-C-Antwerpen-West-FH07;19084;FTTH-Cu;;';';;;;;;;690684;'20191021095521;3918215;'1630000;'610;Sint-Andriesplaats;'15;';2000;Antwerpen;;'151956,895;'211695,62;';Y;NA;5;15;Unknown;Unknown;;None;;;';;';;Y;;;;'15/01/2019 12:41:18;1;1662012;;LU;1;';';';';';Y;;APTBLD;APPARTEMENTSGEBOUW - IMMEUBLE A APPARTEMENTS;NA;;;';;';;Y;;;;'15/01/2019 12:41:18
;;;Zoning;6807323;'20200219142313;W03-C-Antwerpen-West-FH07;6807323;'20200219142313;W03-C-Antwerpen-West-FH07;19084;FTTH-Cu;;';';;;;;;;690684;'20191021095521;3918215;'1630000;'610;Sint-Andriesplaats;'15;';2000;Antwerpen;;'151956,895;'211695,62;';Y;NA;5;15;Unknown;Unknown;;None;;;';;';;Y;;;;'15/01/2019 12:41:18;2;1662013;;LU;1;';';';';';Y;;APTBLD;APPARTEMENTSGEBOUW - IMMEUBLE A APPARTEMENTS;NA;;;';;';;Y;;;;'15/01/2019 12:41:18
;;;Zoning;6807323;'20200219142313;W03-C-Antwerpen-West-FH07;6807323;'20200219142313;W03-C-Antwerpen-West-FH07;19084;FTTH-Cu;;';';;;;;;;690684;'20191021095521;3918215;'1630000;'610;Sint-Andriesplaats;'15;';2000;Antwerpen;;'151956,895;'211695,62;';Y;NA;5;15;Unknown;Unknown;;None;;;';;';;Y;;;;'15/01/2019 12:41:18;3;1662014;;LU;1;';';';';';Y;;APTBLD;APPARTEMENTSGEBOUW - IMMEUBLE A APPARTEMENTS;NA;;;';;';;Y;;;;'15/01/2019 12:41:18
;;;Zoning;6807323;'20200219142313;W03-C-Antwerpen-West-FH07;6807323;'20200219142313;W03-C-Antwerpen-West-FH07;19084;FTTH-Cu;;';';;;;;;;690684;'20191021095521;3918215;'1630000;'610;Sint-Andriesplaats;'15;';2000;Antwerpen;;'151956,895;'211695,62;';Y;NA;5;15;Unknown;Unknown;;None;;;';;';;Y;;;;'15/01/2019 12:41:18;4;1662015;;LU;1;';';';';';Y;;APTBLD;APPARTEMENTSGEBOUW - IMMEUBLE A APPARTEMENTS;NA;;;';;';;Y;;;;'15/01/2019 12:41:18
;;;Zoning;6807323;'20200219142313;W03-C-Antwerpen-West-FH07;6807323;'20200219142313;W03-C-Antwerpen-West-FH07;19084;FTTH-Cu;;';';;;;;;;690684;'20191021095521;3918215;'1630000;'610;Sint-Andriesplaats;'15;';2000;Antwerpen;;'151956,895;'211695,62;';Y;NA;5;15;Unknown;Unknown;;None;;;';;';;Y;;;;'15/01/2019 12:41:18;5;1662016;;LU;1;';';';';';Y;;APTBLD;APPARTEMENTSGEBOUW - IMMEUBLE A APPARTEMENTS;NA;;;';;';;Y;;;;'15/01/2019 12:41:18
;;;Zoning;6807323;'20200219142313;W03-C-Antwerpen-West-FH07;6807323;'20200219142313;W03-C-Antwerpen-West-FH07;19084;FTTH-Cu;;';';;;;;;;622724;'20191021095512;1735126;'1630000;'610;Sint-Andriesplaats;'16;';2000;Antwerpen;;'151961,622;'211692,031;';Y;NA;5;15;Unknown;Unknown;;None;;;';;';;Y;;;;'15/01/2019 12:41:18;1;1668504;;LU;1;';';';';';Y;;HOUSE;WONING - MAISON;NA;;;';;';;Y;;;;'15/01/2019 12:41:18
;;;Zoning;6807323;'20200219142313;W03-C-Antwerpen-West-FH07;6807323;'20200219142313;W03-C-Antwerpen-West-FH07;19084;FTTH-Cu;;';';;;;;;;710600;'20191021095447;49163;'1630000;'610;Sint-Andriesplaats;'17;';2000;Antwerpen;;'151964,679;'211690,122;';Y;NA;5;15;Unknown;Unknown;;None;;;';;';;Y;;;;'15/01/2019 12:41:18;1;10362400;;LU;1;';';';';';Y;;APTBLD;APPARTEMENTSGEBOUW - IMMEUBLE A APPARTEMENTS;NA;;;';;';;Y;;;;'15/01/2019 12:41:18
;;;Zoning;6807323;'20200219142313;W03-C-Antwerpen-West-FH07;6807323;'20200219142313;W03-C-Antwerpen-West-FH07;19084;FTTH-Cu;;';';;;;;;;710600;'20191021095447;49163;'1630000;'610;Sint-Andriesplaats;'17;';2000;Antwerpen;;'151964,679;'211690,122;';Y;NA;5;15;Unknown;Unknown;;None;;;';;';;Y;;;;'15/01/2019 12:41:18;2;10362401;;LU;1;';';';';';Y;;APTBLD;APPARTEMENTSGEBOUW - IMMEUBLE A APPARTEMENTS;NA;;;';;';;Y;;;;'15/01/2019 12:41:18
;;;Zoning;6807323;'20200219142313;W03-C-Antwerpen-West-FH07;6807323;'20200219142313;W03-C-Antwerpen-West-FH07;19084;FTTH-Cu;;';';;;;;;;710600;'20191021095447;49163;'1630000;'610;Sint-Andriesplaats;'17;';2000;Antwerpen;;'151964,679;'211690,122;';Y;NA;5;15;Unknown;Unknown;;None;;;';;';;Y;;;;'15/01/2019 12:41:18;3;10362402;;LU;1;';';';';';Y;;APTBLD;APPARTEMENTSGEBOUW - IMMEUBLE A APPARTEMENTS;NA;;;';;';;Y;;;;'15/01/2019 12:41:18
;;;Zoning;6807323;'20200219142313;W03-C-Antwerpen-West-FH07;6807323;'20200219142313;W03-C-Antwerpen-West-FH07;19084;FTTH-Cu;;';';;;;;;;710600;'20191021095447;49163;'1630000;'610;Sint-Andriesplaats;'17;';2000;Antwerpen;;'151964,679;'211690,122;';Y;NA;5;15;Unknown;Unknown;;None;;;';;';;Y;;;;'15/01/2019 12:41:18;4;10362403;;LU;1;';';';';';Y;;APTBLD;APPARTEMENTSGEBOUW - IMMEUBLE A APPARTEMENTS;NA;;;';;';;Y;;;;'15/01/2019 12:41:18
;;;Zoning;6807323;'20200219142313;W03-C-Antwerpen-West-FH07;6807323;'20200219142313;W03-C-Antwerpen-West-FH07;19084;FTTH-Cu;;';';;;;;;;710600;'20191021095447;49163;'1630000;'610;Sint-Andriesplaats;'17;';2000;Antwerpen;;'151964,679;'211690,122;';Y;NA;5;15;Unknown;Unknown;;None;;;';;';;Y;;;;'15/01/2019 12:41:18;5;11087071;;BU;1;';';';';';;;;;;;;';;';;Y;;;;'15/01/2019 12:41:18
;;;Zoning;6807323;'20200219142313;W03-C-Antwerpen-West-FH07;6807323;'20200219142313;W03-C-Antwerpen-West-FH07;19084;FTTH-Cu;;';';;;;;;;710582;'20191021130113;49134;'1630000;'610;Sint-Andriesplaats;'18;';2000;Antwerpen;;'151969,682;'211658,886;';Y;NA;5;15;Unknown;Unknown;;None;;;';;';;Y;;;;'15/01/2019 12:41:18;1;1680085;;LU;1;';';';';';Y;;HOUSE;WONING - MAISON;NA;;;';;';;Y;;;;'15/01/2019 12:41:18
;;;Zoning;6807323;'20200219142313;W03-C-Antwerpen-West-FH07;6807323;'20200219142313;W03-C-Antwerpen-West-FH07;19084;FTTH-Cu;;';';;;;;;;710582;'20191021130113;49134;'1630000;'610;Sint-Andriesplaats;'18;';2000;Antwerpen;;'151969,682;'211658,886;';Y;NA;5;15;Unknown;Unknown;;None;;;';;';;Y;;;;'15/01/2019 12:41:18;2;1680086;;LU;1;';';';';';Y;;HOUSE;WONING - MAISON;NA;;;';;';;Y;;;;'15/01/2019 12:41:18
;;;Zoning;6807323;'20200219142313;W03-C-Antwerpen-West-FH07;6807323;'20200219142313;W03-C-Antwerpen-West-FH07;19084;FTTH-Cu;;';';;;;;;;710582;'20191021130113;49134;'1630000;'610;Sint-Andriesplaats;'18;';2000;Antwerpen;;'151969,682;'211658,886;';Y;NA;5;15;Unknown;Unknown;;None;;;';;';;Y;;;;'15/01/2019 12:41:18;3;1680087;;LU;1;';';';';';Y;;HOUSE;WONING - MAISON;NA;;;';;';;Y;;;;'15/01/2019 12:41:18
;;;Zoning;6807323;'20200219142313;W03-C-Antwerpen-West-FH07;6807323;'20200219142313;W03-C-Antwerpen-West-FH07;19084;FTTH-Cu;;';';;;;;;;710582;'20191021130113;49134;'1630000;'610;Sint-Andriesplaats;'18;';2000;Antwerpen;;'151969,682;'211658,886;';Y;NA;5;15;Unknown;Unknown;;None;;;';;';;Y;;;;'15/01/2019 12:41:18;4;1680088;;LU;1;';';';';';Y;;HOUSE;WONING - MAISON;NA;;;';;';;Y;;;;'15/01/2019 12:41:18
;;;Zoning;6807323;'20200219142313;W03-C-Antwerpen-West-FH07;6807323;'20200219142313;W03-C-Antwerpen-West-FH07;19084;FTTH-Cu;;';';;;;;;;710582;'20191021130113;49134;'1630000;'610;Sint-Andriesplaats;'18;';2000;Antwerpen;;'151969,682;'211658,886;';Y;NA;5;15;Unknown;Unknown;;None;;;';;';;Y;;;;'15/01/2019 12:41:18;5;1680089;;LU;1;';';';';';Y;;HOUSE;WONING - MAISON;NA;;;';;';;Y;;;;'15/01/2019 12:41:18
;;;Zoning;6807323;'20200219142313;W03-C-Antwerpen-West-FH07;6807323;'20200219142313;W03-C-Antwerpen-West-FH07;19084;FTTH-Cu;;';';;;;;;;622725;'20191021130100;1735127;'1630000;'610;Sint-Andriesplaats;'19;';2000;Antwerpen;;'151965,752;'211651,681;';Y;NA;5;15;Unknown;Unknown;;None;;;';;';;Y;;;;'15/01/2019 12:41:18;1;1683422;;LU;1;';';';';';Y;#A1/A-1/K4;APPART;DEEL_APP_GEBOUW - PARTIE_IMMEUBLE_APP;APPART;;;';;';;Y;;;;'15/01/2019 12:41:18
;;;Zoning;6807323;'20200219142313;W03-C-Antwerpen-West-FH07;6807323;'20200219142313;W03-C-Antwerpen-West-FH07;19084;FTTH-Cu;;';';;;;;;;622725;'20191021130100;1735127;'1630000;'610;Sint-Andriesplaats;'19;';2000;Antwerpen;;'151965,752;'211651,681;';Y;NA;5;15;Unknown;Unknown;;None;;;';;';;Y;;;;'15/01/2019 12:41:18;2;1683651;;LU;1;';';';';';Y;#A2/A-2/K1;APPART;DEEL_APP_GEBOUW - PARTIE_IMMEUBLE_APP;APPART;;;';;';;Y;;;;'15/01/2019 12:41:18
;;;Zoning;6807323;'20200219142313;W03-C-Antwerpen-West-FH07;6807323;'20200219142313;W03-C-Antwerpen-West-FH07;19084;FTTH-Cu;;';';;;;;;;622725;'20191021130100;1735127;'1630000;'610;Sint-Andriesplaats;'19;';2000;Antwerpen;;'151965,752;'211651,681;';Y;NA;5;15;Unknown;Unknown;;None;;;';;';;Y;;;;'15/01/2019 12:41:18;3;1683826;;LU;1;';';';';';Y;#A3.4/A-3/K3;APPART;DEEL_APP_GEBOUW - PARTIE_IMMEUBLE_APP;APPART;;;';;';;Y;;;;'15/01/2019 12:41:18
;;;Zoning;6807323;'20200219142313;W03-C-Antwerpen-West-FH07;6807323;'20200219142313;W03-C-Antwerpen-West-FH07;19084;FTTH-Cu;;';';;;;;;;622725;'20191021130100;1735127;'1630000;'610;Sint-Andriesplaats;'19;';2000;Antwerpen;;'151965,752;'211651,681;';Y;NA;5;15;Unknown;Unknown;;None;;;';;';;Y;;;;'15/01/2019 12:41:18;4;1684111;;LU;1;';';';';';Y;#AGV/A-0/K2;APPART;DEEL_APP_GEBOUW - PARTIE_IMMEUBLE_APP;APPART;;;';;';;Y;;;;'15/01/2019 12:41:18
;;;Zoning;6807323;'20200219142313;W03-C-Antwerpen-West-FH07;6807323;'20200219142313;W03-C-Antwerpen-West-FH07;19084;FTTH-Cu;;';';;;;;;;622725;'20191021130100;1735127;'1630000;'610;Sint-Andriesplaats;'19;';2000;Antwerpen;;'151965,752;'211651,681;';Y;NA;5;15;Unknown;Unknown;;None;;;';;';;Y;;;;'15/01/2019 12:41:18;5;11087064;;LU;1;';';';';';;;;;;;;';;';;Y;;;;'15/01/2019 12:41:18
;;;Zoning;6807323;'20200219142313;W03-C-Antwerpen-West-FH07;6807323;'20200219142313;W03-C-Antwerpen-West-FH07;19084;FTTH-Cu;;';';;;;;;;622726;'20191021130100;1735128;'1630000;'610;Sint-Andriesplaats;'20;';2000;Antwerpen;;'151961,718;'211646,061;';Y;NA;4;12;Unknown;Unknown;;None;;;';;';;Y;;;;'15/01/2019 12:41:18;1;1698400;;LU;1;';';';';';Y;;COMM;HANDELSZAAK - COMMERCE;NA;;;';;';;Y;;;;'15/01/2019 12:41:18
;;;Zoning;6807323;'20200219142313;W03-C-Antwerpen-West-FH07;6807323;'20200219142313;W03-C-Antwerpen-West-FH07;19084;FTTH-Cu;;';';;;;;;;622726;'20191021130100;1735128;'1630000;'610;Sint-Andriesplaats;'20;';2000;Antwerpen;;'151961,718;'211646,061;';Y;NA;4;12;Unknown;Unknown;;None;;;';;';;Y;;;;'15/01/2019 12:41:18;2;11087065;;LU;1;';';';';';;;;;;;;';;';;Y;;;;'15/01/2019 12:41:18
;;;Zoning;6807323;'20200219142313;W03-C-Antwerpen-West-FH07;6807323;'20200219142313;W03-C-Antwerpen-West-FH07;19084;FTTH-Cu;;';';;;;;;;622726;'20191021130100;1735128;'1630000;'610;Sint-Andriesplaats;'20;';2000;Antwerpen;;'151961,718;'211646,061;';Y;NA;4;12;Unknown;Unknown;;None;;;';;';;Y;;;;'15/01/2019 12:41:18;3;11087066;;LU;1;';';';';';;;;;;;;';;';;Y;;;;'15/01/2019 12:41:18
;;;Zoning;6807323;'20200219142313;W03-C-Antwerpen-West-FH07;6807323;'20200219142313;W03-C-Antwerpen-West-FH07;19084;FTTH-Cu;;';';;;;;;;707011;'20191021130040;4509987;'1630000;'610;Sint-Andriesplaats;'21;';2000;Antwerpen;;'151959,054;'211638,984;';Y;NA;4;12;Unknown;Unknown;;None;;;';;';;Y;;;;'15/01/2019 12:41:18;1;1703884;;LU;1;';';';';';Y;;COMM;HANDELSZAAK - COMMERCE;NA;;;';;';;Y;;;;'15/01/2019 12:41:18
;;;Zoning;6807323;'20200219142313;W03-C-Antwerpen-West-FH07;6807323;'20200219142313;W03-C-Antwerpen-West-FH07;19084;FTTH-Cu;;';';;;;;;;710583;'20191021135359;49135;'1630000;'610;Sint-Andriesplaats;'22;';2000;Antwerpen;;'151922,73;'211637,415;';N;MON;3;0;Unknown;Unknown;;None;;;';IFH_BATCH;'12/07/2019 07:41:06;;Y;;;;'12/07/2019 07:28:35;1;1708465;;BU;1;';';';';';Y;;CULT;CULTUREEL GEBOUW - BATIMENT CULTURELLE;NA;;;';;';;Y;;;;'12/07/2019 07:28:35
;;;Zoning;6807323;'20200219142313;W03-C-Antwerpen-West-FH07;6807323;'20200219142313;W03-C-Antwerpen-West-FH07;19084;FTTH-Cu;;';';;;;;;;709630;'20191021135351;4519685;'1630000;'610;Sint-Andriesplaats;'23;';2000;Antwerpen;;'151910,31;'211645,117;';N;ORN;2;0;Unknown;Unknown;;None;;;';IFH_BATCH;'12/07/2019 07:41:08;;Y;;;;'12/07/2019 07:28:35;1;1713038;;BU;1;';';';';';Y;;OFFICE;KANTOORGEBOUW - BATIMENT DE BUREAU;NA;;;';;';;Y;;;;'12/07/2019 07:28:35
;;;Zoning;6807323;'20200219142313;W03-C-Antwerpen-West-FH07;6807323;'20200219142313;W03-C-Antwerpen-West-FH07;19084;FTTH-Cu;;';';;;;;;;11377549;'20191016092955;972798;'1630000;'610;Sint-Andriesplaats;'25;';2000;Antwerpen;;'151883,637;'211675,488;';N;IRREG;3;12;Unknown;Unknown;;None;;;';;';;Y;;;;'15/01/2019 12:41:18;1;11085880;;BU;1;';';';';';;;;;;;;';;';;Y;;;;'15/01/2019 12:41:18
;;;Zoning;6807323;'20200219142313;W03-C-Antwerpen-West-FH07;6807323;'20200219142313;W03-C-Antwerpen-West-FH07;19084;FTTH-Cu;;';';;;;;;;710484;'20190712080942;48923;'1630000;'612;Sint-Andriesstraat;'1;';2000;Antwerpen;;'151972,388;'211839,606;';N;ORN;2;0;Unknown;Unknown;;None;;;';IFH_BATCH;'12/07/2019 07:41:19;;Y;;;;'12/07/2019 07:28:35;1;1615187;;LU;1;';';';';';Y;;HOUSE;WONING - MAISON;NA;;;';;';;Y;;;;'12/07/2019 07:28:35
;;;Zoning;6807323;'20200219142313;W03-C-Antwerpen-West-FH07;6807323;'20200219142313;W03-C-Antwerpen-West-FH07;19084;FTTH-Cu;;';';;;;;;;622727;'20191021155547;1735129;'1630000;'612;Sint-Andriesstraat;'2;';2000;Antwerpen;;'151990,037;'211808,55;';N;ORN;6;18;Unknown;Unknown;;None;;;';;';;Y;;;;'15/01/2019 12:41:18;1;1691514;;BU;1;';';';';';Y;#DEEL 930F;EDUC;ONDERWIJSGEBOUW - BATIMENT D' ENSEIGNEMENT;NA;;;';;';;Y;;;;'15/01/2019 12:41:18
;;;Zoning;6807323;'20200219142313;W03-C-Antwerpen-West-FH07;6807323;'20200219142313;W03-C-Antwerpen-West-FH07;19084;FTTH-Cu;;';';;;;;;;710587;'20191018155750;49144;'1630000;'612;Sint-Andriesstraat;'7;';2000;Antwerpen;;'152077,031;'211795,277;';N;MON;2;0;Unknown;Unknown;;None;;;';IFH_BATCH;'12/07/2019 07:41:22;;Y;;;;'12/07/2019 07:28:35;1;1841807;;LU;1;';';';';';Y;;CARE;ZORGINSTELLING - ETABLISSEMENT DE BIENFAISANCE;NA;;;';;';;Y;;;;'12/07/2019 07:28:35
;;;Zoning;6807323;'20200219142313;W03-C-Antwerpen-West-FH07;6807323;'20200219142313;W03-C-Antwerpen-West-FH07;19084;FTTH-Cu;;';';;;;;;;710587;'20191018155750;49144;'1630000;'612;Sint-Andriesstraat;'7;';2000;Antwerpen;;'152077,031;'211795,277;';N;MON;2;0;Unknown;Unknown;;None;;;';IFH_BATCH;'12/07/2019 07:41:22;;Y;;;;'12/07/2019 07:28:35;2;1841808;;LU;1;';';';';';Y;;CULT;CULTUREEL GEBOUW - BATIMENT CULTURELLE;NA;;;';;';;Y;;;;'12/07/2019 07:28:35
;;;Zoning;6807323;'20200219142313;W03-C-Antwerpen-West-FH07;6807323;'20200219142313;W03-C-Antwerpen-West-FH07;19084;FTTH-Cu;11382568;'20200207153650;'Nationalestraat 56 - 58 - 60;;;;;;;622728;'20200207153621;1735131;'1630000;'612;Sint-Andriesstraat;'19;';2000;Antwerpen;;'152089,904;'211789,015;';N;ORN;6;18;Unknown;Unknown;;None;;;';;';;Y;;;;'15/01/2019 12:41:18;1;1683267;;LU;1;';';';';';Y;#A.GV/B/S27;APPART;DEEL_APP_GEBOUW - PARTIE_IMMEUBLE_APP;APPART;;;';;';;Y;;;;'15/01/2019 12:41:18
;;;Zoning;6807323;'20200219142313;W03-C-Antwerpen-West-FH07;6807323;'20200219142313;W03-C-Antwerpen-West-FH07;19084;FTTH-Cu;11382568;'20200207153650;'Nationalestraat 56 - 58 - 60;;;;;;;622728;'20200207153621;1735131;'1630000;'612;Sint-Andriesstraat;'19;';2000;Antwerpen;;'152089,904;'211789,015;';N;ORN;6;18;Unknown;Unknown;;None;;;';;';;Y;;;;'15/01/2019 12:41:18;2;1683430;;LU;1;';';';';';Y;#A1/A/S.33;APPART;DEEL_APP_GEBOUW - PARTIE_IMMEUBLE_APP;APPART;;;';;';;Y;;;;'15/01/2019 12:41:18
;;;Zoning;6807323;'20200219142313;W03-C-Antwerpen-West-FH07;6807323;'20200219142313;W03-C-Antwerpen-West-FH07;19084;FTTH-Cu;11382568;'20200207153650;'Nationalestraat 56 - 58 - 60;;;;;;;622728;'20200207153621;1735131;'1630000;'612;Sint-Andriesstraat;'19;';2000;Antwerpen;;'152089,904;'211789,015;';N;ORN;6;18;Unknown;Unknown;;None;;;';;';;Y;;;;'15/01/2019 12:41:18;3;1683454;;LU;1;';';';';';Y;#A1/B/B7;APPART;DEEL_APP_GEBOUW - PARTIE_IMMEUBLE_APP;APPART;;;';;';;Y;;;;'15/01/2019 12:41:18
;;;Zoning;6807323;'20200219142313;W03-C-Antwerpen-West-FH07;6807323;'20200219142313;W03-C-Antwerpen-West-FH07;19084;FTTH-Cu;11382568;'20200207153650;'Nationalestraat 56 - 58 - 60;;;;;;;622728;'20200207153621;1735131;'1630000;'612;Sint-Andriesstraat;'19;';2000;Antwerpen;;'152089,904;'211789,015;';N;ORN;6;18;Unknown;Unknown;;None;;;';;';;Y;;;;'15/01/2019 12:41:18;4;1683659;;LU;1;';';';';';Y;#A2/A/S.30;APPART;DEEL_APP_GEBOUW - PARTIE_IMMEUBLE_APP;APPART;;;';;';;Y;;;;'15/01/2019 12:41:18
;;;Zoning;6807323;'20200219142313;W03-C-Antwerpen-West-FH07;6807323;'20200219142313;W03-C-Antwerpen-West-FH07;19084;FTTH-Cu;11382568;'20200207153650;'Nationalestraat 56 - 58 - 60;;;;;;;622728;'20200207153621;1735131;'1630000;'612;Sint-Andriesstraat;'19;';2000;Antwerpen;;'152089,904;'211789,015;';N;ORN;6;18;Unknown;Unknown;;None;;;';;';;Y;;;;'15/01/2019 12:41:18;5;1683682;;LU;1;';';';';';Y;#A2/B/;APPART;DEEL_APP_GEBOUW - PARTIE_IMMEUBLE_APP;APPART;;;';;';;Y;;;;'15/01/2019 12:41:18
;;;Zoning;6807323;'20200219142313;W03-C-Antwerpen-West-FH07;6807323;'20200219142313;W03-C-Antwerpen-West-FH07;19084;FTTH-Cu;11382568;'20200207153650;'Nationalestraat 56 - 58 - 60;;;;;;;622728;'20200207153621;1735131;'1630000;'612;Sint-Andriesstraat;'19;';2000;Antwerpen;;'152089,904;'211789,015;';N;ORN;6;18;Unknown;Unknown;;None;;;';;';;Y;;;;'15/01/2019 12:41:18;6;1683877;;LU;1;';';';';';Y;#A3/B/S.28.29;APPART;DEEL_APP_GEBOUW - PARTIE_IMMEUBLE_APP;APPART;;;';;';;Y;;;;'15/01/2019 12:41:18
;;;Zoning;6807323;'20200219142313;W03-C-Antwerpen-West-FH07;6807323;'20200219142313;W03-C-Antwerpen-West-FH07;19084;FTTH-Cu;11382568;'20200207153650;'Nationalestraat 56 - 58 - 60;;;;;;;622728;'20200207153621;1735131;'1630000;'612;Sint-Andriesstraat;'19;';2000;Antwerpen;;'152089,904;'211789,015;';N;ORN;6;18;Unknown;Unknown;;None;;;';;';;Y;;;;'15/01/2019 12:41:18;7;1683967;;LU;1;';';';';';Y;#A4/B/S.34;APPART;DEEL_APP_GEBOUW - PARTIE_IMMEUBLE_APP;APPART;;;';;';;Y;;;;'15/01/2019 12:41:18
;;;Zoning;6807323;'20200219142313;W03-C-Antwerpen-West-FH07;6807323;'20200219142313;W03-C-Antwerpen-West-FH07;19084;FTTH-Cu;;';';;;;;;;622729;'20191018160319;1735132;'1630000;'612;Sint-Andriesstraat;'24;';2000;Antwerpen;;'152052,318;'211781,664;';Y;ORN;4;0;Unknown;Unknown;;None;;;';IFH_BATCH;'12/07/2019 07:41:24;;Y;;;;'12/07/2019 07:28:35;1;1717315;;LU;1;';';';';';Y;;HOUSE;WONING - MAISON;NA;;;';;';;Y;;;;'12/07/2019 07:28:35
;;;Zoning;6807323;'20200219142313;W03-C-Antwerpen-West-FH07;6807323;'20200219142313;W03-C-Antwerpen-West-FH07;19084;FTTH-Cu;;';';;;;;;;693005;'20191018160319;4064208;'1630000;'612;Sint-Andriesstraat;'26;';2000;Antwerpen;;'152057,206;'211779,391;';Y;NA;3;4;Unknown;Unknown;;None;;;';IFH_BATCH;'12/07/2019 07:41:27;;Y;;;;'12/07/2019 07:28:35;1;1725186;;BU;1;';';';';';Y;;HOUSE;WONING - MAISON;NA;;;';;';;Y;;;;'12/07/2019 07:28:35
;;;Zoning;6807323;'20200219142313;W03-C-Antwerpen-West-FH07;6807323;'20200219142313;W03-C-Antwerpen-West-FH07;19084;FTTH-Cu;;';';;;;;;;694520;'20191018160319;4166456;'1630000;'612;Sint-Andriesstraat;'28;';2000;Antwerpen;;'152060,628;'211776,425;';Y;NA;4;12;Unknown;Unknown;;None;;;';;';;Y;;;;'15/01/2019 12:41:18;1;1732613;;LU;1;';';';';';Y;;HOUSE;WONING - MAISON;NA;;;';;';;Y;;;;'15/01/2019 12:41:18
;;;Zoning;6807323;'20200219142313;W03-C-Antwerpen-West-FH07;6807323;'20200219142313;W03-C-Antwerpen-West-FH07;19084;FTTH-Cu;;';';;;;;;;694520;'20191018160319;4166456;'1630000;'612;Sint-Andriesstraat;'28;';2000;Antwerpen;;'152060,628;'211776,425;';Y;NA;4;12;Unknown;Unknown;;None;;;';;';;Y;;;;'15/01/2019 12:41:18;2;1732614;;LU;1;';';';';';Y;;HOUSE;WONING - MAISON;NA;;;';;';;Y;;;;'15/01/2019 12:41:18
;;;Zoning;6807323;'20200219142313;W03-C-Antwerpen-West-FH07;6807323;'20200219142313;W03-C-Antwerpen-West-FH07;19084;FTTH-Cu;;';';;;;;;;694520;'20191018160319;4166456;'1630000;'612;Sint-Andriesstraat;'28;';2000;Antwerpen;;'152060,628;'211776,425;';Y;NA;4;12;Unknown;Unknown;;None;;;';;';;Y;;;;'15/01/2019 12:41:18;3;1732615;;LU;1;';';';';';Y;;HOUSE;WONING - MAISON;NA;;;';;';;Y;;;;'15/01/2019 12:41:18
;;;Zoning;6807323;'20200219142313;W03-C-Antwerpen-West-FH07;6807323;'20200219142313;W03-C-Antwerpen-West-FH07;19084;FTTH-Cu;;';';;;;;;;622730;'20191018160330;1735133;'1630000;'612;Sint-Andriesstraat;'30;';2000;Antwerpen;;'152066,26;'211775,308;';Y;NA;4;12;Unknown;Unknown;;None;;;';;';;Y;;;;'15/01/2019 12:41:18;1;1744908;;LU;1;';';';';';Y;;HOUSE;WONING - MAISON;NA;;;';;';;Y;;;;'15/01/2019 12:41:18
;;;Zoning;6807323;'20200219142313;W03-C-Antwerpen-West-FH07;6807323;'20200219142313;W03-C-Antwerpen-West-FH07;19084;FTTH-Cu;;';';;;;;;;696370;'20191018160330;4247899;'1630000;'612;Sint-Andriesstraat;'32;';2000;Antwerpen;;'152071,008;'211772,317;';Y;NA;3;4;Unknown;Unknown;;None;;;';IFH_BATCH;'12/07/2019 07:41:30;;Y;;;;'12/07/2019 07:28:35;1;1751753;;LU;1;';';';';';Y;;HOUSE;WONING - MAISON;NA;;;';;';;Y;;;;'12/07/2019 07:28:35
;;;Zoning;6807323;'20200219142313;W03-C-Antwerpen-West-FH07;6807323;'20200219142313;W03-C-Antwerpen-West-FH07;19084;FTTH-Cu;11382506;'20191018162244;'Sint-Andriesstraat 38 - 34;;;;;;;622731;'20191018160342;1735134;'1630000;'612;Sint-Andriesstraat;'34;';2000;Antwerpen;;'152076,338;'211769,27;';Y;NA;5;15;Unknown;Unknown;;None;;;';;';;Y;;;;'15/01/2019 12:41:18;1;1757791;;LU;1;';';';';';Y;;APTBLD;APPARTEMENTSGEBOUW - IMMEUBLE A APPARTEMENTS;NA;;;';;';;Y;;;;'15/01/2019 12:41:18
;;;Zoning;6807323;'20200219142313;W03-C-Antwerpen-West-FH07;6807323;'20200219142313;W03-C-Antwerpen-West-FH07;19084;FTTH-Cu;11382506;'20191018162244;'Sint-Andriesstraat 38 - 34;;;;;;;622731;'20191018160342;1735134;'1630000;'612;Sint-Andriesstraat;'34;';2000;Antwerpen;;'152076,338;'211769,27;';Y;NA;5;15;Unknown;Unknown;;None;;;';;';;Y;;;;'15/01/2019 12:41:18;2;1757792;;LU;1;';';';';';Y;;APTBLD;APPARTEMENTSGEBOUW - IMMEUBLE A APPARTEMENTS;NA;;;';;';;Y;;;;'15/01/2019 12:41:18
;;;Zoning;6807323;'20200219142313;W03-C-Antwerpen-West-FH07;6807323;'20200219142313;W03-C-Antwerpen-West-FH07;19084;FTTH-Cu;11382506;'20191018162244;'Sint-Andriesstraat 38 - 34;;;;;;;622731;'20191018160342;1735134;'1630000;'612;Sint-Andriesstraat;'34;';2000;Antwerpen;;'152076,338;'211769,27;';Y;NA;5;15;Unknown;Unknown;;None;;;';;';;Y;;;;'15/01/2019 12:41:18;3;1757793;;LU;1;';';';';';Y;;APTBLD;APPARTEMENTSGEBOUW - IMMEUBLE A APPARTEMENTS;NA;;;';;';;Y;;;;'15/01/2019 12:41:18
;;;Zoning;6807323;'20200219142313;W03-C-Antwerpen-West-FH07;6807323;'20200219142313;W03-C-Antwerpen-West-FH07;19084;FTTH-Cu;11382506;'20191018162244;'Sint-Andriesstraat 38 - 34;;;;;;;622731;'20191018160342;1735134;'1630000;'612;Sint-Andriesstraat;'34;';2000;Antwerpen;;'152076,338;'211769,27;';Y;NA;5;15;Unknown;Unknown;;None;;;';;';;Y;;;;'15/01/2019 12:41:18;4;1757794;;LU;1;';';';';';Y;;APTBLD;APPARTEMENTSGEBOUW - IMMEUBLE A APPARTEMENTS;NA;;;';;';;Y;;;;'15/01/2019 12:41:18
;;;Zoning;6807323;'20200219142313;W03-C-Antwerpen-West-FH07;6807323;'20200219142313;W03-C-Antwerpen-West-FH07;19084;FTTH-Cu;11382506;'20191018162244;'Sint-Andriesstraat 38 - 34;;;;;;;20928509;'20191021111844;1735135;'1630000;'612;Sint-Andriesstraat;'38;';2000;Antwerpen;;'152082,977;'211766,357;';Y;NA;;;Unknown;Unknown;;None;;;';;';;Y;;;;';1;11188919;;LU;1;';';';';';N;;;;;;;';;';;Y;;;;'
;;;Zoning;6807323;'20200219142313;W03-C-Antwerpen-West-FH07;6807323;'20200219142313;W03-C-Antwerpen-West-FH07;19084;FTTH-Cu;;';';;;;;;;707008;'20191018161039;4509972;'1630000;'612;Sint-Andriesstraat;'40;';2000;Antwerpen;;'152089,144;'211764,358;';Y;NA;3;9;Unknown;Unknown;;None;;;';;';;Y;;;;'15/01/2019 12:41:18;1;1778508;;LU;1;';';';';';Y;;HOUSE;WONING - MAISON;NA;;;';;';;Y;;;;'15/01/2019 12:41:18
;;;Zoning;6807323;'20200219142313;W03-C-Antwerpen-West-FH07;6807323;'20200219142313;W03-C-Antwerpen-West-FH07;19084;FTTH-Cu;;';';;;;;;;710483;'20191018161039;48920;'1630000;'612;Sint-Andriesstraat;'42;';2000;Antwerpen;;'152092,159;'211762,855;';Y;NA;4;12;Unknown;Unknown;;None;;;';;';;Y;;;;'15/01/2019 12:41:18;1;1783339;;LU;1;';';';';';Y;;HOUSE;WONING - MAISON;NA;;;';;';;Y;;;;'15/01/2019 12:41:18
;;;Zoning;6807323;'20200219142313;W03-C-Antwerpen-West-FH07;6807323;'20200219142313;W03-C-Antwerpen-West-FH07;19084;FTTH-Cu;;';';;;;;;;710483;'20191018161039;48920;'1630000;'612;Sint-Andriesstraat;'42;';2000;Antwerpen;;'152092,159;'211762,855;';Y;NA;4;12;Unknown;Unknown;;None;;;';;';;Y;;;;'15/01/2019 12:41:18;2;1783340;;LU;1;';';';';';Y;;HOUSE;WONING - MAISON;NA;;;';;';;Y;;;;'15/01/2019 12:41:18
;;;Zoning;6807323;'20200219142313;W03-C-Antwerpen-West-FH07;6807323;'20200219142313;W03-C-Antwerpen-West-FH07;19084;FTTH-Cu;;';';;;;;;;710483;'20191018161039;48920;'1630000;'612;Sint-Andriesstraat;'42;';2000;Antwerpen;;'152092,159;'211762,855;';Y;NA;4;12;Unknown;Unknown;;None;;;';;';;Y;;;;'15/01/2019 12:41:18;3;1783341;;LU;1;';';';';';Y;;HOUSE;WONING - MAISON;NA;;;';;';;Y;;;;'15/01/2019 12:41:18
;;;Zoning;6807323;'20200219142313;W03-C-Antwerpen-West-FH07;6807323;'20200219142313;W03-C-Antwerpen-West-FH07;19084;FTTH-Cu;;';';;;;;;;710483;'20191018161039;48920;'1630000;'612;Sint-Andriesstraat;'42;';2000;Antwerpen;;'152092,159;'211762,855;';Y;NA;4;12;Unknown;Unknown;;None;;;';;';;Y;;;;'15/01/2019 12:41:18;4;1783342;;LU;1;';';';';';Y;;HOUSE;WONING - MAISON;NA;;;';;';;Y;;;;'15/01/2019 12:41:18
;;;Zoning;6807323;'20200219142313;W03-C-Antwerpen-West-FH07;6807323;'20200219142313;W03-C-Antwerpen-West-FH07;19084;FTTH-Cu;11382527;'20191018161131;'Nationalestraat 64 - Sint-Andriesstraat 44;;;;;;;11377824;'20191018161110;61010;'1630000;'612;Sint-Andriesstraat;'44;';2000;Antwerpen;;'152097,408;'211761,737;';Y;NA;5;15;Unknown;Unknown;;None;;;';;';;Y;;;;'15/01/2019 12:41:18;1;11086033;;LU;1;';';';';';;;;;;;;';;';;Y;;;;'15/01/2019 12:41:18
;;;Zoning;6807323;'20200219142313;W03-C-Antwerpen-West-FH07;6807323;'20200219142313;W03-C-Antwerpen-West-FH07;19084;FTTH-Cu;11382527;'20191018161131;'Nationalestraat 64 - Sint-Andriesstraat 44;;;;;;;11377824;'20191018161110;61010;'1630000;'612;Sint-Andriesstraat;'44;';2000;Antwerpen;;'152097,408;'211761,737;';Y;NA;5;15;Unknown;Unknown;;None;;;';;';;Y;;;;'15/01/2019 12:41:18;2;11086035;;LU;1;';';';';';;;;;;;;';;';;Y;;;;'15/01/2019 12:41:18
;;;Zoning;6807323;'20200219142313;W03-C-Antwerpen-West-FH07;6807323;'20200219142313;W03-C-Antwerpen-West-FH07;19084;FTTH-Cu;11382527;'20191018161131;'Nationalestraat 64 - Sint-Andriesstraat 44;;;;;;;11377824;'20191018161110;61010;'1630000;'612;Sint-Andriesstraat;'44;';2000;Antwerpen;;'152097,408;'211761,737;';Y;NA;5;15;Unknown;Unknown;;None;;;';;';;Y;;;;'15/01/2019 12:41:18;3;11086036;;LU;1;';';';';';;;;;;;;';;';;Y;;;;'15/01/2019 12:41:18
;;;Zoning;6807323;'20200219142313;W03-C-Antwerpen-West-FH07;6807323;'20200219142313;W03-C-Antwerpen-West-FH07;19084;FTTH-Cu;11382527;'20191018161131;'Nationalestraat 64 - Sint-Andriesstraat 44;;;;;;;11377824;'20191018161110;61010;'1630000;'612;Sint-Andriesstraat;'44;';2000;Antwerpen;;'152097,408;'211761,737;';Y;NA;5;15;Unknown;Unknown;;None;;;';;';;Y;;;;'15/01/2019 12:41:18;4;11086037;;LU;1;';';';';';;;;;;;;';;';;Y;;;;'15/01/2019 12:41:18
;;;Zoning;6807323;'20200219142313;W03-C-Antwerpen-West-FH07;6807323;'20200219142313;W03-C-Antwerpen-West-FH07;19084;FTTH-Cu;;';';;;;;;;710602;'20190712080942;49165;'1630000;'29477;Steenbergstraat;'1;';2000;Antwerpen;;'151991,239;'211687,122;';Y;NA;1;4;Unknown;Unknown;;None;;;';IFH_BATCH;'12/07/2019 07:38:16;;Y;;;;'12/07/2019 07:28:35;1;1615248;;LU;1;';';';';';Y;;COMM;HANDELSZAAK - COMMERCE;NA;;;';;';;Y;;;;'12/07/2019 07:28:35
;;;Zoning;6807323;'20200219142313;W03-C-Antwerpen-West-FH07;6807323;'20200219142313;W03-C-Antwerpen-West-FH07;19084;FTTH-Cu;;';';;;;;;;710604;'20191021115720;49167;'1630000;'29477;Steenbergstraat;'2;';2000;Antwerpen;;'151975,341;'211665,262;';Y;NA;5;18;Unknown;Unknown;;None;;;';;';;Y;;;;'15/01/2019 12:41:18;1;1693695;;BU;1;';';';';';Y;;HOUSE;WONING - MAISON;NA;;;';;';;Y;;;;'15/01/2019 12:41:18
;;;Zoning;6807323;'20200219142313;W03-C-Antwerpen-West-FH07;6807323;'20200219142313;W03-C-Antwerpen-West-FH07;19084;FTTH-Cu;;';';;;;;;;677274;'20191021115728;2054371;'1630000;'29477;Steenbergstraat;'4;';2000;Antwerpen;;'151979,921;'211660,823;';Y;NA;5;18;Unknown;Unknown;;None;;;';;';;Y;;;;'15/01/2019 12:41:18;1;1775864;;LU;1;';';';';';Y;;HOUSE;WONING - MAISON;NA;;;';;';;Y;;;;'15/01/2019 12:41:18
;;;Zoning;6807323;'20200219142313;W03-C-Antwerpen-West-FH07;6807323;'20200219142313;W03-C-Antwerpen-West-FH07;19084;FTTH-Cu;;';';;;;;;;677274;'20191021115728;2054371;'1630000;'29477;Steenbergstraat;'4;';2000;Antwerpen;;'151979,921;'211660,823;';Y;NA;5;18;Unknown;Unknown;;None;;;';;';;Y;;;;'15/01/2019 12:41:18;2;1775865;;LU;1;';';';';';Y;;HOUSE;WONING - MAISON;NA;;;';;';;Y;;;;'15/01/2019 12:41:18
;;;Zoning;6807323;'20200219142313;W03-C-Antwerpen-West-FH07;6807323;'20200219142313;W03-C-Antwerpen-West-FH07;19084;FTTH-Cu;;';';;;;;;;677274;'20191021115728;2054371;'1630000;'29477;Steenbergstraat;'4;';2000;Antwerpen;;'151979,921;'211660,823;';Y;NA;5;18;Unknown;Unknown;;None;;;';;';;Y;;;;'15/01/2019 12:41:18;3;1775866;;LU;1;';';';';';Y;;HOUSE;WONING - MAISON;NA;;;';;';;Y;;;;'15/01/2019 12:41:18
;;;Zoning;6807323;'20200219142313;W03-C-Antwerpen-West-FH07;6807323;'20200219142313;W03-C-Antwerpen-West-FH07;19084;FTTH-Cu;;';';;;;;;;677274;'20191021115728;2054371;'1630000;'29477;Steenbergstraat;'4;';2000;Antwerpen;;'151979,921;'211660,823;';Y;NA;5;18;Unknown;Unknown;;None;;;';;';;Y;;;;'15/01/2019 12:41:18;4;1775867;;LU;1;';';';';';Y;;HOUSE;WONING - MAISON;NA;;;';;';;Y;;;;'15/01/2019 12:41:18
;;;Zoning;6807323;'20200219142313;W03-C-Antwerpen-West-FH07;6807323;'20200219142313;W03-C-Antwerpen-West-FH07;19084;FTTH-Cu;;';';;;;;;;677274;'20191021115728;2054371;'1630000;'29477;Steenbergstraat;'4;';2000;Antwerpen;;'151979,921;'211660,823;';Y;NA;5;18;Unknown;Unknown;;None;;;';;';;Y;;;;'15/01/2019 12:41:18;5;1775868;;LU;1;';';';';';Y;;HOUSE;WONING - MAISON;NA;;;';;';;Y;;;;'15/01/2019 12:41:18
;;;Zoning;6807323;'20200219142313;W03-C-Antwerpen-West-FH07;6807323;'20200219142313;W03-C-Antwerpen-West-FH07;19084;FTTH-Cu;;';';;;;;;;677274;'20191021115728;2054371;'1630000;'29477;Steenbergstraat;'4;';2000;Antwerpen;;'151979,921;'211660,823;';Y;NA;5;18;Unknown;Unknown;;None;;;';;';;Y;;;;'15/01/2019 12:41:18;6;1775869;;LU;1;';';';';';Y;;HOUSE;WONING - MAISON;NA;;;';;';;Y;;;;'15/01/2019 12:41:18
;;;Zoning;6807323;'20200219142313;W03-C-Antwerpen-West-FH07;6807323;'20200219142313;W03-C-Antwerpen-West-FH07;19084;FTTH-Cu;;';';;;;;;;677274;'20191021115728;2054371;'1630000;'29477;Steenbergstraat;'4;';2000;Antwerpen;;'151979,921;'211660,823;';Y;NA;5;18;Unknown;Unknown;;None;;;';;';;Y;;;;'15/01/2019 12:41:18;7;11086906;;LU;1;';';';';';;;;;;;;';;';;Y;;;;'15/01/2019 12:41:18
;;;Zoning;6807323;'20200219142313;W03-C-Antwerpen-West-FH07;6807323;'20200219142313;W03-C-Antwerpen-West-FH07;19084;FTTH-Cu;;';';;;;;;;677274;'20191021115728;2054371;'1630000;'29477;Steenbergstraat;'4;';2000;Antwerpen;;'151979,921;'211660,823;';Y;NA;5;18;Unknown;Unknown;;None;;;';;';;Y;;;;'15/01/2019 12:41:18;8;11086907;;LU;1;';';';';';;;;;;;;';;';;Y;;;;'15/01/2019 12:41:18
;;;Zoning;6807323;'20200219142313;W03-C-Antwerpen-West-FH07;6807323;'20200219142313;W03-C-Antwerpen-West-FH07;19084;FTTH-Cu;;';';;;;;;;677274;'20191021115728;2054371;'1630000;'29477;Steenbergstraat;'4;';2000;Antwerpen;;'151979,921;'211660,823;';Y;NA;5;18;Unknown;Unknown;;None;;;';;';;Y;;;;'15/01/2019 12:41:18;9;11086908;;LU;1;';';';';';;;;;;;;';;';;Y;;;;'15/01/2019 12:41:18
;;;Zoning;6807323;'20200219142313;W03-C-Antwerpen-West-FH07;6807323;'20200219142313;W03-C-Antwerpen-West-FH07;19084;FTTH-Cu;;';';;;;;;;677274;'20191021115728;2054371;'1630000;'29477;Steenbergstraat;'4;';2000;Antwerpen;;'151979,921;'211660,823;';Y;NA;5;18;Unknown;Unknown;;None;;;';;';;Y;;;;'15/01/2019 12:41:18;10;11086909;;LU;1;';';';';';;;;;;;;';;';;Y;;;;'15/01/2019 12:41:18
;;;Zoning;6807323;'20200219142313;W03-C-Antwerpen-West-FH07;6807323;'20200219142313;W03-C-Antwerpen-West-FH07;19084;FTTH-Cu;;';';;;;;;;677274;'20191021115728;2054371;'1630000;'29477;Steenbergstraat;'4;';2000;Antwerpen;;'151979,921;'211660,823;';Y;NA;5;18;Unknown;Unknown;;None;;;';;';;Y;;;;'15/01/2019 12:41:18;11;11086910;;LU;1;';';';';';;;;;;;;';;';;Y;;;;'15/01/2019 12:41:18
;;;Zoning;6807323;'20200219142313;W03-C-Antwerpen-West-FH07;6807323;'20200219142313;W03-C-Antwerpen-West-FH07;19084;FTTH-Cu;;';';;;;;;;677274;'20191021115728;2054371;'1630000;'29477;Steenbergstraat;'4;';2000;Antwerpen;;'151979,921;'211660,823;';Y;NA;5;18;Unknown;Unknown;;None;;;';;';;Y;;;;'15/01/2019 12:41:18;12;11086911;;LU;1;';';';';';;;;;;;;';;';;Y;;;;'15/01/2019 12:41:18
;;;Zoning;6807323;'20200219142313;W03-C-Antwerpen-West-FH07;6807323;'20200219142313;W03-C-Antwerpen-West-FH07;19084;FTTH-Cu;;';';;;;;;;677274;'20191021115728;2054371;'1630000;'29477;Steenbergstraat;'4;';2000;Antwerpen;;'151979,921;'211660,823;';Y;NA;5;18;Unknown;Unknown;;None;;;';;';;Y;;;;'15/01/2019 12:41:18;13;11086912;;LU;1;';';';';';;;;;;;;';;';;Y;;;;'15/01/2019 12:41:18
;;;Zoning;6807323;'20200219142313;W03-C-Antwerpen-West-FH07;6807323;'20200219142313;W03-C-Antwerpen-West-FH07;19084;FTTH-Cu;;';';;;;;;;677274;'20191021115728;2054371;'1630000;'29477;Steenbergstraat;'4;';2000;Antwerpen;;'151979,921;'211660,823;';Y;NA;5;18;Unknown;Unknown;;None;;;';;';;Y;;;;'15/01/2019 12:41:18;14;11086913;;LU;1;';';';';';;;;;;;;';;';;Y;;;;'15/01/2019 12:41:18
;;;Zoning;6807323;'20200219142313;W03-C-Antwerpen-West-FH07;6807323;'20200219142313;W03-C-Antwerpen-West-FH07;19084;FTTH-Cu;;';';;;;;;;714864;'20191021111423;61004;'1630000;'29477;Steenbergstraat;'5;';2000;Antwerpen;;'151991,115;'211679,712;';Y;NA;4;12;Unknown;Unknown;;None;;;';;';;Y;;;;'15/01/2019 12:41:18;1;1799201;;LU;1;';';';';';Y;#A.GV/A.0/KG;APPART;DEEL_APP_GEBOUW - PARTIE_IMMEUBLE_APP;APPART;;;';;';;Y;;;;'15/01/2019 12:41:18
;;;Zoning;6807323;'20200219142313;W03-C-Antwerpen-West-FH07;6807323;'20200219142313;W03-C-Antwerpen-West-FH07;19084;FTTH-Cu;;';';;;;;;;714864;'20191021111423;61004;'1630000;'29477;Steenbergstraat;'5;';2000;Antwerpen;;'151991,115;'211679,712;';Y;NA;4;12;Unknown;Unknown;;None;;;';;';;Y;;;;'15/01/2019 12:41:18;2;1799389;;LU;1;';';';';';Y;#A1/A.1/;APPART;DEEL_APP_GEBOUW - PARTIE_IMMEUBLE_APP;APPART;;;';;';;Y;;;;'15/01/2019 12:41:18
;;;Zoning;6807323;'20200219142313;W03-C-Antwerpen-West-FH07;6807323;'20200219142313;W03-C-Antwerpen-West-FH07;19084;FTTH-Cu;;';';;;;;;;714864;'20191021111423;61004;'1630000;'29477;Steenbergstraat;'5;';2000;Antwerpen;;'151991,115;'211679,712;';Y;NA;4;12;Unknown;Unknown;;None;;;';;';;Y;;;;'15/01/2019 12:41:18;3;1799863;;LU;1;';';';';';Y;#A2/A.2/;APPART;DEEL_APP_GEBOUW - PARTIE_IMMEUBLE_APP;APPART;;;';;';;Y;;;;'15/01/2019 12:41:18
;;;Zoning;6807323;'20200219142313;W03-C-Antwerpen-West-FH07;6807323;'20200219142313;W03-C-Antwerpen-West-FH07;19084;FTTH-Cu;;';';;;;;;;714864;'20191021111423;61004;'1630000;'29477;Steenbergstraat;'5;';2000;Antwerpen;;'151991,115;'211679,712;';Y;NA;4;12;Unknown;Unknown;;None;;;';;';;Y;;;;'15/01/2019 12:41:18;4;1800159;;LU;1;';';';';';Y;#A3/A.3/;APPART;DEEL_APP_GEBOUW - PARTIE_IMMEUBLE_APP;APPART;;;';;';;Y;;;;'15/01/2019 12:41:18
;;;Zoning;6807323;'20200219142313;W03-C-Antwerpen-West-FH07;6807323;'20200219142313;W03-C-Antwerpen-West-FH07;19084;FTTH-Cu;;';';;;;;;;691295;'20191021115738;3928457;'1630000;'29477;Steenbergstraat;'6;';2000;Antwerpen;;'151984,737;'211657,763;';Y;NA;5;15;Unknown;Unknown;;None;;;';;';;Y;;;;'15/01/2019 12:41:18;1;1824228;;LU;1;';';';';';Y;;COMM;HANDELSZAAK - COMMERCE;NA;;;';;';;Y;;;;'15/01/2019 12:41:18
;;;Zoning;6807323;'20200219142313;W03-C-Antwerpen-West-FH07;6807323;'20200219142313;W03-C-Antwerpen-West-FH07;19084;FTTH-Cu;;';';;;;;;;691295;'20191021115738;3928457;'1630000;'29477;Steenbergstraat;'6;';2000;Antwerpen;;'151984,737;'211657,763;';Y;NA;5;15;Unknown;Unknown;;None;;;';;';;Y;;;;'15/01/2019 12:41:18;2;11086914;;LU;1;';';';';';;;;;;;;';;';;Y;;;;'15/01/2019 12:41:18
;;;Zoning;6807323;'20200219142313;W03-C-Antwerpen-West-FH07;6807323;'20200219142313;W03-C-Antwerpen-West-FH07;19084;FTTH-Cu;;';';;;;;;;691295;'20191021115738;3928457;'1630000;'29477;Steenbergstraat;'6;';2000;Antwerpen;;'151984,737;'211657,763;';Y;NA;5;15;Unknown;Unknown;;None;;;';;';;Y;;;;'15/01/2019 12:41:18;3;11086915;;LU;1;';';';';';;;;;;;;';;';;Y;;;;'15/01/2019 12:41:18
;;;Zoning;6807323;'20200219142313;W03-C-Antwerpen-West-FH07;6807323;'20200219142313;W03-C-Antwerpen-West-FH07;19084;FTTH-Cu;;';';;;;;;;691295;'20191021115738;3928457;'1630000;'29477;Steenbergstraat;'6;';2000;Antwerpen;;'151984,737;'211657,763;';Y;NA;5;15;Unknown;Unknown;;None;;;';;';;Y;;;;'15/01/2019 12:41:18;4;11086916;;LU;1;';';';';';;;;;;;;';;';;Y;;;;'15/01/2019 12:41:18
;;;Zoning;6807323;'20200219142313;W03-C-Antwerpen-West-FH07;6807323;'20200219142313;W03-C-Antwerpen-West-FH07;19084;FTTH-Cu;;';';;;;;;;691295;'20191021115738;3928457;'1630000;'29477;Steenbergstraat;'6;';2000;Antwerpen;;'151984,737;'211657,763;';Y;NA;5;15;Unknown;Unknown;;None;;;';;';;Y;;;;'15/01/2019 12:41:18;5;11086917;;LU;1;';';';';';;;;;;;;';;';;Y;;;;'15/01/2019 12:41:18
;;;Zoning;6807323;'20200219142313;W03-C-Antwerpen-West-FH07;6807323;'20200219142313;W03-C-Antwerpen-West-FH07;19084;FTTH-Cu;;';';;;;;;;677275;'20191021111422;2054372;'1630000;'29477;Steenbergstraat;'7;';2000;Antwerpen;;'151996,021;'211677,289;';Y;NA;4;12;Unknown;Unknown;;None;;;';;';;Y;;;;'15/01/2019 12:41:18;1;1838741;;LU;1;';';';';';Y;#A.GV/K4;APPART;DEEL_APP_GEBOUW - PARTIE_IMMEUBLE_APP;APPART;;;';;';;Y;;;;'15/01/2019 12:41:18
;;;Zoning;6807323;'20200219142313;W03-C-Antwerpen-West-FH07;6807323;'20200219142313;W03-C-Antwerpen-West-FH07;19084;FTTH-Cu;;';';;;;;;;677275;'20191021111422;2054372;'1630000;'29477;Steenbergstraat;'7;';2000;Antwerpen;;'151996,021;'211677,289;';Y;NA;4;12;Unknown;Unknown;;None;;;';;';;Y;;;;'15/01/2019 12:41:18;2;1838957;;LU;1;';';';';';Y;#A1/K2.3;APPART;DEEL_APP_GEBOUW - PARTIE_IMMEUBLE_APP;APPART;;;';;';;Y;;;;'15/01/2019 12:41:18
;;;Zoning;6807323;'20200219142313;W03-C-Antwerpen-West-FH07;6807323;'20200219142313;W03-C-Antwerpen-West-FH07;19084;FTTH-Cu;;';';;;;;;;677275;'20191021111422;2054372;'1630000;'29477;Steenbergstraat;'7;';2000;Antwerpen;;'151996,021;'211677,289;';Y;NA;4;12;Unknown;Unknown;;None;;;';;';;Y;;;;'15/01/2019 12:41:18;3;1839138;;LU;1;';';';';';Y;#A2.A3/K1;APPART;DEEL_APP_GEBOUW - PARTIE_IMMEUBLE_APP;APPART;;;';;';;Y;;;;'15/01/2019 12:41:18
;;;Zoning;6807323;'20200219142313;W03-C-Antwerpen-West-FH07;6807323;'20200219142313;W03-C-Antwerpen-West-FH07;19084;FTTH-Cu;;';';;;;;;;677276;'20191021115738;2054373;'1630000;'29477;Steenbergstraat;'8;';2000;Antwerpen;;'151989,316;'211656,038;';Y;NA;4;12;Unknown;Unknown;;None;;;';;';;Y;;;;'15/01/2019 12:41:18;1;1852950;;LU;1;';';';';';Y;#A.GV/K1;APPART;DEEL_APP_GEBOUW - PARTIE_IMMEUBLE_APP;APPART;;;';;';;Y;;;;'15/01/2019 12:41:18
;;;Zoning;6807323;'20200219142313;W03-C-Antwerpen-West-FH07;6807323;'20200219142313;W03-C-Antwerpen-West-FH07;19084;FTTH-Cu;;';';;;;;;;677276;'20191021115738;2054373;'1630000;'29477;Steenbergstraat;'8;';2000;Antwerpen;;'151989,316;'211656,038;';Y;NA;4;12;Unknown;Unknown;;None;;;';;';;Y;;;;'15/01/2019 12:41:18;2;1853182;;LU;1;';';';';';Y;#A1/K6.7;APPART;DEEL_APP_GEBOUW - PARTIE_IMMEUBLE_APP;APPART;;;';;';;Y;;;;'15/01/2019 12:41:18
;;;Zoning;6807323;'20200219142313;W03-C-Antwerpen-West-FH07;6807323;'20200219142313;W03-C-Antwerpen-West-FH07;19084;FTTH-Cu;;';';;;;;;;677276;'20191021115738;2054373;'1630000;'29477;Steenbergstraat;'8;';2000;Antwerpen;;'151989,316;'211656,038;';Y;NA;4;12;Unknown;Unknown;;None;;;';;';;Y;;;;'15/01/2019 12:41:18;3;1853450;;LU;1;';';';';';Y;#A2/K2.3;APPART;DEEL_APP_GEBOUW - PARTIE_IMMEUBLE_APP;APPART;;;';;';;Y;;;;'15/01/2019 12:41:18
;;;Zoning;6807323;'20200219142313;W03-C-Antwerpen-West-FH07;6807323;'20200219142313;W03-C-Antwerpen-West-FH07;19084;FTTH-Cu;;';';;;;;;;677276;'20191021115738;2054373;'1630000;'29477;Steenbergstraat;'8;';2000;Antwerpen;;'151989,316;'211656,038;';Y;NA;4;12;Unknown;Unknown;;None;;;';;';;Y;;;;'15/01/2019 12:41:18;4;1853650;;LU;1;';';';';';Y;#A3/K4.5;APPART;DEEL_APP_GEBOUW - PARTIE_IMMEUBLE_APP;APPART;;;';;';;Y;;;;'15/01/2019 12:41:18
;;;Zoning;6807323;'20200219142313;W03-C-Antwerpen-West-FH07;6807323;'20200219142313;W03-C-Antwerpen-West-FH07;19084;FTTH-Cu;11382554;'20190115201258;'Steenbergstraat 9 - 11;;;;;;;677277;'20191021111359;2054374;'1630000;'29477;Steenbergstraat;'9;';2000;Antwerpen;;'152004,386;'211676,518;';Y;NA;4;12;Unknown;Unknown;;None;;;';;';;Y;;;;'15/01/2019 12:41:18;1;1865184;;LU;1;';';';';';Y;#A1/L/;APPART;DEEL_APP_GEBOUW - PARTIE_IMMEUBLE_APP;APPART;;;';;';;Y;;;;'15/01/2019 12:41:18
;;;Zoning;6807323;'20200219142313;W03-C-Antwerpen-West-FH07;6807323;'20200219142313;W03-C-Antwerpen-West-FH07;19084;FTTH-Cu;11382554;'20190115201258;'Steenbergstraat 9 - 11;;;;;;;677277;'20191021111359;2054374;'1630000;'29477;Steenbergstraat;'9;';2000;Antwerpen;;'152004,386;'211676,518;';Y;NA;4;12;Unknown;Unknown;;None;;;';;';;Y;;;;'15/01/2019 12:41:18;2;1865218;;LU;1;';';';';';Y;#A1/R/;APPART;DEEL_APP_GEBOUW - PARTIE_IMMEUBLE_APP;APPART;;;';;';;Y;;;;'15/01/2019 12:41:18
;;;Zoning;6807323;'20200219142313;W03-C-Antwerpen-West-FH07;6807323;'20200219142313;W03-C-Antwerpen-West-FH07;19084;FTTH-Cu;11382554;'20190115201258;'Steenbergstraat 9 - 11;;;;;;;677277;'20191021111359;2054374;'1630000;'29477;Steenbergstraat;'9;';2000;Antwerpen;;'152004,386;'211676,518;';Y;NA;4;12;Unknown;Unknown;;None;;;';;';;Y;;;;'15/01/2019 12:41:18;3;1865445;;LU;1;';';';';';Y;#A2/L/;APPART;DEEL_APP_GEBOUW - PARTIE_IMMEUBLE_APP;APPART;;;';;';;Y;;;;'15/01/2019 12:41:18
;;;Zoning;6807323;'20200219142313;W03-C-Antwerpen-West-FH07;6807323;'20200219142313;W03-C-Antwerpen-West-FH07;19084;FTTH-Cu;;';';;;;;;;677278;'20191021115759;2054375;'1630000;'29477;Steenbergstraat;'10;';2000;Antwerpen;;'151993,362;'211653,647;';Y;NA;4;12;Unknown;Unknown;;None;;;';;';;Y;;;;'15/01/2019 12:41:18;1;1620893;;LU;1;';';';';';Y;;HOUSE;WONING - MAISON;NA;;;';;';;Y;;;;'15/01/2019 12:41:18
;;;Zoning;6807323;'20200219142313;W03-C-Antwerpen-West-FH07;6807323;'20200219142313;W03-C-Antwerpen-West-FH07;19084;FTTH-Cu;;';';;;;;;;677278;'20191021115759;2054375;'1630000;'29477;Steenbergstraat;'10;';2000;Antwerpen;;'151993,362;'211653,647;';Y;NA;4;12;Unknown;Unknown;;None;;;';;';;Y;;;;'15/01/2019 12:41:18;2;1620894;;LU;1;';';';';';Y;;HOUSE;WONING - MAISON;NA;;;';;';;Y;;;;'15/01/2019 12:41:18
;;;Zoning;6807323;'20200219142313;W03-C-Antwerpen-West-FH07;6807323;'20200219142313;W03-C-Antwerpen-West-FH07;19084;FTTH-Cu;;';';;;;;;;677278;'20191021115759;2054375;'1630000;'29477;Steenbergstraat;'10;';2000;Antwerpen;;'151993,362;'211653,647;';Y;NA;4;12;Unknown;Unknown;;None;;;';;';;Y;;;;'15/01/2019 12:41:18;3;1620895;;LU;1;';';';';';Y;;HOUSE;WONING - MAISON;NA;;;';;';;Y;;;;'15/01/2019 12:41:18
;;;Zoning;6807323;'20200219142313;W03-C-Antwerpen-West-FH07;6807323;'20200219142313;W03-C-Antwerpen-West-FH07;19084;FTTH-Cu;;';';;;;;;;677278;'20191021115759;2054375;'1630000;'29477;Steenbergstraat;'10;';2000;Antwerpen;;'151993,362;'211653,647;';Y;NA;4;12;Unknown;Unknown;;None;;;';;';;Y;;;;'15/01/2019 12:41:18;4;1620896;;BU;1;';';';';';Y;;HOUSE;WONING - MAISON;NA;;;';;';;Y;;;;'15/01/2019 12:41:18
;;;Zoning;6807323;'20200219142313;W03-C-Antwerpen-West-FH07;6807323;'20200219142313;W03-C-Antwerpen-West-FH07;19084;FTTH-Cu;11382554;'20190115201258;'Steenbergstraat 9 - 11;;;;;;;11378683;'20191021111409;2054376;'1630000;'29477;Steenbergstraat;'11;';2000;Antwerpen;;'152002,003;'211672,997;';Y;NA;4;12;Unknown;Unknown;;None;;;';;';;Y;;;;'15/01/2019 12:41:18;1;11086211;;BU;1;';';';';';;;;;;;;';;';;Y;;;;'15/01/2019 12:41:18
;;;Zoning;6807323;'20200219142313;W03-C-Antwerpen-West-FH07;6807323;'20200219142313;W03-C-Antwerpen-West-FH07;19084;FTTH-Cu;11382554;'20190115201258;'Steenbergstraat 9 - 11;;;;;;;11378683;'20191021111409;2054376;'1630000;'29477;Steenbergstraat;'11;';2000;Antwerpen;;'152002,003;'211672,997;';Y;NA;4;12;Unknown;Unknown;;None;;;';;';;Y;;;;'15/01/2019 12:41:18;2;11086212;;LU;1;';';';';';;;;;;;;';;';;Y;;;;'15/01/2019 12:41:18
;;;Zoning;6807323;'20200219142313;W03-C-Antwerpen-West-FH07;6807323;'20200219142313;W03-C-Antwerpen-West-FH07;19084;FTTH-Cu;11382554;'20190115201258;'Steenbergstraat 9 - 11;;;;;;;11378683;'20191021111409;2054376;'1630000;'29477;Steenbergstraat;'11;';2000;Antwerpen;;'152002,003;'211672,997;';Y;NA;4;12;Unknown;Unknown;;None;;;';;';;Y;;;;'15/01/2019 12:41:18;3;11086213;;LU;1;';';';';';;;;;;;;';;';;Y;;;;'15/01/2019 12:41:18
;;;Zoning;6807323;'20200219142313;W03-C-Antwerpen-West-FH07;6807323;'20200219142313;W03-C-Antwerpen-West-FH07;19084;FTTH-Cu;11382554;'20190115201258;'Steenbergstraat 9 - 11;;;;;;;11378683;'20191021111409;2054376;'1630000;'29477;Steenbergstraat;'11;';2000;Antwerpen;;'152002,003;'211672,997;';Y;NA;4;12;Unknown;Unknown;;None;;;';;';;Y;;;;'15/01/2019 12:41:18;4;11086214;;LU;1;';';';';';;;;;;;;';;';;Y;;;;'15/01/2019 12:41:18
;;;Zoning;6807323;'20200219142313;W03-C-Antwerpen-West-FH07;6807323;'20200219142313;W03-C-Antwerpen-West-FH07;19084;FTTH-Cu;;';';;;;;;;677279;'20191021115807;2054377;'1630000;'29477;Steenbergstraat;'12;';2000;Antwerpen;;'151997,471;'211651,276;';Y;NA;4;12;Unknown;Unknown;;None;;;';;';;Y;;;;'15/01/2019 12:41:18;1;1640118;;LU;1;';';';';';Y;;HOUSE;WONING - MAISON;NA;;;';;';;Y;;;;'15/01/2019 12:41:18
;;;Zoning;6807323;'20200219142313;W03-C-Antwerpen-West-FH07;6807323;'20200219142313;W03-C-Antwerpen-West-FH07;19084;FTTH-Cu;;';';;;;;;;677279;'20191021115807;2054377;'1630000;'29477;Steenbergstraat;'12;';2000;Antwerpen;;'151997,471;'211651,276;';Y;NA;4;12;Unknown;Unknown;;None;;;';;';;Y;;;;'15/01/2019 12:41:18;2;1640119;;LU;1;';';';';';Y;;HOUSE;WONING - MAISON;NA;;;';;';;Y;;;;'15/01/2019 12:41:18
;;;Zoning;6807323;'20200219142313;W03-C-Antwerpen-West-FH07;6807323;'20200219142313;W03-C-Antwerpen-West-FH07;19084;FTTH-Cu;;';';;;;;;;677279;'20191021115807;2054377;'1630000;'29477;Steenbergstraat;'12;';2000;Antwerpen;;'151997,471;'211651,276;';Y;NA;4;12;Unknown;Unknown;;None;;;';;';;Y;;;;'15/01/2019 12:41:18;3;1640120;;LU;1;';';';';';Y;;HOUSE;WONING - MAISON;NA;;;';;';;Y;;;;'15/01/2019 12:41:18
;;;Zoning;6807323;'20200219142313;W03-C-Antwerpen-West-FH07;6807323;'20200219142313;W03-C-Antwerpen-West-FH07;19084;FTTH-Cu;;';';;;;;;;677279;'20191021115807;2054377;'1630000;'29477;Steenbergstraat;'12;';2000;Antwerpen;;'151997,471;'211651,276;';Y;NA;4;12;Unknown;Unknown;;None;;;';;';;Y;;;;'15/01/2019 12:41:18;4;1640121;;LU;1;';';';';';Y;;HOUSE;WONING - MAISON;NA;;;';;';;Y;;;;'15/01/2019 12:41:18
;;;Zoning;6807323;'20200219142313;W03-C-Antwerpen-West-FH07;6807323;'20200219142313;W03-C-Antwerpen-West-FH07;19084;FTTH-Cu;;';';;;;;;;677279;'20191021115807;2054377;'1630000;'29477;Steenbergstraat;'12;';2000;Antwerpen;;'151997,471;'211651,276;';Y;NA;4;12;Unknown;Unknown;;None;;;';;';;Y;;;;'15/01/2019 12:41:18;5;11086918;;LU;1;';';';';';;;;;;;;';;';;Y;;;;'15/01/2019 12:41:18
;;;Zoning;6807323;'20200219142313;W03-C-Antwerpen-West-FH07;6807323;'20200219142313;W03-C-Antwerpen-West-FH07;19084;FTTH-Cu;;';';;;;;;;677280;'20191021110839;2054378;'1630000;'29477;Steenbergstraat;'13;';2000;Antwerpen;;'152008,142;'211670,326;';Y;NA;4;12;Unknown;Unknown;;None;;;';;';;Y;;;;'15/01/2019 12:41:18;1;1648084;;LU;1;';';';';';Y;;HOUSE;WONING - MAISON;NA;;;';;';;Y;;;;'15/01/2019 12:41:18
;;;Zoning;6807323;'20200219142313;W03-C-Antwerpen-West-FH07;6807323;'20200219142313;W03-C-Antwerpen-West-FH07;19084;FTTH-Cu;;';';;;;;;;677280;'20191021110839;2054378;'1630000;'29477;Steenbergstraat;'13;';2000;Antwerpen;;'152008,142;'211670,326;';Y;NA;4;12;Unknown;Unknown;;None;;;';;';;Y;;;;'15/01/2019 12:41:18;2;1648085;;LU;1;';';';';';Y;;HOUSE;WONING - MAISON;NA;;;';;';;Y;;;;'15/01/2019 12:41:18
;;;Zoning;6807323;'20200219142313;W03-C-Antwerpen-West-FH07;6807323;'20200219142313;W03-C-Antwerpen-West-FH07;19084;FTTH-Cu;;';';;;;;;;677280;'20191021110839;2054378;'1630000;'29477;Steenbergstraat;'13;';2000;Antwerpen;;'152008,142;'211670,326;';Y;NA;4;12;Unknown;Unknown;;None;;;';;';;Y;;;;'15/01/2019 12:41:18;3;1648086;;LU;1;';';';';';Y;;HOUSE;WONING - MAISON;NA;;;';;';;Y;;;;'15/01/2019 12:41:18
;;;Zoning;6807323;'20200219142313;W03-C-Antwerpen-West-FH07;6807323;'20200219142313;W03-C-Antwerpen-West-FH07;19084;FTTH-Cu;;';';;;;;;;677280;'20191021110839;2054378;'1630000;'29477;Steenbergstraat;'13;';2000;Antwerpen;;'152008,142;'211670,326;';Y;NA;4;12;Unknown;Unknown;;None;;;';;';;Y;;;;'15/01/2019 12:41:18;4;1648087;;LU;1;';';';';';Y;;HOUSE;WONING - MAISON;NA;;;';;';;Y;;;;'15/01/2019 12:41:18
;;;Zoning;6807323;'20200219142313;W03-C-Antwerpen-West-FH07;6807323;'20200219142313;W03-C-Antwerpen-West-FH07;19084;FTTH-Cu;;';';;;;;;;677281;'20191021115822;2054379;'1630000;'29477;Steenbergstraat;'14;';2000;Antwerpen;;'152001,313;'211648,839;';Y;NA;4;12;Unknown;Unknown;;None;;;';;';;Y;;;;'15/01/2019 12:41:18;1;1652629;;LU;1;';';';';';Y;#A.GV/K0;APPART;DEEL_APP_GEBOUW - PARTIE_IMMEUBLE_APP;APPART;;;';;';;Y;;;;'15/01/2019 12:41:18
;;;Zoning;6807323;'20200219142313;W03-C-Antwerpen-West-FH07;6807323;'20200219142313;W03-C-Antwerpen-West-FH07;19084;FTTH-Cu;;';';;;;;;;677281;'20191021115822;2054379;'1630000;'29477;Steenbergstraat;'14;';2000;Antwerpen;;'152001,313;'211648,839;';Y;NA;4;12;Unknown;Unknown;;None;;;';;';;Y;;;;'15/01/2019 12:41:18;2;1652794;;LU;1;';';';';';Y;#A1/K1;APPART;DEEL_APP_GEBOUW - PARTIE_IMMEUBLE_APP;APPART;;;';;';;Y;;;;'15/01/2019 12:41:18
;;;Zoning;6807323;'20200219142313;W03-C-Antwerpen-West-FH07;6807323;'20200219142313;W03-C-Antwerpen-West-FH07;19084;FTTH-Cu;;';';;;;;;;677281;'20191021115822;2054379;'1630000;'29477;Steenbergstraat;'14;';2000;Antwerpen;;'152001,313;'211648,839;';Y;NA;4;12;Unknown;Unknown;;None;;;';;';;Y;;;;'15/01/2019 12:41:18;3;1652994;;LU;1;';';';';';Y;#A2/K2;APPART;DEEL_APP_GEBOUW - PARTIE_IMMEUBLE_APP;APPART;;;';;';;Y;;;;'15/01/2019 12:41:18
;;;Zoning;6807323;'20200219142313;W03-C-Antwerpen-West-FH07;6807323;'20200219142313;W03-C-Antwerpen-West-FH07;19084;FTTH-Cu;;';';;;;;;;677281;'20191021115822;2054379;'1630000;'29477;Steenbergstraat;'14;';2000;Antwerpen;;'152001,313;'211648,839;';Y;NA;4;12;Unknown;Unknown;;None;;;';;';;Y;;;;'15/01/2019 12:41:18;4;1653153;;LU;1;';';';';';Y;#A3/K3;APPART;DEEL_APP_GEBOUW - PARTIE_IMMEUBLE_APP;APPART;;;';;';;Y;;;;'15/01/2019 12:41:18
;;;Zoning;6807323;'20200219142313;W03-C-Antwerpen-West-FH07;6807323;'20200219142313;W03-C-Antwerpen-West-FH07;19084;FTTH-Cu;;';';;;;;;;714862;'20191021115832;61001;'1630000;'29477;Steenbergstraat;'16;';2000;Antwerpen;;'152005,501;'211646,345;';Y;NA;5;15;Unknown;Unknown;;None;;;';;';;Y;;;;'15/01/2019 12:41:18;1;1668516;;LU;1;';';';';';Y;;HOUSE;WONING - MAISON;NA;;;';;';;Y;;;;'15/01/2019 12:41:18
;;;Zoning;6807323;'20200219142313;W03-C-Antwerpen-West-FH07;6807323;'20200219142313;W03-C-Antwerpen-West-FH07;19084;FTTH-Cu;;';';;;;;;;714862;'20191021115832;61001;'1630000;'29477;Steenbergstraat;'16;';2000;Antwerpen;;'152005,501;'211646,345;';Y;NA;5;15;Unknown;Unknown;;None;;;';;';;Y;;;;'15/01/2019 12:41:18;2;1668517;;LU;1;';';';';';Y;;HOUSE;WONING - MAISON;NA;;;';;';;Y;;;;'15/01/2019 12:41:18
;;;Zoning;6807323;'20200219142313;W03-C-Antwerpen-West-FH07;6807323;'20200219142313;W03-C-Antwerpen-West-FH07;19084;FTTH-Cu;;';';;;;;;;714862;'20191021115832;61001;'1630000;'29477;Steenbergstraat;'16;';2000;Antwerpen;;'152005,501;'211646,345;';Y;NA;5;15;Unknown;Unknown;;None;;;';;';;Y;;;;'15/01/2019 12:41:18;3;1668518;;LU;1;';';';';';Y;;HOUSE;WONING - MAISON;NA;;;';;';;Y;;;;'15/01/2019 12:41:18
;;;Zoning;6807323;'20200219142313;W03-C-Antwerpen-West-FH07;6807323;'20200219142313;W03-C-Antwerpen-West-FH07;19084;FTTH-Cu;;';';;;;;;;714862;'20191021115832;61001;'1630000;'29477;Steenbergstraat;'16;';2000;Antwerpen;;'152005,501;'211646,345;';Y;NA;5;15;Unknown;Unknown;;None;;;';;';;Y;;;;'15/01/2019 12:41:18;4;1668519;;LU;1;';';';';';Y;;HOUSE;WONING - MAISON;NA;;;';;';;Y;;;;'15/01/2019 12:41:18
;;;Zoning;6807323;'20200219142313;W03-C-Antwerpen-West-FH07;6807323;'20200219142313;W03-C-Antwerpen-West-FH07;19084;FTTH-Cu;;';';;;;;;;714862;'20191021115832;61001;'1630000;'29477;Steenbergstraat;'16;';2000;Antwerpen;;'152005,501;'211646,345;';Y;NA;5;15;Unknown;Unknown;;None;;;';;';;Y;;;;'15/01/2019 12:41:18;5;11086919;;LU;1;';';';';';;;;;;;;';;';;Y;;;;'15/01/2019 12:41:18
;;;Zoning;6807323;'20200219142313;W03-C-Antwerpen-West-FH07;6807323;'20200219142313;W03-C-Antwerpen-West-FH07;19084;FTTH-Cu;;';';;;;;;;714903;'20191021110839;61012;'1630000;'29477;Steenbergstraat;'17;';2000;Antwerpen;;'152013,068;'211666,937;';Y;NA;4;12;Unknown;Unknown;;None;;;';;';;Y;;;;'15/01/2019 12:41:18;1;1674572;;LU;1;';';';';';Y;;COMM;HANDELSZAAK - COMMERCE;NA;;;';;';;Y;;;;'15/01/2019 12:41:18
;;;Zoning;6807323;'20200219142313;W03-C-Antwerpen-West-FH07;6807323;'20200219142313;W03-C-Antwerpen-West-FH07;19084;FTTH-Cu;;';';;;;;;;714903;'20191021110839;61012;'1630000;'29477;Steenbergstraat;'17;';2000;Antwerpen;;'152013,068;'211666,937;';Y;NA;4;12;Unknown;Unknown;;None;;;';;';;Y;;;;'15/01/2019 12:41:18;2;1674573;;LU;1;';';';';';Y;;COMM;HANDELSZAAK - COMMERCE;NA;;;';;';;Y;;;;'15/01/2019 12:41:18
;;;Zoning;6807323;'20200219142313;W03-C-Antwerpen-West-FH07;6807323;'20200219142313;W03-C-Antwerpen-West-FH07;19084;FTTH-Cu;;';';;;;;;;714903;'20191021110839;61012;'1630000;'29477;Steenbergstraat;'17;';2000;Antwerpen;;'152013,068;'211666,937;';Y;NA;4;12;Unknown;Unknown;;None;;;';;';;Y;;;;'15/01/2019 12:41:18;3;1674574;;LU;1;';';';';';Y;;COMM;HANDELSZAAK - COMMERCE;NA;;;';;';;Y;;;;'15/01/2019 12:41:18
;;;Zoning;6807323;'20200219142313;W03-C-Antwerpen-West-FH07;6807323;'20200219142313;W03-C-Antwerpen-West-FH07;19084;FTTH-Cu;;';';;;;;;;714903;'20191021110839;61012;'1630000;'29477;Steenbergstraat;'17;';2000;Antwerpen;;'152013,068;'211666,937;';Y;NA;4;12;Unknown;Unknown;;None;;;';;';;Y;;;;'15/01/2019 12:41:18;4;1674575;;LU;1;';';';';';Y;;COMM;HANDELSZAAK - COMMERCE;NA;;;';;';;Y;;;;'15/01/2019 12:41:18
;;;Zoning;6807323;'20200219142313;W03-C-Antwerpen-West-FH07;6807323;'20200219142313;W03-C-Antwerpen-West-FH07;19084;FTTH-Cu;;';';;;;;;;714903;'20191021110839;61012;'1630000;'29477;Steenbergstraat;'17;';2000;Antwerpen;;'152013,068;'211666,937;';Y;NA;4;12;Unknown;Unknown;;None;;;';;';;Y;;;;'15/01/2019 12:41:18;5;11086894;;LU;1;';';';';';;;;;;;;';;';;Y;;;;'15/01/2019 12:41:18
;;;Zoning;6807323;'20200219142313;W03-C-Antwerpen-West-FH07;6807323;'20200219142313;W03-C-Antwerpen-West-FH07;19084;FTTH-Cu;;';';;;;;;;677282;'20191021115841;2054380;'1630000;'29477;Steenbergstraat;'18;';2000;Antwerpen;;'152009,45;'211644,47;';Y;NA;5;15;Unknown;Unknown;;None;;;';;';;Y;;;;'15/01/2019 12:41:18;1;1677808;;LU;1;';';';';';Y;#A.GV/K5;APPART;DEEL_APP_GEBOUW - PARTIE_IMMEUBLE_APP;APPART;;;';;';;Y;;;;'15/01/2019 12:41:18
;;;Zoning;6807323;'20200219142313;W03-C-Antwerpen-West-FH07;6807323;'20200219142313;W03-C-Antwerpen-West-FH07;19084;FTTH-Cu;;';';;;;;;;677282;'20191021115841;2054380;'1630000;'29477;Steenbergstraat;'18;';2000;Antwerpen;;'152009,45;'211644,47;';Y;NA;5;15;Unknown;Unknown;;None;;;';;';;Y;;;;'15/01/2019 12:41:18;2;1677974;;LU;1;';';';';';Y;#A1/K1;APPART;DEEL_APP_GEBOUW - PARTIE_IMMEUBLE_APP;APPART;;;';;';;Y;;;;'15/01/2019 12:41:18
;;;Zoning;6807323;'20200219142313;W03-C-Antwerpen-West-FH07;6807323;'20200219142313;W03-C-Antwerpen-West-FH07;19084;FTTH-Cu;;';';;;;;;;677282;'20191021115841;2054380;'1630000;'29477;Steenbergstraat;'18;';2000;Antwerpen;;'152009,45;'211644,47;';Y;NA;5;15;Unknown;Unknown;;None;;;';;';;Y;;;;'15/01/2019 12:41:18;3;1678175;;LU;1;';';';';';Y;#A2/K2;APPART;DEEL_APP_GEBOUW - PARTIE_IMMEUBLE_APP;APPART;;;';;';;Y;;;;'15/01/2019 12:41:18
;;;Zoning;6807323;'20200219142313;W03-C-Antwerpen-West-FH07;6807323;'20200219142313;W03-C-Antwerpen-West-FH07;19084;FTTH-Cu;;';';;;;;;;677282;'20191021115841;2054380;'1630000;'29477;Steenbergstraat;'18;';2000;Antwerpen;;'152009,45;'211644,47;';Y;NA;5;15;Unknown;Unknown;;None;;;';;';;Y;;;;'15/01/2019 12:41:18;4;1678313;;LU;1;';';';';';Y;#A3/K3;APPART;DEEL_APP_GEBOUW - PARTIE_IMMEUBLE_APP;APPART;;;';;';;Y;;;;'15/01/2019 12:41:18
;;;Zoning;6807323;'20200219142313;W03-C-Antwerpen-West-FH07;6807323;'20200219142313;W03-C-Antwerpen-West-FH07;19084;FTTH-Cu;;';';;;;;;;677282;'20191021115841;2054380;'1630000;'29477;Steenbergstraat;'18;';2000;Antwerpen;;'152009,45;'211644,47;';Y;NA;5;15;Unknown;Unknown;;None;;;';;';;Y;;;;'15/01/2019 12:41:18;5;1678363;;LU;1;';';';';';Y;#A4/-/K4;APPART;DEEL_APP_GEBOUW - PARTIE_IMMEUBLE_APP;APPART;;;';;';;Y;;;;'15/01/2019 12:41:18
;;;Zoning;6807323;'20200219142313;W03-C-Antwerpen-West-FH07;6807323;'20200219142313;W03-C-Antwerpen-West-FH07;19084;FTTH-Cu;;';';;;;;;;710603;'20191021110331;49166;'1630000;'29477;Steenbergstraat;'19;';2000;Antwerpen;;'152021,154;'211661,157;';Y;NA;4;12;Unknown;Unknown;;None;;;';;';;Y;;;;'15/01/2019 12:41:18;1;1685772;;LU;1;';';';';';Y;;HOUSE;WONING - MAISON;NA;;;';;';;Y;;;;'15/01/2019 12:41:18
;;;Zoning;6807323;'20200219142313;W03-C-Antwerpen-West-FH07;6807323;'20200219142313;W03-C-Antwerpen-West-FH07;19084;FTTH-Cu;;';';;;;;;;710603;'20191021110331;49166;'1630000;'29477;Steenbergstraat;'19;';2000;Antwerpen;;'152021,154;'211661,157;';Y;NA;4;12;Unknown;Unknown;;None;;;';;';;Y;;;;'15/01/2019 12:41:18;2;1685773;;LU;1;';';';';';Y;;HOUSE;WONING - MAISON;NA;;;';;';;Y;;;;'15/01/2019 12:41:18
;;;Zoning;6807323;'20200219142313;W03-C-Antwerpen-West-FH07;6807323;'20200219142313;W03-C-Antwerpen-West-FH07;19084;FTTH-Cu;;';';;;;;;;710603;'20191021110331;49166;'1630000;'29477;Steenbergstraat;'19;';2000;Antwerpen;;'152021,154;'211661,157;';Y;NA;4;12;Unknown;Unknown;;None;;;';;';;Y;;;;'15/01/2019 12:41:18;3;1685774;;LU;1;';';';';';Y;;HOUSE;WONING - MAISON;NA;;;';;';;Y;;;;'15/01/2019 12:41:18
;;;Zoning;6807323;'20200219142313;W03-C-Antwerpen-West-FH07;6807323;'20200219142313;W03-C-Antwerpen-West-FH07;19084;FTTH-Cu;;';';;;;;;;710603;'20191021110331;49166;'1630000;'29477;Steenbergstraat;'19;';2000;Antwerpen;;'152021,154;'211661,157;';Y;NA;4;12;Unknown;Unknown;;None;;;';;';;Y;;;;'15/01/2019 12:41:18;4;11086895;;LU;1;';';';';';;;;;;;;';;';;Y;;;;'15/01/2019 12:41:18
;;;Zoning;6807323;'20200219142313;W03-C-Antwerpen-West-FH07;6807323;'20200219142313;W03-C-Antwerpen-West-FH07;19084;FTTH-Cu;;';';;;;;;;677283;'20191021115855;2054381;'1630000;'29477;Steenbergstraat;'20;';2000;Antwerpen;;'152013,952;'211641,689;';Y;NA;3;9;Unknown;Unknown;;None;;;';;';;Y;;;;'15/01/2019 12:41:18;1;1698399;;LU;1;';';';';';Y;;HOUSE;WONING - MAISON;NA;;;';;';;Y;;;;'15/01/2019 12:41:18
;;;Zoning;6807323;'20200219142313;W03-C-Antwerpen-West-FH07;6807323;'20200219142313;W03-C-Antwerpen-West-FH07;19084;FTTH-Cu;;';';;;;;;;714910;'20191021114747;61013;'1630000;'29477;Steenbergstraat;'21;';2000;Antwerpen;;'152038,357;'211651,443;';Y;NA;4;12;Unknown;Unknown;;None;;;';;';;Y;;;;'15/01/2019 12:41:18;1;1701565;;LU;1;';';';';';Y;#A1/K3;APPART;DEEL_APP_GEBOUW - PARTIE_IMMEUBLE_APP;APPART;;;';;';;Y;;;;'15/01/2019 12:41:18
;;;Zoning;6807323;'20200219142313;W03-C-Antwerpen-West-FH07;6807323;'20200219142313;W03-C-Antwerpen-West-FH07;19084;FTTH-Cu;;';';;;;;;;714910;'20191021114747;61013;'1630000;'29477;Steenbergstraat;'21;';2000;Antwerpen;;'152038,357;'211651,443;';Y;NA;4;12;Unknown;Unknown;;None;;;';;';;Y;;;;'15/01/2019 12:41:18;2;1701794;;LU;1;';';';';';Y;#A2/K2;APPART;DEEL_APP_GEBOUW - PARTIE_IMMEUBLE_APP;APPART;;;';;';;Y;;;;'15/01/2019 12:41:18
;;;Zoning;6807323;'20200219142313;W03-C-Antwerpen-West-FH07;6807323;'20200219142313;W03-C-Antwerpen-West-FH07;19084;FTTH-Cu;;';';;;;;;;714910;'20191021114747;61013;'1630000;'29477;Steenbergstraat;'21;';2000;Antwerpen;;'152038,357;'211651,443;';Y;NA;4;12;Unknown;Unknown;;None;;;';;';;Y;;;;'15/01/2019 12:41:18;3;1701936;;LU;1;';';';';';Y;#A3/K1;APPART;DEEL_APP_GEBOUW - PARTIE_IMMEUBLE_APP;APPART;;;';;';;Y;;;;'15/01/2019 12:41:18
;;;Zoning;6807323;'20200219142313;W03-C-Antwerpen-West-FH07;6807323;'20200219142313;W03-C-Antwerpen-West-FH07;19084;FTTH-Cu;;';';;;;;;;714910;'20191021114747;61013;'1630000;'29477;Steenbergstraat;'21;';2000;Antwerpen;;'152038,357;'211651,443;';Y;NA;4;12;Unknown;Unknown;;None;;;';;';;Y;;;;'15/01/2019 12:41:18;4;1702474;;BU;1;';';';';';Y;#HA.GV/K.GV;APPART;DEEL_APP_GEBOUW - PARTIE_IMMEUBLE_APP;COMM;;;';;';;Y;;;;'15/01/2019 12:41:18
;;;Zoning;6807323;'20200219142313;W03-C-Antwerpen-West-FH07;6807323;'20200219142313;W03-C-Antwerpen-West-FH07;19084;FTTH-Cu;;';';;;;;;;714910;'20191021114747;61013;'1630000;'29477;Steenbergstraat;'21;';2000;Antwerpen;;'152038,357;'211651,443;';Y;NA;4;12;Unknown;Unknown;;None;;;';;';;Y;;;;'15/01/2019 12:41:18;5;11086896;;LU;1;';';';';';;;;;;;;';;';;Y;;;;'15/01/2019 12:41:18
;;;Zoning;6807323;'20200219142313;W03-C-Antwerpen-West-FH07;6807323;'20200219142313;W03-C-Antwerpen-West-FH07;19084;FTTH-Cu;;';';;;;;;;677284;'20191021115855;2054382;'1630000;'29477;Steenbergstraat;'22;';2000;Antwerpen;;'152017,605;'211639,647;';Y;NA;3;9;Unknown;Unknown;;None;;;';;';;Y;;;;'15/01/2019 12:41:18;1;1708464;;LU;1;';';';';';Y;;HOUSE;WONING - MAISON;NA;;;';;';;Y;;;;'15/01/2019 12:41:18
;;;Zoning;6807323;'20200219142313;W03-C-Antwerpen-West-FH07;6807323;'20200219142313;W03-C-Antwerpen-West-FH07;19084;FTTH-Cu;;';';;;;;;;677285;'20191021114746;2054383;'1630000;'29477;Steenbergstraat;'23;';2000;Antwerpen;;'152044,353;'211647,683;';Y;NA;15;4;Unknown;Unknown;;None;;;';IFH_BATCH;'12/07/2019 07:38:18;;Y;;;;'12/07/2019 07:28:35;1;1713025;;LU;1;';';';';';Y;;HOUSE;WONING - MAISON;NA;;;';;';;Y;;;;'12/07/2019 07:28:35
;;;Zoning;6807323;'20200219142313;W03-C-Antwerpen-West-FH07;6807323;'20200219142313;W03-C-Antwerpen-West-FH07;19084;FTTH-Cu;;';';;;;;;;677285;'20191021114746;2054383;'1630000;'29477;Steenbergstraat;'23;';2000;Antwerpen;;'152044,353;'211647,683;';Y;NA;15;4;Unknown;Unknown;;None;;;';IFH_BATCH;'12/07/2019 07:38:18;;Y;;;;'12/07/2019 07:28:35;2;1713026;;LU;1;';';';';';Y;;HOUSE;WONING - MAISON;NA;;;';;';;Y;;;;'12/07/2019 07:28:35
;;;Zoning;6807323;'20200219142313;W03-C-Antwerpen-West-FH07;6807323;'20200219142313;W03-C-Antwerpen-West-FH07;19084;FTTH-Cu;;';';;;;;;;677285;'20191021114746;2054383;'1630000;'29477;Steenbergstraat;'23;';2000;Antwerpen;;'152044,353;'211647,683;';Y;NA;15;4;Unknown;Unknown;;None;;;';IFH_BATCH;'12/07/2019 07:38:18;;Y;;;;'12/07/2019 07:28:35;3;1713027;;LU;1;';';';';';Y;;HOUSE;WONING - MAISON;NA;;;';;';;Y;;;;'12/07/2019 07:28:35
;;;Zoning;6807323;'20200219142313;W03-C-Antwerpen-West-FH07;6807323;'20200219142313;W03-C-Antwerpen-West-FH07;19084;FTTH-Cu;;';';;;;;;;677285;'20191021114746;2054383;'1630000;'29477;Steenbergstraat;'23;';2000;Antwerpen;;'152044,353;'211647,683;';Y;NA;15;4;Unknown;Unknown;;None;;;';IFH_BATCH;'12/07/2019 07:38:18;;Y;;;;'12/07/2019 07:28:35;4;1713028;;LU;1;';';';';';Y;;HOUSE;WONING - MAISON;NA;;;';;';;Y;;;;'12/07/2019 07:28:35
;;;Zoning;6807323;'20200219142313;W03-C-Antwerpen-West-FH07;6807323;'20200219142313;W03-C-Antwerpen-West-FH07;19084;FTTH-Cu;;';';;;;;;;677285;'20191021114746;2054383;'1630000;'29477;Steenbergstraat;'23;';2000;Antwerpen;;'152044,353;'211647,683;';Y;NA;15;4;Unknown;Unknown;;None;;;';IFH_BATCH;'12/07/2019 07:38:18;;Y;;;;'12/07/2019 07:28:35;5;1713029;;LU;1;';';';';';Y;;HOUSE;WONING - MAISON;NA;;;';;';;Y;;;;'12/07/2019 07:28:35
;;;Zoning;6807323;'20200219142313;W03-C-Antwerpen-West-FH07;6807323;'20200219142313;W03-C-Antwerpen-West-FH07;19084;FTTH-Cu;;';';;;;;;;677285;'20191021114746;2054383;'1630000;'29477;Steenbergstraat;'23;';2000;Antwerpen;;'152044,353;'211647,683;';Y;NA;15;4;Unknown;Unknown;;None;;;';IFH_BATCH;'12/07/2019 07:38:18;;Y;;;;'12/07/2019 07:28:35;6;1713030;;LU;1;';';';';';Y;;HOUSE;WONING - MAISON;NA;;;';;';;Y;;;;'12/07/2019 07:28:35
;;;Zoning;6807323;'20200219142313;W03-C-Antwerpen-West-FH07;6807323;'20200219142313;W03-C-Antwerpen-West-FH07;19084;FTTH-Cu;;';';;;;;;;677285;'20191021114746;2054383;'1630000;'29477;Steenbergstraat;'23;';2000;Antwerpen;;'152044,353;'211647,683;';Y;NA;15;4;Unknown;Unknown;;None;;;';IFH_BATCH;'12/07/2019 07:38:18;;Y;;;;'12/07/2019 07:28:35;7;1713031;;LU;1;';';';';';Y;;HOUSE;WONING - MAISON;NA;;;';;';;Y;;;;'12/07/2019 07:28:35
;;;Zoning;6807323;'20200219142313;W03-C-Antwerpen-West-FH07;6807323;'20200219142313;W03-C-Antwerpen-West-FH07;19084;FTTH-Cu;;';';;;;;;;677285;'20191021114746;2054383;'1630000;'29477;Steenbergstraat;'23;';2000;Antwerpen;;'152044,353;'211647,683;';Y;NA;15;4;Unknown;Unknown;;None;;;';IFH_BATCH;'12/07/2019 07:38:18;;Y;;;;'12/07/2019 07:28:35;8;1713032;;LU;1;';';';';';Y;;HOUSE;WONING - MAISON;NA;;;';;';;Y;;;;'12/07/2019 07:28:35
;;;Zoning;6807323;'20200219142313;W03-C-Antwerpen-West-FH07;6807323;'20200219142313;W03-C-Antwerpen-West-FH07;19084;FTTH-Cu;;';';;;;;;;677285;'20191021114746;2054383;'1630000;'29477;Steenbergstraat;'23;';2000;Antwerpen;;'152044,353;'211647,683;';Y;NA;15;4;Unknown;Unknown;;None;;;';IFH_BATCH;'12/07/2019 07:38:18;;Y;;;;'12/07/2019 07:28:35;9;1713033;;LU;1;';';';';';Y;;HOUSE;WONING - MAISON;NA;;;';;';;Y;;;;'12/07/2019 07:28:35
;;;Zoning;6807323;'20200219142313;W03-C-Antwerpen-West-FH07;6807323;'20200219142313;W03-C-Antwerpen-West-FH07;19084;FTTH-Cu;;';';;;;;;;677285;'20191021114746;2054383;'1630000;'29477;Steenbergstraat;'23;';2000;Antwerpen;;'152044,353;'211647,683;';Y;NA;15;4;Unknown;Unknown;;None;;;';IFH_BATCH;'12/07/2019 07:38:18;;Y;;;;'12/07/2019 07:28:35;10;1713034;;LU;1;';';';';';Y;;HOUSE;WONING - MAISON;NA;;;';;';;Y;;;;'12/07/2019 07:28:35
;;;Zoning;6807323;'20200219142313;W03-C-Antwerpen-West-FH07;6807323;'20200219142313;W03-C-Antwerpen-West-FH07;19084;FTTH-Cu;;';';;;;;;;677285;'20191021114746;2054383;'1630000;'29477;Steenbergstraat;'23;';2000;Antwerpen;;'152044,353;'211647,683;';Y;NA;15;4;Unknown;Unknown;;None;;;';IFH_BATCH;'12/07/2019 07:38:18;;Y;;;;'12/07/2019 07:28:35;11;1713035;;LU;1;';';';';';Y;;HOUSE;WONING - MAISON;NA;;;';;';;Y;;;;'12/07/2019 07:28:35
;;;Zoning;6807323;'20200219142313;W03-C-Antwerpen-West-FH07;6807323;'20200219142313;W03-C-Antwerpen-West-FH07;19084;FTTH-Cu;;';';;;;;;;677285;'20191021114746;2054383;'1630000;'29477;Steenbergstraat;'23;';2000;Antwerpen;;'152044,353;'211647,683;';Y;NA;15;4;Unknown;Unknown;;None;;;';IFH_BATCH;'12/07/2019 07:38:18;;Y;;;;'12/07/2019 07:28:35;12;1713036;;LU;1;';';';';';Y;;HOUSE;WONING - MAISON;NA;;;';;';;Y;;;;'12/07/2019 07:28:35
;;;Zoning;6807323;'20200219142313;W03-C-Antwerpen-West-FH07;6807323;'20200219142313;W03-C-Antwerpen-West-FH07;19084;FTTH-Cu;;';';;;;;;;677286;'20191021123346;2054384;'1630000;'29477;Steenbergstraat;'24;';2000;Antwerpen;;'152020,418;'211638,683;';Y;NA;5;4;Unknown;Unknown;;None;;;';IFH_BATCH;'12/07/2019 07:38:21;;Y;;;;'12/07/2019 07:28:35;1;1717341;;LU;1;';';';';';Y;;COMM;HANDELSZAAK - COMMERCE;NA;;;';;';;Y;;;;'12/07/2019 07:28:35
;;;Zoning;6807323;'20200219142313;W03-C-Antwerpen-West-FH07;6807323;'20200219142313;W03-C-Antwerpen-West-FH07;19084;FTTH-Cu;;';';;;;;;;677286;'20191021123346;2054384;'1630000;'29477;Steenbergstraat;'24;';2000;Antwerpen;;'152020,418;'211638,683;';Y;NA;5;4;Unknown;Unknown;;None;;;';IFH_BATCH;'12/07/2019 07:38:21;;Y;;;;'12/07/2019 07:28:35;2;11087171;;LU;1;';';';';';;;;;;;;';;';;Y;;;;'12/07/2019 07:28:35
;;;Zoning;6807323;'20200219142313;W03-C-Antwerpen-West-FH07;6807323;'20200219142313;W03-C-Antwerpen-West-FH07;19084;FTTH-Cu;;';';;;;;;;677287;'20191021114747;2054385;'1630000;'29477;Steenbergstraat;'25;';2000;Antwerpen;;'152050,326;'211644,613;';Y;NA;5;15;Unknown;Unknown;;None;;;';;';;Y;;;;'15/01/2019 12:41:18;1;1721380;;LU;1;';';';';';Y;;HOUSE;WONING - MAISON;NA;;;';;';;Y;;;;'15/01/2019 12:41:18
;;;Zoning;6807323;'20200219142313;W03-C-Antwerpen-West-FH07;6807323;'20200219142313;W03-C-Antwerpen-West-FH07;19084;FTTH-Cu;;';';;;;;;;677287;'20191021114747;2054385;'1630000;'29477;Steenbergstraat;'25;';2000;Antwerpen;;'152050,326;'211644,613;';Y;NA;5;15;Unknown;Unknown;;None;;;';;';;Y;;;;'15/01/2019 12:41:18;2;1721381;;LU;1;';';';';';Y;;HOUSE;WONING - MAISON;NA;;;';;';;Y;;;;'15/01/2019 12:41:18
;;;Zoning;6807323;'20200219142313;W03-C-Antwerpen-West-FH07;6807323;'20200219142313;W03-C-Antwerpen-West-FH07;19084;FTTH-Cu;;';';;;;;;;677287;'20191021114747;2054385;'1630000;'29477;Steenbergstraat;'25;';2000;Antwerpen;;'152050,326;'211644,613;';Y;NA;5;15;Unknown;Unknown;;None;;;';;';;Y;;;;'15/01/2019 12:41:18;3;1721382;;LU;1;';';';';';Y;;HOUSE;WONING - MAISON;NA;;;';;';;Y;;;;'15/01/2019 12:41:18
;;;Zoning;6807323;'20200219142313;W03-C-Antwerpen-West-FH07;6807323;'20200219142313;W03-C-Antwerpen-West-FH07;19084;FTTH-Cu;;';';;;;;;;677287;'20191021114747;2054385;'1630000;'29477;Steenbergstraat;'25;';2000;Antwerpen;;'152050,326;'211644,613;';Y;NA;5;15;Unknown;Unknown;;None;;;';;';;Y;;;;'15/01/2019 12:41:18;4;1721383;;LU;1;';';';';';Y;;HOUSE;WONING - MAISON;NA;;;';;';;Y;;;;'15/01/2019 12:41:18
;;;Zoning;6807323;'20200219142313;W03-C-Antwerpen-West-FH07;6807323;'20200219142313;W03-C-Antwerpen-West-FH07;19084;FTTH-Cu;;';';;;;;;;677287;'20191021114747;2054385;'1630000;'29477;Steenbergstraat;'25;';2000;Antwerpen;;'152050,326;'211644,613;';Y;NA;5;15;Unknown;Unknown;;None;;;';;';;Y;;;;'15/01/2019 12:41:18;5;11086897;;LU;1;';';';';';;;;;;;;';;';;Y;;;;'15/01/2019 12:41:18
;;;Zoning;6807323;'20200219142313;W03-C-Antwerpen-West-FH07;6807323;'20200219142313;W03-C-Antwerpen-West-FH07;19084;FTTH-Cu;;';';;;;;;;677287;'20191021114747;2054385;'1630000;'29477;Steenbergstraat;'25;';2000;Antwerpen;;'152050,326;'211644,613;';Y;NA;5;15;Unknown;Unknown;;None;;;';;';;Y;;;;'15/01/2019 12:41:18;6;11086898;;LU;1;';';';';';;;;;;;;';;';;Y;;;;'15/01/2019 12:41:18
;;;Zoning;6807323;'20200219142313;W03-C-Antwerpen-West-FH07;6807323;'20200219142313;W03-C-Antwerpen-West-FH07;19084;FTTH-Cu;;';';;;;;;;677287;'20191021114747;2054385;'1630000;'29477;Steenbergstraat;'25;';2000;Antwerpen;;'152050,326;'211644,613;';Y;NA;5;15;Unknown;Unknown;;None;;;';;';;Y;;;;'15/01/2019 12:41:18;7;11086899;;LU;1;';';';';';;;;;;;;';;';;Y;;;;'15/01/2019 12:41:18
;;;Zoning;6807323;'20200219142313;W03-C-Antwerpen-West-FH07;6807323;'20200219142313;W03-C-Antwerpen-West-FH07;19084;FTTH-Cu;;';';;;;;;;677287;'20191021114747;2054385;'1630000;'29477;Steenbergstraat;'25;';2000;Antwerpen;;'152050,326;'211644,613;';Y;NA;5;15;Unknown;Unknown;;None;;;';;';;Y;;;;'15/01/2019 12:41:18;8;11086900;;LU;1;';';';';';;;;;;;;';;';;Y;;;;'15/01/2019 12:41:18
;;;Zoning;6807323;'20200219142313;W03-C-Antwerpen-West-FH07;6807323;'20200219142313;W03-C-Antwerpen-West-FH07;19084;FTTH-Cu;;';';;;;;;;11378608;'20191021123425;4506584;'1630000;'29477;Steenbergstraat;'26;';2000;Antwerpen;;'152022,728;'211634,825;';Y;NA;1;4;Unknown;Unknown;;None;;;';IFH_BATCH;'12/07/2019 07:43:59;;Y;;;;'12/07/2019 07:28:35;1;11086187;;LU;1;';';';';';;;;;;;;';;';;Y;;;;'12/07/2019 07:28:35
;;;Zoning;6807323;'20200219142313;W03-C-Antwerpen-West-FH07;6807323;'20200219142313;W03-C-Antwerpen-West-FH07;19084;FTTH-Cu;;';';;;;;;;714863;'20191021114802;61002;'1630000;'29477;Steenbergstraat;'27;';2000;Antwerpen;;'152054,876;'211641,463;';N;ORN;4;13;Unknown;Unknown;;None;;;';;';;Y;;;;'15/01/2019 12:41:18;1;1729012;;LU;1;';';';';';Y;;COMM;HANDELSZAAK - COMMERCE;NA;;;';;';;Y;;;;'15/01/2019 12:41:18
;;;Zoning;6807323;'20200219142313;W03-C-Antwerpen-West-FH07;6807323;'20200219142313;W03-C-Antwerpen-West-FH07;19084;FTTH-Cu;;';';;;;;;;714863;'20191021114802;61002;'1630000;'29477;Steenbergstraat;'27;';2000;Antwerpen;;'152054,876;'211641,463;';N;ORN;4;13;Unknown;Unknown;;None;;;';;';;Y;;;;'15/01/2019 12:41:18;2;1729013;;LU;1;';';';';';Y;;COMM;HANDELSZAAK - COMMERCE;NA;;;';;';;Y;;;;'15/01/2019 12:41:18
;;;Zoning;6807323;'20200219142313;W03-C-Antwerpen-West-FH07;6807323;'20200219142313;W03-C-Antwerpen-West-FH07;19084;FTTH-Cu;;';';;;;;;;714863;'20191021114802;61002;'1630000;'29477;Steenbergstraat;'27;';2000;Antwerpen;;'152054,876;'211641,463;';N;ORN;4;13;Unknown;Unknown;;None;;;';;';;Y;;;;'15/01/2019 12:41:18;3;1729014;;LU;1;';';';';';Y;;COMM;HANDELSZAAK - COMMERCE;NA;;;';;';;Y;;;;'15/01/2019 12:41:18
;;;Zoning;6807323;'20200219142313;W03-C-Antwerpen-West-FH07;6807323;'20200219142313;W03-C-Antwerpen-West-FH07;19084;FTTH-Cu;;';';;;;;;;714863;'20191021114802;61002;'1630000;'29477;Steenbergstraat;'27;';2000;Antwerpen;;'152054,876;'211641,463;';N;ORN;4;13;Unknown;Unknown;;None;;;';;';;Y;;;;'15/01/2019 12:41:18;4;11086901;;LU;1;';';';';';;;;;;;;';;';;Y;;;;'15/01/2019 12:41:18
;;;Zoning;6807323;'20200219142313;W03-C-Antwerpen-West-FH07;6807323;'20200219142313;W03-C-Antwerpen-West-FH07;19084;FTTH-Cu;;';';;;;;;;714863;'20191021114802;61002;'1630000;'29477;Steenbergstraat;'27;';2000;Antwerpen;;'152054,876;'211641,463;';N;ORN;4;13;Unknown;Unknown;;None;;;';;';;Y;;;;'15/01/2019 12:41:18;5;11086902;;LU;1;';';';';';;;;;;;;';;';;Y;;;;'15/01/2019 12:41:18
;;;Zoning;6807323;'20200219142313;W03-C-Antwerpen-West-FH07;6807323;'20200219142313;W03-C-Antwerpen-West-FH07;19084;FTTH-Cu;;';';;;;;;;714863;'20191021114802;61002;'1630000;'29477;Steenbergstraat;'27;';2000;Antwerpen;;'152054,876;'211641,463;';N;ORN;4;13;Unknown;Unknown;;None;;;';;';;Y;;;;'15/01/2019 12:41:18;6;11086903;;LU;1;';';';';';;;;;;;;';;';;Y;;;;'15/01/2019 12:41:18
;;;Zoning;6807323;'20200219142313;W03-C-Antwerpen-West-FH07;6807323;'20200219142313;W03-C-Antwerpen-West-FH07;19084;FTTH-Cu;;';';;;;;;;714863;'20191021114802;61002;'1630000;'29477;Steenbergstraat;'27;';2000;Antwerpen;;'152054,876;'211641,463;';N;ORN;4;13;Unknown;Unknown;;None;;;';;';;Y;;;;'15/01/2019 12:41:18;7;11086904;;LU;1;';';';';';;;;;;;;';;';;Y;;;;'15/01/2019 12:41:18
;;;Zoning;6807323;'20200219142313;W03-C-Antwerpen-West-FH07;6807323;'20200219142313;W03-C-Antwerpen-West-FH07;19084;FTTH-Cu;;';';;;;;;;714863;'20191021114802;61002;'1630000;'29477;Steenbergstraat;'27;';2000;Antwerpen;;'152054,876;'211641,463;';N;ORN;4;13;Unknown;Unknown;;None;;;';;';;Y;;;;'15/01/2019 12:41:18;8;11086905;;LU;1;';';';';';;;;;;;;';;';;Y;;;;'15/01/2019 12:41:18
;;;Zoning;6807323;'20200219142313;W03-C-Antwerpen-West-FH07;6807323;'20200219142313;W03-C-Antwerpen-West-FH07;19084;FTTH-Cu;;';';;;;;;;11378606;'20200113094213;4506586;'1630000;'29477;Steenbergstraat;'32;';2000;Antwerpen;;'152030;'211631;';Y;NA;1;4;Unknown;Unknown;;None;;;';IFH_BATCH;'12/07/2019 07:44:03;;Y;;;;'12/07/2019 07:28:35;1;11086186;;LU;1;';';';';';;;;;;;;';;';;Y;;;;'12/07/2019 07:28:35
;;;Zoning;6807323;'20200219142313;W03-C-Antwerpen-West-FH07;6807323;'20200219142313;W03-C-Antwerpen-West-FH07;19084;FTTH-Cu;;';';;;;;;;706566;'20191021123536;4506587;'1630000;'29477;Steenbergstraat;'34;';2000;Antwerpen;;'152034,838;'211628,696;';Y;NA;5;18;Unknown;Unknown;;None;;;';;';;Y;;;;'15/01/2019 12:41:18;1;1757831;;BU;1;';';';';';Y;;COMM;HANDELSZAAK - COMMERCE;NA;;;';;';;Y;;;;'15/01/2019 12:41:18
;;;Zoning;6807323;'20200219142313;W03-C-Antwerpen-West-FH07;6807323;'20200219142313;W03-C-Antwerpen-West-FH07;19084;FTTH-Cu;;';';;;;;;;677289;'20191021123545;2054387;'1630000;'29477;Steenbergstraat;'36;';2000;Antwerpen;;'152039,278;'211625,737;';Y;NA;5;18;Unknown;Unknown;;None;;;';;';;Y;;;;'15/01/2019 12:41:18;1;10371326;;BU;1;';';';';';Y;#A1/A.1/K1;APPART;DEEL_APP_GEBOUW - PARTIE_IMMEUBLE_APP;APPART;;;';;';;Y;;;;'15/01/2019 12:41:18
;;;Zoning;6807323;'20200219142313;W03-C-Antwerpen-West-FH07;6807323;'20200219142313;W03-C-Antwerpen-West-FH07;19084;FTTH-Cu;;';';;;;;;;677290;'20191021123556;2054388;'1630000;'29477;Steenbergstraat;'38;';2000;Antwerpen;;'152043,222;'211622,915;';Y;NA;5;18;Unknown;Unknown;;None;;;';;';;Y;;;;'15/01/2019 12:41:18;1;1768764;;BU;1;';';';';';Y;;APTBLD;APPARTEMENTSGEBOUW - IMMEUBLE A APPARTEMENTS;NA;;;';;';;Y;;;;'15/01/2019 12:41:18
;;;Zoning;6807323;'20200219142313;W03-C-Antwerpen-West-FH07;6807323;'20200219142313;W03-C-Antwerpen-West-FH07;19084;FTTH-Cu;11382531;'20191021124145;'Nationalestraat - Steenbergstraat 40;;;;;;;11377835;'20191021124051;61003;'1630000;'29477;Steenbergstraat;'40;';2000;Antwerpen;;'152047,178;'211620,583;';Y;NA;5;4;Unknown;Unknown;;None;;;';IFH_BATCH;'12/07/2019 07:43:54;;Y;;;;'12/07/2019 07:28:35;1;11086038;;LU;1;';';';';';;;;;;;;';;';;Y;;;;'12/07/2019 07:28:35
;;;Zoning;6807323;'20200219142313;W03-C-Antwerpen-West-FH07;6807323;'20200219142313;W03-C-Antwerpen-West-FH07;19084;FTTH-Cu;11382531;'20191021124145;'Nationalestraat - Steenbergstraat 40;;;;;;;11377835;'20191021124051;61003;'1630000;'29477;Steenbergstraat;'40;';2000;Antwerpen;;'152047,178;'211620,583;';Y;NA;5;4;Unknown;Unknown;;None;;;';IFH_BATCH;'12/07/2019 07:43:54;;Y;;;;'12/07/2019 07:28:35;2;11086039;;LU;1;';';';';';;;;;;;;';;';;Y;;;;'12/07/2019 07:28:35
;;;Zoning;6807323;'20200219142313;W03-C-Antwerpen-West-FH07;6807323;'20200219142313;W03-C-Antwerpen-West-FH07;19084;FTTH-Cu;11382531;'20191021124145;'Nationalestraat - Steenbergstraat 40;;;;;;;11377835;'20191021124051;61003;'1630000;'29477;Steenbergstraat;'40;';2000;Antwerpen;;'152047,178;'211620,583;';Y;NA;5;4;Unknown;Unknown;;None;;;';IFH_BATCH;'12/07/2019 07:43:54;;Y;;;;'12/07/2019 07:28:35;3;11086040;;LU;1;';';';';';;;;;;;;';;';;Y;;;;'12/07/2019 07:28:35
;;;Zoning;6807323;'20200219142313;W03-C-Antwerpen-West-FH07;6807323;'20200219142313;W03-C-Antwerpen-West-FH07;19084;FTTH-Cu;11382531;'20191021124145;'Nationalestraat - Steenbergstraat 40;;;;;;;11377835;'20191021124051;61003;'1630000;'29477;Steenbergstraat;'40;';2000;Antwerpen;;'152047,178;'211620,583;';Y;NA;5;4;Unknown;Unknown;;None;;;';IFH_BATCH;'12/07/2019 07:43:54;;Y;;;;'12/07/2019 07:28:35;4;11086041;;LU;1;';';';';';;;;;;;;';;';;Y;;;;'12/07/2019 07:28:35
;;;Zoning;6807323;'20200219142313;W03-C-Antwerpen-West-FH07;6807323;'20200219142313;W03-C-Antwerpen-West-FH07;19084;FTTH-Cu;11382475;'20190604080300;'Hoogstraat 79 + 81 Steenhouwersvest 1 A;;;;;;;11378968;'20190604080300;6089031;'1630000;'29519;Steenhouwersvest;'1;'A;2000;Antwerpen;;'151986,906;'212040,953;';N;IRREG;5;15;Unknown;Unknown;;None;;;';;';;Y;;;;'15/01/2019 12:41:18;1;11086325;;LU;1;';';';';';;;;;;;;';;';;Y;;;;'15/01/2019 12:41:18
;;;Zoning;6807323;'20200219142313;W03-C-Antwerpen-West-FH07;6807323;'20200219142313;W03-C-Antwerpen-West-FH07;19084;FTTH-Cu;;';';;;;;;;700604;'20190712080941;44486;'1630000;'29519;Steenhouwersvest;'2;';2000;Antwerpen;;'151987,49;'212022,858;';N;ORN;3;0;Unknown;Unknown;;None;;;';IFH_BATCH;'12/07/2019 07:38:35;;Y;;;;'12/07/2019 07:28:35;1;1693717;;BU;1;';';';';';Y;;HOUSE;WONING - MAISON;NA;;;';;';;Y;;;;'12/07/2019 07:28:35
;;;Zoning;6807323;'20200219142313;W03-C-Antwerpen-West-FH07;6807323;'20200219142313;W03-C-Antwerpen-West-FH07;19084;FTTH-Cu;;';';;;;;;;11378970;'20191016093500;1075070;'1630000;'29519;Steenhouwersvest;'3;';2000;Antwerpen;;'151992,385;'212038,827;';N;NA;5;4;Unknown;Unknown;;None;;;';IFH_BATCH;'12/07/2019 07:39:23;;Y;;;;'12/07/2019 07:28:35;1;11086326;;BU;1;';';';';';;;;;;;;';;';;Y;;;;'12/07/2019 07:28:35
;;;Zoning;6807323;'20200219142313;W03-C-Antwerpen-West-FH07;6807323;'20200219142313;W03-C-Antwerpen-West-FH07;19084;FTTH-Cu;;';';;;;;;;677384;'20190604080306;2054495;'1630000;'29519;Steenhouwersvest;'4;';2000;Antwerpen;;'151993,62;'212020,141;';Y;NA;4;12;Unknown;Unknown;;None;;;';;';;Y;;;;'15/01/2019 12:41:18;1;1775874;;LU;1;';';';';';Y;;COMM;HANDELSZAAK - COMMERCE;NA;;;';;';;Y;;;;'15/01/2019 12:41:18
;;;Zoning;6807323;'20200219142313;W03-C-Antwerpen-West-FH07;6807323;'20200219142313;W03-C-Antwerpen-West-FH07;19084;FTTH-Cu;;';';;;;;;;677384;'20190604080306;2054495;'1630000;'29519;Steenhouwersvest;'4;';2000;Antwerpen;;'151993,62;'212020,141;';Y;NA;4;12;Unknown;Unknown;;None;;;';;';;Y;;;;'15/01/2019 12:41:18;2;11086928;;LU;1;';';';';';;;;;;;;';;';;Y;;;;'15/01/2019 12:41:18
;;;Zoning;6807323;'20200219142313;W03-C-Antwerpen-West-FH07;6807323;'20200219142313;W03-C-Antwerpen-West-FH07;19084;FTTH-Cu;;';';;;;;;;677384;'20190604080306;2054495;'1630000;'29519;Steenhouwersvest;'4;';2000;Antwerpen;;'151993,62;'212020,141;';Y;NA;4;12;Unknown;Unknown;;None;;;';;';;Y;;;;'15/01/2019 12:41:18;3;11086929;;LU;1;';';';';';;;;;;;;';;';;Y;;;;'15/01/2019 12:41:18
;;;Zoning;6807323;'20200219142313;W03-C-Antwerpen-West-FH07;6807323;'20200219142313;W03-C-Antwerpen-West-FH07;19084;FTTH-Cu;11382556;'20191016141734;'Steenhouwersvest 8 en 6;;;;;;;677385;'20190604080306;2054496;'1630000;'29519;Steenhouwersvest;'6;';2000;Antwerpen;;'151997,728;'212018,119;';Y;NA;1;3;Unknown;Unknown;;None;;;';;';;Y;;;;'15/01/2019 12:41:18;1;1824244;;BU;1;';';';';';Y;;HOUSE;WONING - MAISON;NA;;;';;';;Y;;;;'15/01/2019 12:41:18
;;;Zoning;6807323;'20200219142313;W03-C-Antwerpen-West-FH07;6807323;'20200219142313;W03-C-Antwerpen-West-FH07;19084;FTTH-Cu;;';';;;;;;;11377726;'20190604080301;48959;'1630000;'29519;Steenhouwersvest;'7;';2000;Antwerpen;;'152000,971;'212036,374;';N;MON;4;12;Unknown;Unknown;;None;;;';;';;Y;;;;'15/01/2019 12:41:18;1;11085936;;LU;1;';';';';';;;;;;;;';;';;Y;;;;'15/01/2019 12:41:18
;;;Zoning;6807323;'20200219142313;W03-C-Antwerpen-West-FH07;6807323;'20200219142313;W03-C-Antwerpen-West-FH07;19084;FTTH-Cu;;';';;;;;;;11377726;'20190604080301;48959;'1630000;'29519;Steenhouwersvest;'7;';2000;Antwerpen;;'152000,971;'212036,374;';N;MON;4;12;Unknown;Unknown;;None;;;';;';;Y;;;;'15/01/2019 12:41:18;2;11085937;;LU;1;';';';';';;;;;;;;';;';;Y;;;;'15/01/2019 12:41:18
;;;Zoning;6807323;'20200219142313;W03-C-Antwerpen-West-FH07;6807323;'20200219142313;W03-C-Antwerpen-West-FH07;19084;FTTH-Cu;;';';;;;;;;11377726;'20190604080301;48959;'1630000;'29519;Steenhouwersvest;'7;';2000;Antwerpen;;'152000,971;'212036,374;';N;MON;4;12;Unknown;Unknown;;None;;;';;';;Y;;;;'15/01/2019 12:41:18;3;11085938;;LU;1;';';';';';;;;;;;;';;';;Y;;;;'15/01/2019 12:41:18
;;;Zoning;6807323;'20200219142313;W03-C-Antwerpen-West-FH07;6807323;'20200219142313;W03-C-Antwerpen-West-FH07;19084;FTTH-Cu;11382556;'20191016141734;'Steenhouwersvest 8 en 6;;;;;;;677386;'20190604080306;2054497;'1630000;'29519;Steenhouwersvest;'8;';2000;Antwerpen;;'152002,973;'212015,465;';Y;NA;4;12;Unknown;Unknown;;None;;;';;';;Y;;;;'15/01/2019 12:41:18;1;1855863;;LU;1;';';';';';Y;;HOUSE;WONING - MAISON;NA;;;';;';;Y;;;;'15/01/2019 12:41:18
;;;Zoning;6807323;'20200219142313;W03-C-Antwerpen-West-FH07;6807323;'20200219142313;W03-C-Antwerpen-West-FH07;19084;FTTH-Cu;11382556;'20191016141734;'Steenhouwersvest 8 en 6;;;;;;;677386;'20190604080306;2054497;'1630000;'29519;Steenhouwersvest;'8;';2000;Antwerpen;;'152002,973;'212015,465;';Y;NA;4;12;Unknown;Unknown;;None;;;';;';;Y;;;;'15/01/2019 12:41:18;2;1855864;;LU;1;';';';';';Y;;HOUSE;WONING - MAISON;NA;;;';;';;Y;;;;'15/01/2019 12:41:18
;;;Zoning;6807323;'20200219142313;W03-C-Antwerpen-West-FH07;6807323;'20200219142313;W03-C-Antwerpen-West-FH07;19084;FTTH-Cu;11382556;'20191016141734;'Steenhouwersvest 8 en 6;;;;;;;677386;'20190604080306;2054497;'1630000;'29519;Steenhouwersvest;'8;';2000;Antwerpen;;'152002,973;'212015,465;';Y;NA;4;12;Unknown;Unknown;;None;;;';;';;Y;;;;'15/01/2019 12:41:18;3;1855865;;LU;1;';';';';';Y;;HOUSE;WONING - MAISON;NA;;;';;';;Y;;;;'15/01/2019 12:41:18
;;;Zoning;6807323;'20200219142313;W03-C-Antwerpen-West-FH07;6807323;'20200219142313;W03-C-Antwerpen-West-FH07;19084;FTTH-Cu;;';';;;;;;;677387;'20190604080258;2054498;'1630000;'29519;Steenhouwersvest;'9;';2000;Antwerpen;;'152005,714;'212033,921;';Y;NA;3;9;Unknown;Unknown;;None;;;';;';;Y;;;;'15/01/2019 12:41:18;1;10367216;;LU;1;';';';';';Y;#A1/1/;APPART;DEEL_APP_GEBOUW - PARTIE_IMMEUBLE_APP;APPART;;;';;';;Y;;;;'15/01/2019 12:41:18
;;;Zoning;6807323;'20200219142313;W03-C-Antwerpen-West-FH07;6807323;'20200219142313;W03-C-Antwerpen-West-FH07;19084;FTTH-Cu;;';';;;;;;;677387;'20190604080258;2054498;'1630000;'29519;Steenhouwersvest;'9;';2000;Antwerpen;;'152005,714;'212033,921;';Y;NA;3;9;Unknown;Unknown;;None;;;';;';;Y;;;;'15/01/2019 12:41:18;2;10367415;;LU;1;';';';';';Y;#A2/2/;APPART;DEEL_APP_GEBOUW - PARTIE_IMMEUBLE_APP;APPART;;;';;';;Y;;;;'15/01/2019 12:41:18
;;;Zoning;6807323;'20200219142313;W03-C-Antwerpen-West-FH07;6807323;'20200219142313;W03-C-Antwerpen-West-FH07;19084;FTTH-Cu;;';';;;;;;;677387;'20190604080258;2054498;'1630000;'29519;Steenhouwersvest;'9;';2000;Antwerpen;;'152005,714;'212033,921;';Y;NA;3;9;Unknown;Unknown;;None;;;';;';;Y;;;;'15/01/2019 12:41:18;3;10368708;;BU;1;';';';';';Y;#HA.GV/;APPART;DEEL_APP_GEBOUW - PARTIE_IMMEUBLE_APP;COMM;;;';;';;Y;;;;'15/01/2019 12:41:18
;;;Zoning;6807323;'20200219142313;W03-C-Antwerpen-West-FH07;6807323;'20200219142313;W03-C-Antwerpen-West-FH07;19084;FTTH-Cu;;';';;;;;;;677387;'20190604080258;2054498;'1630000;'29519;Steenhouwersvest;'9;';2000;Antwerpen;;'152005,714;'212033,921;';Y;NA;3;9;Unknown;Unknown;;None;;;';;';;Y;;;;'15/01/2019 12:41:18;4;10369409;;LU;1;';';';';';Y;#A3.4/3/;APPART;DEEL_APP_GEBOUW - PARTIE_IMMEUBLE_APP;APPART;;;';;';;Y;;;;'15/01/2019 12:41:18
;;;Zoning;6807323;'20200219142313;W03-C-Antwerpen-West-FH07;6807323;'20200219142313;W03-C-Antwerpen-West-FH07;19084;FTTH-Cu;;';';;;;;;;677388;'20190712080924;2054499;'1630000;'29519;Steenhouwersvest;'11;';2000;Antwerpen;;'152010,947;'212031,222;';Y;NA;4;4;Unknown;Unknown;;None;;;';IFH_BATCH;'12/07/2019 07:39:03;;Y;;;;'12/07/2019 07:28:35;1;1630573;;BU;1;';';';';';Y;;HOUSE;WONING - MAISON;NA;;;';;';;Y;;;;'12/07/2019 07:28:35
;;;Zoning;6807323;'20200219142313;W03-C-Antwerpen-West-FH07;6807323;'20200219142313;W03-C-Antwerpen-West-FH07;19084;FTTH-Cu;;';';;;;;;;677389;'20191016141342;2054500;'1630000;'29519;Steenhouwersvest;'12;';2000;Antwerpen;;'152009,493;'212012,581;';Y;NA;3;9;Unknown;Unknown;;None;;;';;';;Y;;;;'15/01/2019 12:41:18;2;1638469;;BU;1;';';';';';Y;#HA.GV/GLV/;APPART;DEEL_APP_GEBOUW - PARTIE_IMMEUBLE_APP;COMM;;;';;';;Y;;;;'15/01/2019 12:41:18
;;;Zoning;6807323;'20200219142313;W03-C-Antwerpen-West-FH07;6807323;'20200219142313;W03-C-Antwerpen-West-FH07;19084;FTTH-Cu;;';';;;;;;;677390;'20190712080924;2054502;'1630000;'29519;Steenhouwersvest;'13;';2000;Antwerpen;;'152014,463;'212029,996;';Y;NA;4;4;Unknown;Unknown;;None;;;';IFH_BATCH;'12/07/2019 07:39:05;;Y;;;;'12/07/2019 07:28:35;1;1647927;;BU;1;';';';';';Y;;COMM;HANDELSZAAK - COMMERCE;NA;;;';;';;Y;;;;'12/07/2019 07:28:35
;;;Zoning;6807323;'20200219142313;W03-C-Antwerpen-West-FH07;6807323;'20200219142313;W03-C-Antwerpen-West-FH07;19084;FTTH-Cu;;';';;;;;;;677390;'20190712080924;2054502;'1630000;'29519;Steenhouwersvest;'13;';2000;Antwerpen;;'152014,463;'212029,996;';Y;NA;4;4;Unknown;Unknown;;None;;;';IFH_BATCH;'12/07/2019 07:39:05;;Y;;;;'12/07/2019 07:28:35;2;11086948;;LU;1;';';';';';;;;;;;;';;';;Y;;;;'12/07/2019 07:28:35
;;;Zoning;6807323;'20200219142313;W03-C-Antwerpen-West-FH07;6807323;'20200219142313;W03-C-Antwerpen-West-FH07;19084;FTTH-Cu;;';';;;;;;;616622;'20191016141351;1329076;'1630000;'29519;Steenhouwersvest;'14;';2000;Antwerpen;;'152016,527;'212009,233;';Y;NA;4;4;Unknown;Unknown;;None;;;';IFH_BATCH;'12/07/2019 07:38:38;;Y;;;;'12/07/2019 07:28:35;1;1652861;;LU;1;';';';';';Y;#A1/V;APPART;DEEL_APP_GEBOUW - PARTIE_IMMEUBLE_APP;APPART;;;';;';;Y;;;;'12/07/2019 07:28:35
;;;Zoning;6807323;'20200219142313;W03-C-Antwerpen-West-FH07;6807323;'20200219142313;W03-C-Antwerpen-West-FH07;19084;FTTH-Cu;;';';;;;;;;616622;'20191016141351;1329076;'1630000;'29519;Steenhouwersvest;'14;';2000;Antwerpen;;'152016,527;'212009,233;';Y;NA;4;4;Unknown;Unknown;;None;;;';IFH_BATCH;'12/07/2019 07:38:38;;Y;;;;'12/07/2019 07:28:35;2;1652869;;LU;1;';';';';';Y;#A2;APPART;DEEL_APP_GEBOUW - PARTIE_IMMEUBLE_APP;APPART;;;';;';;Y;;;;'12/07/2019 07:28:35
;;;Zoning;6807323;'20200219142313;W03-C-Antwerpen-West-FH07;6807323;'20200219142313;W03-C-Antwerpen-West-FH07;19084;FTTH-Cu;;';';;;;;;;616622;'20191016141351;1329076;'1630000;'29519;Steenhouwersvest;'14;';2000;Antwerpen;;'152016,527;'212009,233;';Y;NA;4;4;Unknown;Unknown;;None;;;';IFH_BATCH;'12/07/2019 07:38:38;;Y;;;;'12/07/2019 07:28:35;5;1653489;;BU;1;';';';';';Y;#HA.GV/K;APPART;DEEL_APP_GEBOUW - PARTIE_IMMEUBLE_APP;COMM;;;';;';;Y;;;;'12/07/2019 07:28:35
;;;Zoning;6807323;'20200219142313;W03-C-Antwerpen-West-FH07;6807323;'20200219142313;W03-C-Antwerpen-West-FH07;19084;FTTH-Cu;;';';;;;;;;677391;'20191016135357;2054504;'1630000;'29519;Steenhouwersvest;'15;';2000;Antwerpen;;'152020,482;'212030,574;';N;ORN;4;0;Unknown;Unknown;;None;;;';IFH_BATCH;'12/07/2019 07:39:08;;Y;;;;'12/07/2019 07:28:35;1;10367217;;LU;1;';';';';';Y;#A1/1/;APPART;DEEL_APP_GEBOUW - PARTIE_IMMEUBLE_APP;APPART;;;';;';;Y;;;;'12/07/2019 07:28:35
;;;Zoning;6807323;'20200219142313;W03-C-Antwerpen-West-FH07;6807323;'20200219142313;W03-C-Antwerpen-West-FH07;19084;FTTH-Cu;;';';;;;;;;677391;'20191016135357;2054504;'1630000;'29519;Steenhouwersvest;'15;';2000;Antwerpen;;'152020,482;'212030,574;';N;ORN;4;0;Unknown;Unknown;;None;;;';IFH_BATCH;'12/07/2019 07:39:08;;Y;;;;'12/07/2019 07:28:35;2;10367416;;LU;1;';';';';';Y;#A2/2/;APPART;DEEL_APP_GEBOUW - PARTIE_IMMEUBLE_APP;APPART;;;';;';;Y;;;;'12/07/2019 07:28:35
;;;Zoning;6807323;'20200219142313;W03-C-Antwerpen-West-FH07;6807323;'20200219142313;W03-C-Antwerpen-West-FH07;19084;FTTH-Cu;;';';;;;;;;677391;'20191016135357;2054504;'1630000;'29519;Steenhouwersvest;'15;';2000;Antwerpen;;'152020,482;'212030,574;';N;ORN;4;0;Unknown;Unknown;;None;;;';IFH_BATCH;'12/07/2019 07:39:08;;Y;;;;'12/07/2019 07:28:35;3;10367605;;LU;1;';';';';';Y;#A3/3/;APPART;DEEL_APP_GEBOUW - PARTIE_IMMEUBLE_APP;APPART;;;';;';;Y;;;;'12/07/2019 07:28:35
;;;Zoning;6807323;'20200219142313;W03-C-Antwerpen-West-FH07;6807323;'20200219142313;W03-C-Antwerpen-West-FH07;19084;FTTH-Cu;;';';;;;;;;677391;'20191016135357;2054504;'1630000;'29519;Steenhouwersvest;'15;';2000;Antwerpen;;'152020,482;'212030,574;';N;ORN;4;0;Unknown;Unknown;;None;;;';IFH_BATCH;'12/07/2019 07:39:08;;Y;;;;'12/07/2019 07:28:35;4;10368709;;BU;1;';';';';';Y;#HA.GV/;APPART;DEEL_APP_GEBOUW - PARTIE_IMMEUBLE_APP;COMM;;;';;';;Y;;;;'12/07/2019 07:28:35
;;;Zoning;6807323;'20200219142313;W03-C-Antwerpen-West-FH07;6807323;'20200219142313;W03-C-Antwerpen-West-FH07;19084;FTTH-Cu;;';';;;;;;;677392;'20191016141400;2054505;'1630000;'29519;Steenhouwersvest;'16;';2000;Antwerpen;;'152025,203;'212005,759;';Y;NA;3;4;Unknown;Unknown;;None;;;';IFH_BATCH;'12/07/2019 07:38:40;;Y;;;;'12/07/2019 07:28:35;1;1668524;;BU;1;';';';';';Y;;COMM;HANDELSZAAK - COMMERCE;NA;;;';;';;Y;;;;'12/07/2019 07:28:35
;;;Zoning;6807323;'20200219142313;W03-C-Antwerpen-West-FH07;6807323;'20200219142313;W03-C-Antwerpen-West-FH07;19084;FTTH-Cu;;';';;;;;;;677392;'20191016141400;2054505;'1630000;'29519;Steenhouwersvest;'16;';2000;Antwerpen;;'152025,203;'212005,759;';Y;NA;3;4;Unknown;Unknown;;None;;;';IFH_BATCH;'12/07/2019 07:38:40;;Y;;;;'12/07/2019 07:28:35;2;1668525;;LU;1;';';';';';Y;;COMM;HANDELSZAAK - COMMERCE;NA;;;';;';;Y;;;;'12/07/2019 07:28:35
;;;Zoning;6807323;'20200219142313;W03-C-Antwerpen-West-FH07;6807323;'20200219142313;W03-C-Antwerpen-West-FH07;19084;FTTH-Cu;;';';;;;;;;677392;'20191016141400;2054505;'1630000;'29519;Steenhouwersvest;'16;';2000;Antwerpen;;'152025,203;'212005,759;';Y;NA;3;4;Unknown;Unknown;;None;;;';IFH_BATCH;'12/07/2019 07:38:40;;Y;;;;'12/07/2019 07:28:35;3;1668526;;LU;1;';';';';';Y;;COMM;HANDELSZAAK - COMMERCE;NA;;;';;';;Y;;;;'12/07/2019 07:28:35
;;;Zoning;6807323;'20200219142313;W03-C-Antwerpen-West-FH07;6807323;'20200219142313;W03-C-Antwerpen-West-FH07;19084;FTTH-Cu;;';';;;;;;;677392;'20191016141400;2054505;'1630000;'29519;Steenhouwersvest;'16;';2000;Antwerpen;;'152025,203;'212005,759;';Y;NA;3;4;Unknown;Unknown;;None;;;';IFH_BATCH;'12/07/2019 07:38:40;;Y;;;;'12/07/2019 07:28:35;4;1668527;;LU;1;';';';';';Y;;COMM;HANDELSZAAK - COMMERCE;NA;;;';;';;Y;;;;'12/07/2019 07:28:35
;;;Zoning;6807323;'20200219142313;W03-C-Antwerpen-West-FH07;6807323;'20200219142313;W03-C-Antwerpen-West-FH07;19084;FTTH-Cu;;';';;;;;;;677392;'20191016141400;2054505;'1630000;'29519;Steenhouwersvest;'16;';2000;Antwerpen;;'152025,203;'212005,759;';Y;NA;3;4;Unknown;Unknown;;None;;;';IFH_BATCH;'12/07/2019 07:38:40;;Y;;;;'12/07/2019 07:28:35;5;11086930;;LU;1;';';';';';;;;;;;;';;';;Y;;;;'12/07/2019 07:28:35
;;;Zoning;6807323;'20200219142313;W03-C-Antwerpen-West-FH07;6807323;'20200219142313;W03-C-Antwerpen-West-FH07;19084;FTTH-Cu;;';';;;;;;;677392;'20191016141400;2054505;'1630000;'29519;Steenhouwersvest;'16;';2000;Antwerpen;;'152025,203;'212005,759;';Y;NA;3;4;Unknown;Unknown;;None;;;';IFH_BATCH;'12/07/2019 07:38:40;;Y;;;;'12/07/2019 07:28:35;6;11086931;;LU;1;';';';';';;;;;;;;';;';;Y;;;;'12/07/2019 07:28:35
;;;Zoning;6807323;'20200219142313;W03-C-Antwerpen-West-FH07;6807323;'20200219142313;W03-C-Antwerpen-West-FH07;19084;FTTH-Cu;11382557;'20191016132344;'Steenhouwersvest 17,19,21;;;;;;;677393;'20190712080925;2054507;'1630000;'29519;Steenhouwersvest;'17;';2000;Antwerpen;;'152026,784;'212025,58;';Y;NA;1;4;Unknown;Unknown;;None;;;';IFH_BATCH;'12/07/2019 07:39:10;;Y;;;;'12/07/2019 07:28:35;1;1673066;;BU;1;';';';';';Y;#TOEGANG RUI;APPART;DEEL_APP_GEBOUW - PARTIE_IMMEUBLE_APP;;;;';;';;Y;;;;'12/07/2019 07:28:35
;;;Zoning;6807323;'20200219142313;W03-C-Antwerpen-West-FH07;6807323;'20200219142313;W03-C-Antwerpen-West-FH07;19084;FTTH-Cu;;';';;;;;;;677394;'20191016141408;2054508;'1630000;'29519;Steenhouwersvest;'18;';2000;Antwerpen;;'152034,142;'212002,365;';Y;NA;3;9;Unknown;Unknown;;None;;;';;';;Y;;;;'15/01/2019 12:41:18;1;1680100;;BU;1;';';';';';Y;;COMM;HANDELSZAAK - COMMERCE;NA;;;';;';;Y;;;;'15/01/2019 12:41:18
;;;Zoning;6807323;'20200219142313;W03-C-Antwerpen-West-FH07;6807323;'20200219142313;W03-C-Antwerpen-West-FH07;19084;FTTH-Cu;11382557;'20191016132344;'Steenhouwersvest 17,19,21;;;;;;;11377727;'20190712080952;2054509;'1630000;'29519;Steenhouwersvest;'19;';2000;Antwerpen;;'152028,81;'212030,086;';Y;NA;4;4;Unknown;Unknown;;None;;;';IFH_BATCH;'12/07/2019 07:44:05;;Y;;;;'12/07/2019 07:28:35;1;11085939;;LU;1;';';';';';;;;;;;;';;';;Y;;;;'12/07/2019 07:28:35
;;;Zoning;6807323;'20200219142313;W03-C-Antwerpen-West-FH07;6807323;'20200219142313;W03-C-Antwerpen-West-FH07;19084;FTTH-Cu;11382557;'20191016132344;'Steenhouwersvest 17,19,21;;;;;;;11377727;'20190712080952;2054509;'1630000;'29519;Steenhouwersvest;'19;';2000;Antwerpen;;'152028,81;'212030,086;';Y;NA;4;4;Unknown;Unknown;;None;;;';IFH_BATCH;'12/07/2019 07:44:05;;Y;;;;'12/07/2019 07:28:35;2;11085940;;LU;1;';';';';';;;;;;;;';;';;Y;;;;'12/07/2019 07:28:35
;;;Zoning;6807323;'20200219142313;W03-C-Antwerpen-West-FH07;6807323;'20200219142313;W03-C-Antwerpen-West-FH07;19084;FTTH-Cu;11382557;'20191016132344;'Steenhouwersvest 17,19,21;;;;;;;11377727;'20190712080952;2054509;'1630000;'29519;Steenhouwersvest;'19;';2000;Antwerpen;;'152028,81;'212030,086;';Y;NA;4;4;Unknown;Unknown;;None;;;';IFH_BATCH;'12/07/2019 07:44:05;;Y;;;;'12/07/2019 07:28:35;3;11085941;;LU;1;';';';';';;;;;;;;';;';;Y;;;;'12/07/2019 07:28:35
;;;Zoning;6807323;'20200219142313;W03-C-Antwerpen-West-FH07;6807323;'20200219142313;W03-C-Antwerpen-West-FH07;19084;FTTH-Cu;;';';;;;;;;677395;'20190604080306;2054510;'1630000;'29519;Steenhouwersvest;'20;';2000;Antwerpen;;'152039,878;'212000,172;';Y;NA;4;12;Unknown;Unknown;;None;;;';;';;Y;;;;'15/01/2019 12:41:18;1;1698403;;BU;1;';';';';';Y;;COMM;HANDELSZAAK - COMMERCE;NA;;;';;';;Y;;;;'15/01/2019 12:41:18
;;;Zoning;6807323;'20200219142313;W03-C-Antwerpen-West-FH07;6807323;'20200219142313;W03-C-Antwerpen-West-FH07;19084;FTTH-Cu;;';';;;;;;;677395;'20190604080306;2054510;'1630000;'29519;Steenhouwersvest;'20;';2000;Antwerpen;;'152039,878;'212000,172;';Y;NA;4;12;Unknown;Unknown;;None;;;';;';;Y;;;;'15/01/2019 12:41:18;2;1698404;;LU;1;';';';';';Y;;COMM;HANDELSZAAK - COMMERCE;NA;;;';;';;Y;;;;'15/01/2019 12:41:18
;;;Zoning;6807323;'20200219142313;W03-C-Antwerpen-West-FH07;6807323;'20200219142313;W03-C-Antwerpen-West-FH07;19084;FTTH-Cu;;';';;;;;;;677395;'20190604080306;2054510;'1630000;'29519;Steenhouwersvest;'20;';2000;Antwerpen;;'152039,878;'212000,172;';Y;NA;4;12;Unknown;Unknown;;None;;;';;';;Y;;;;'15/01/2019 12:41:18;3;1698405;;LU;1;';';';';';Y;;COMM;HANDELSZAAK - COMMERCE;NA;;;';;';;Y;;;;'15/01/2019 12:41:18
;;;Zoning;6807323;'20200219142313;W03-C-Antwerpen-West-FH07;6807323;'20200219142313;W03-C-Antwerpen-West-FH07;19084;FTTH-Cu;;';';;;;;;;677395;'20190604080306;2054510;'1630000;'29519;Steenhouwersvest;'20;';2000;Antwerpen;;'152039,878;'212000,172;';Y;NA;4;12;Unknown;Unknown;;None;;;';;';;Y;;;;'15/01/2019 12:41:18;4;11086932;;LU;1;';';';';';;;;;;;;';;';;Y;;;;'15/01/2019 12:41:18
;;;Zoning;6807323;'20200219142313;W03-C-Antwerpen-West-FH07;6807323;'20200219142313;W03-C-Antwerpen-West-FH07;19084;FTTH-Cu;11382557;'20191016132344;'Steenhouwersvest 17,19,21;;;;;;;11377728;'20190712080945;4505594;'1630000;'29519;Steenhouwersvest;'21;';2000;Antwerpen;;'152030,273;'212033,34;';Y;NA;1;4;Unknown;Unknown;;None;;;';IFH_BATCH;'12/07/2019 07:44:08;;Y;;;;'12/07/2019 07:28:35;1;11085942;;BU;1;';';';';';;;;;;;;';;';;Y;;;;'12/07/2019 07:28:35
;;;Zoning;6807323;'20200219142313;W03-C-Antwerpen-West-FH07;6807323;'20200219142313;W03-C-Antwerpen-West-FH07;19084;FTTH-Cu;;';';;;;;;;700610;'20190712080941;44487;'1630000;'29519;Steenhouwersvest;'22;';2000;Antwerpen;;'152046,45;'211998,213;';Y;NA;4;4;Unknown;Unknown;;None;;;';IFH_BATCH;'12/07/2019 07:38:43;;Y;;;;'12/07/2019 07:28:35;1;1708471;;LU;1;';';';';';Y;;HOUSE;WONING - MAISON;NA;;;';;';;Y;;;;'12/07/2019 07:28:35
;;;Zoning;6807323;'20200219142313;W03-C-Antwerpen-West-FH07;6807323;'20200219142313;W03-C-Antwerpen-West-FH07;19084;FTTH-Cu;11382558;'20190604080300;'Steenhouwersvest 23-25;;;;;;;677396;'20190712080925;2054511;'1630000;'29519;Steenhouwersvest;'23;';2000;Antwerpen;;'152037,605;'212024,19;';Y;NA;4;4;Unknown;Unknown;;None;;;';IFH_BATCH;'12/07/2019 07:39:13;;Y;;;;'12/07/2019 07:28:35;1;1712955;;LU;1;';';';';';Y;;APTBLD;APPARTEMENTSGEBOUW - IMMEUBLE A APPARTEMENTS;NA;;;';;';;Y;;;;'12/07/2019 07:28:35
;;;Zoning;6807323;'20200219142313;W03-C-Antwerpen-West-FH07;6807323;'20200219142313;W03-C-Antwerpen-West-FH07;19084;FTTH-Cu;11382558;'20190604080300;'Steenhouwersvest 23-25;;;;;;;677396;'20190712080925;2054511;'1630000;'29519;Steenhouwersvest;'23;';2000;Antwerpen;;'152037,605;'212024,19;';Y;NA;4;4;Unknown;Unknown;;None;;;';IFH_BATCH;'12/07/2019 07:39:13;;Y;;;;'12/07/2019 07:28:35;2;1712956;;LU;1;';';';';';Y;;APTBLD;APPARTEMENTSGEBOUW - IMMEUBLE A APPARTEMENTS;NA;;;';;';;Y;;;;'12/07/2019 07:28:35
;;;Zoning;6807323;'20200219142313;W03-C-Antwerpen-West-FH07;6807323;'20200219142313;W03-C-Antwerpen-West-FH07;19084;FTTH-Cu;11382558;'20190604080300;'Steenhouwersvest 23-25;;;;;;;677396;'20190712080925;2054511;'1630000;'29519;Steenhouwersvest;'23;';2000;Antwerpen;;'152037,605;'212024,19;';Y;NA;4;4;Unknown;Unknown;;None;;;';IFH_BATCH;'12/07/2019 07:39:13;;Y;;;;'12/07/2019 07:28:35;3;1712957;;LU;1;';';';';';Y;;APTBLD;APPARTEMENTSGEBOUW - IMMEUBLE A APPARTEMENTS;NA;;;';;';;Y;;;;'12/07/2019 07:28:35
;;;Zoning;6807323;'20200219142313;W03-C-Antwerpen-West-FH07;6807323;'20200219142313;W03-C-Antwerpen-West-FH07;19084;FTTH-Cu;;';';;;;;;;710474;'20191016142311;48905;'1630000;'29519;Steenhouwersvest;'24;';2000;Antwerpen;;'152055,421;'211995,712;';Y;NA;3;4;Unknown;Unknown;;None;;;';IFH_BATCH;'12/07/2019 07:38:45;;Y;;;;'12/07/2019 07:28:35;1;1717314;;BU;1;';';';';';Y;;HOUSE;WONING - MAISON;NA;;;';;';;Y;;;;'12/07/2019 07:28:35
;;;Zoning;6807323;'20200219142313;W03-C-Antwerpen-West-FH07;6807323;'20200219142313;W03-C-Antwerpen-West-FH07;19084;FTTH-Cu;11382558;'20190604080300;'Steenhouwersvest 23-25;;;;;;;677397;'20190712080925;2054512;'1630000;'29519;Steenhouwersvest;'25;';2000;Antwerpen;;'152038,995;'212027,624;';Y;NA;1;4;Unknown;Unknown;;None;;;';IFH_BATCH;'12/07/2019 07:39:15;;Y;;;;'12/07/2019 07:28:35;1;1721334;;BU;1;';';';';';Y;;COMM;HANDELSZAAK - COMMERCE;NA;;;';;';;Y;;;;'12/07/2019 07:28:35
;;;Zoning;6807323;'20200219142313;W03-C-Antwerpen-West-FH07;6807323;'20200219142313;W03-C-Antwerpen-West-FH07;19084;FTTH-Cu;;';';;;;;;;677398;'20191016142311;2054513;'1630000;'29519;Steenhouwersvest;'26;';2000;Antwerpen;;'152059,339;'211993,5;';N;ORN;3;0;Unknown;Unknown;;None;;;';IFH_BATCH;'12/07/2019 07:38:48;;Y;;;;'12/07/2019 07:28:35;1;1725182;;BU;1;';';';';';Y;;COMM;HANDELSZAAK - COMMERCE;NA;;;';;';;Y;;;;'12/07/2019 07:28:35
;;;Zoning;6807323;'20200219142313;W03-C-Antwerpen-West-FH07;6807323;'20200219142313;W03-C-Antwerpen-West-FH07;19084;FTTH-Cu;;';';;;;;;;677398;'20191016142311;2054513;'1630000;'29519;Steenhouwersvest;'26;';2000;Antwerpen;;'152059,339;'211993,5;';N;ORN;3;0;Unknown;Unknown;;None;;;';IFH_BATCH;'12/07/2019 07:38:48;;Y;;;;'12/07/2019 07:28:35;2;11086933;;LU;1;';';';';';;;;;;;;';;';;Y;;;;'12/07/2019 07:28:35
;;;Zoning;6807323;'20200219142313;W03-C-Antwerpen-West-FH07;6807323;'20200219142313;W03-C-Antwerpen-West-FH07;19084;FTTH-Cu;;';';;;;;;;677398;'20191016142311;2054513;'1630000;'29519;Steenhouwersvest;'26;';2000;Antwerpen;;'152059,339;'211993,5;';N;ORN;3;0;Unknown;Unknown;;None;;;';IFH_BATCH;'12/07/2019 07:38:48;;Y;;;;'12/07/2019 07:28:35;3;11086934;;LU;1;';';';';';;;;;;;;';;';;Y;;;;'12/07/2019 07:28:35
;;;Zoning;6807323;'20200219142313;W03-C-Antwerpen-West-FH07;6807323;'20200219142313;W03-C-Antwerpen-West-FH07;19084;FTTH-Cu;;';';;;;;;;677398;'20191016142311;2054513;'1630000;'29519;Steenhouwersvest;'26;';2000;Antwerpen;;'152059,339;'211993,5;';N;ORN;3;0;Unknown;Unknown;;None;;;';IFH_BATCH;'12/07/2019 07:38:48;;Y;;;;'12/07/2019 07:28:35;4;11086935;;LU;1;';';';';';;;;;;;;';;';;Y;;;;'12/07/2019 07:28:35
;;;Zoning;6807323;'20200219142313;W03-C-Antwerpen-West-FH07;6807323;'20200219142313;W03-C-Antwerpen-West-FH07;19084;FTTH-Cu;11382559;'20190604080303;'Vrijdagmarktstraatje 3 - Steenhouwersvest 27 - 29 - 31 - 33;;;;;;;11377729;'20190604080303;48907;'1630000;'29519;Steenhouwersvest;'27;';2000;Antwerpen;;'152064,586;'212013,126;';N;ORN;1;3;Unknown;Unknown;;None;;;';;';;Y;;;;'15/01/2019 12:41:18;1;11085943;;BU;1;';';';';';;;;;;;;';;';;Y;;;;'15/01/2019 12:41:18
;;;Zoning;6807323;'20200219142313;W03-C-Antwerpen-West-FH07;6807323;'20200219142313;W03-C-Antwerpen-West-FH07;19084;FTTH-Cu;;';';;;;;;;710476;'20191016142311;48909;'1630000;'29519;Steenhouwersvest;'28;';2000;Antwerpen;;'152064,922;'211991,596;';N;MON;3;0;Unknown;Unknown;;None;;;';IFH_BATCH;'12/07/2019 07:38:50;;Y;;;;'12/07/2019 07:28:35;1;10362239;;LU;1;';';';';';Y;;APTBLD;APPARTEMENTSGEBOUW - IMMEUBLE A APPARTEMENTS;NA;;;';;';;Y;;;;'12/07/2019 07:28:35
;;;Zoning;6807323;'20200219142313;W03-C-Antwerpen-West-FH07;6807323;'20200219142313;W03-C-Antwerpen-West-FH07;19084;FTTH-Cu;;';';;;;;;;710476;'20191016142311;48909;'1630000;'29519;Steenhouwersvest;'28;';2000;Antwerpen;;'152064,922;'211991,596;';N;MON;3;0;Unknown;Unknown;;None;;;';IFH_BATCH;'12/07/2019 07:38:50;;Y;;;;'12/07/2019 07:28:35;2;10362240;;LU;1;';';';';';Y;;APTBLD;APPARTEMENTSGEBOUW - IMMEUBLE A APPARTEMENTS;NA;;;';;';;Y;;;;'12/07/2019 07:28:35
;;;Zoning;6807323;'20200219142313;W03-C-Antwerpen-West-FH07;6807323;'20200219142313;W03-C-Antwerpen-West-FH07;19084;FTTH-Cu;;';';;;;;;;710476;'20191016142311;48909;'1630000;'29519;Steenhouwersvest;'28;';2000;Antwerpen;;'152064,922;'211991,596;';N;MON;3;0;Unknown;Unknown;;None;;;';IFH_BATCH;'12/07/2019 07:38:50;;Y;;;;'12/07/2019 07:28:35;3;11086936;;BU;1;';';';';';;;;;;;;';;';;Y;;;;'12/07/2019 07:28:35
;;;Zoning;6807323;'20200219142313;W03-C-Antwerpen-West-FH07;6807323;'20200219142313;W03-C-Antwerpen-West-FH07;19084;FTTH-Cu;;';';;;;;;;710476;'20191016142311;48909;'1630000;'29519;Steenhouwersvest;'28;';2000;Antwerpen;;'152064,922;'211991,596;';N;MON;3;0;Unknown;Unknown;;None;;;';IFH_BATCH;'12/07/2019 07:38:50;;Y;;;;'12/07/2019 07:28:35;4;11086937;;LU;1;';';';';';;;;;;;;';;';;Y;;;;'12/07/2019 07:28:35
;;;Zoning;6807323;'20200219142313;W03-C-Antwerpen-West-FH07;6807323;'20200219142313;W03-C-Antwerpen-West-FH07;19084;FTTH-Cu;11382559;'20190604080303;'Vrijdagmarktstraatje 3 - Steenhouwersvest 27 - 29 - 31 - 33;;;;;;;677399;'20190604080302;2054515;'1630000;'29519;Steenhouwersvest;'29;';2000;Antwerpen;;'152070,906;'212011,483;';N;ORN;1;3;Unknown;Unknown;;None;;;';;';;Y;;;;'15/01/2019 12:41:18;1;1736258;;BU;1;';';';';';Y;;APTBLD;APPARTEMENTSGEBOUW - IMMEUBLE A APPARTEMENTS;NA;;;';;';;Y;;;;'15/01/2019 12:41:18
;;;Zoning;6807323;'20200219142313;W03-C-Antwerpen-West-FH07;6807323;'20200219142313;W03-C-Antwerpen-West-FH07;19084;FTTH-Cu;;';';;;;;;;677400;'20191016142311;2054516;'1630000;'29519;Steenhouwersvest;'30;';2000;Antwerpen;;'152071,409;'211989,835;';Y;NA;1;3;Unknown;Unknown;;None;;;';;';;Y;;;;'15/01/2019 12:41:18;1;1744901;;BU;1;';';';';';Y;;APTBLD;APPARTEMENTSGEBOUW - IMMEUBLE A APPARTEMENTS;NA;;;';;';;Y;;;;'15/01/2019 12:41:18
;;;Zoning;6807323;'20200219142313;W03-C-Antwerpen-West-FH07;6807323;'20200219142313;W03-C-Antwerpen-West-FH07;19084;FTTH-Cu;11382559;'20190604080303;'Vrijdagmarktstraatje 3 - Steenhouwersvest 27 - 29 - 31 - 33;;;;;;;11377730;'20190604080303;2054517;'1630000;'29519;Steenhouwersvest;'31;';2000;Antwerpen;;'152077,541;'212011,167;';N;ORN;4;12;Unknown;Unknown;;None;;;';;';;Y;;;;'15/01/2019 12:41:18;1;11085944;;LU;1;';';';';';;;;;;;;';;';;Y;;;;'15/01/2019 12:41:18
;;;Zoning;6807323;'20200219142313;W03-C-Antwerpen-West-FH07;6807323;'20200219142313;W03-C-Antwerpen-West-FH07;19084;FTTH-Cu;11382559;'20190604080303;'Vrijdagmarktstraatje 3 - Steenhouwersvest 27 - 29 - 31 - 33;;;;;;;11377730;'20190604080303;2054517;'1630000;'29519;Steenhouwersvest;'31;';2000;Antwerpen;;'152077,541;'212011,167;';N;ORN;4;12;Unknown;Unknown;;None;;;';;';;Y;;;;'15/01/2019 12:41:18;2;11085945;;LU;1;';';';';';;;;;;;;';;';;Y;;;;'15/01/2019 12:41:18
;;;Zoning;6807323;'20200219142313;W03-C-Antwerpen-West-FH07;6807323;'20200219142313;W03-C-Antwerpen-West-FH07;19084;FTTH-Cu;11382559;'20190604080303;'Vrijdagmarktstraatje 3 - Steenhouwersvest 27 - 29 - 31 - 33;;;;;;;11377730;'20190604080303;2054517;'1630000;'29519;Steenhouwersvest;'31;';2000;Antwerpen;;'152077,541;'212011,167;';N;ORN;4;12;Unknown;Unknown;;None;;;';;';;Y;;;;'15/01/2019 12:41:18;3;11085946;;LU;1;';';';';';;;;;;;;';;';;Y;;;;'15/01/2019 12:41:18
;;;Zoning;6807323;'20200219142313;W03-C-Antwerpen-West-FH07;6807323;'20200219142313;W03-C-Antwerpen-West-FH07;19084;FTTH-Cu;11382559;'20190604080303;'Vrijdagmarktstraatje 3 - Steenhouwersvest 27 - 29 - 31 - 33;;;;;;;11377730;'20190604080303;2054517;'1630000;'29519;Steenhouwersvest;'31;';2000;Antwerpen;;'152077,541;'212011,167;';N;ORN;4;12;Unknown;Unknown;;None;;;';;';;Y;;;;'15/01/2019 12:41:18;4;11085947;;LU;1;';';';';';;;;;;;;';;';;Y;;;;'15/01/2019 12:41:18
;;;Zoning;6807323;'20200219142313;W03-C-Antwerpen-West-FH07;6807323;'20200219142313;W03-C-Antwerpen-West-FH07;19084;FTTH-Cu;11382559;'20190604080303;'Vrijdagmarktstraatje 3 - Steenhouwersvest 27 - 29 - 31 - 33;;;;;;;11377730;'20190604080303;2054517;'1630000;'29519;Steenhouwersvest;'31;';2000;Antwerpen;;'152077,541;'212011,167;';N;ORN;4;12;Unknown;Unknown;;None;;;';;';;Y;;;;'15/01/2019 12:41:18;5;11085948;;LU;1;';';';';';;;;;;;;';;';;Y;;;;'15/01/2019 12:41:18
;;;Zoning;6807323;'20200219142313;W03-C-Antwerpen-West-FH07;6807323;'20200219142313;W03-C-Antwerpen-West-FH07;19084;FTTH-Cu;11382559;'20190604080303;'Vrijdagmarktstraatje 3 - Steenhouwersvest 27 - 29 - 31 - 33;;;;;;;11377730;'20190604080303;2054517;'1630000;'29519;Steenhouwersvest;'31;';2000;Antwerpen;;'152077,541;'212011,167;';N;ORN;4;12;Unknown;Unknown;;None;;;';;';;Y;;;;'15/01/2019 12:41:18;6;11085949;;LU;1;';';';';';;;;;;;;';;';;Y;;;;'15/01/2019 12:41:18
;;;Zoning;6807323;'20200219142313;W03-C-Antwerpen-West-FH07;6807323;'20200219142313;W03-C-Antwerpen-West-FH07;19084;FTTH-Cu;;';';;;;;;;11377737;'20191016142312;2054518;'1630000;'29519;Steenhouwersvest;'32;';2000;Antwerpen;;'152075,937;'211988,598;';Y;NA;3;9;Unknown;Unknown;;None;;;';;';;Y;;;;'15/01/2019 12:41:18;1;11085959;;LU;1;';';';';';;;;;;;;';;';;Y;;;;'15/01/2019 12:41:18
;;;Zoning;6807323;'20200219142313;W03-C-Antwerpen-West-FH07;6807323;'20200219142313;W03-C-Antwerpen-West-FH07;19084;FTTH-Cu;;';';;;;;;;11377737;'20191016142312;2054518;'1630000;'29519;Steenhouwersvest;'32;';2000;Antwerpen;;'152075,937;'211988,598;';Y;NA;3;9;Unknown;Unknown;;None;;;';;';;Y;;;;'15/01/2019 12:41:18;2;11085960;;LU;1;';';';';';;;;;;;;';;';;Y;;;;'15/01/2019 12:41:18
;;;Zoning;6807323;'20200219142313;W03-C-Antwerpen-West-FH07;6807323;'20200219142313;W03-C-Antwerpen-West-FH07;19084;FTTH-Cu;;';';;;;;;;11377737;'20191016142312;2054518;'1630000;'29519;Steenhouwersvest;'32;';2000;Antwerpen;;'152075,937;'211988,598;';Y;NA;3;9;Unknown;Unknown;;None;;;';;';;Y;;;;'15/01/2019 12:41:18;3;11085961;;LU;1;';';';';';;;;;;;;';;';;Y;;;;'15/01/2019 12:41:18
;;;Zoning;6807323;'20200219142313;W03-C-Antwerpen-West-FH07;6807323;'20200219142313;W03-C-Antwerpen-West-FH07;19084;FTTH-Cu;;';';;;;;;;11377737;'20191016142312;2054518;'1630000;'29519;Steenhouwersvest;'32;';2000;Antwerpen;;'152075,937;'211988,598;';Y;NA;3;9;Unknown;Unknown;;None;;;';;';;Y;;;;'15/01/2019 12:41:18;4;11085962;;LU;1;';';';';';;;;;;;;';;';;Y;;;;'15/01/2019 12:41:18
;;;Zoning;6807323;'20200219142313;W03-C-Antwerpen-West-FH07;6807323;'20200219142313;W03-C-Antwerpen-West-FH07;19084;FTTH-Cu;11382559;'20190604080303;'Vrijdagmarktstraatje 3 - Steenhouwersvest 27 - 29 - 31 - 33;;;;;;;11377731;'20190604080303;5576281;'1630000;'29519;Steenhouwersvest;'33;';2000;Antwerpen;;'152082,407;'212008,324;';N;ORN;1;3;Unknown;Unknown;;None;;;';;';;Y;;;;'15/01/2019 12:41:18;1;11085950;;BU;1;';';';';';;;;;;;;';;';;Y;;;;'15/01/2019 12:41:18
;;;Zoning;6807323;'20200219142313;W03-C-Antwerpen-West-FH07;6807323;'20200219142313;W03-C-Antwerpen-West-FH07;19084;FTTH-Cu;;';';;;;;;;11377736;'20191016142311;1354240;'1630000;'29519;Steenhouwersvest;'34;';2000;Antwerpen;;'152083,022;'211987,7;';Y;NA;3;10;Unknown;Unknown;;None;;;';;';;Y;;;;'15/01/2019 12:41:18;1;11085956;;LU;1;';';';';';;;;;;;;';;';;Y;;;;'15/01/2019 12:41:18
;;;Zoning;6807323;'20200219142313;W03-C-Antwerpen-West-FH07;6807323;'20200219142313;W03-C-Antwerpen-West-FH07;19084;FTTH-Cu;;';';;;;;;;11377736;'20191016142311;1354240;'1630000;'29519;Steenhouwersvest;'34;';2000;Antwerpen;;'152083,022;'211987,7;';Y;NA;3;10;Unknown;Unknown;;None;;;';;';;Y;;;;'15/01/2019 12:41:18;2;11085957;;LU;1;';';';';';;;;;;;;';;';;Y;;;;'15/01/2019 12:41:18
;;;Zoning;6807323;'20200219142313;W03-C-Antwerpen-West-FH07;6807323;'20200219142313;W03-C-Antwerpen-West-FH07;19084;FTTH-Cu;;';';;;;;;;11377736;'20191016142311;1354240;'1630000;'29519;Steenhouwersvest;'34;';2000;Antwerpen;;'152083,022;'211987,7;';Y;NA;3;10;Unknown;Unknown;;None;;;';;';;Y;;;;'15/01/2019 12:41:18;3;11085958;;LU;1;';';';';';;;;;;;;';;';;Y;;;;'15/01/2019 12:41:18
;;;Zoning;6807323;'20200219142313;W03-C-Antwerpen-West-FH07;6807323;'20200219142313;W03-C-Antwerpen-West-FH07;19084;FTTH-Cu;;';';;;;;;;677401;'20191016142311;2054520;'1630000;'29519;Steenhouwersvest;'34;'A;2000;Antwerpen;;'152093,057;'211985,58;';Y;NA;4;12;Unknown;Unknown;;None;;;';;';;Y;;;;'15/01/2019 12:41:18;1;1756280;;LU;1;';';';';';Y;#A1/1L/K13-B1;APPART;DEEL_APP_GEBOUW - PARTIE_IMMEUBLE_APP;APPART;;;';;';;Y;;;;'15/01/2019 12:41:18
;;;Zoning;6807323;'20200219142313;W03-C-Antwerpen-West-FH07;6807323;'20200219142313;W03-C-Antwerpen-West-FH07;19084;FTTH-Cu;;';';;;;;;;677401;'20191016142311;2054520;'1630000;'29519;Steenhouwersvest;'34;'A;2000;Antwerpen;;'152093,057;'211985,58;';Y;NA;4;12;Unknown;Unknown;;None;;;';;';;Y;;;;'15/01/2019 12:41:18;2;1756282;;LU;1;';';';';';Y;#A1/1R/K1.2-B2;APPART;DEEL_APP_GEBOUW - PARTIE_IMMEUBLE_APP;APPART;;;';;';;Y;;;;'15/01/2019 12:41:18
;;;Zoning;6807323;'20200219142313;W03-C-Antwerpen-West-FH07;6807323;'20200219142313;W03-C-Antwerpen-West-FH07;19084;FTTH-Cu;;';';;;;;;;677401;'20191016142311;2054520;'1630000;'29519;Steenhouwersvest;'34;'A;2000;Antwerpen;;'152093,057;'211985,58;';Y;NA;4;12;Unknown;Unknown;;None;;;';;';;Y;;;;'15/01/2019 12:41:18;3;1756444;;LU;1;';';';';';Y;#A2/2L/K3-B3;APPART;DEEL_APP_GEBOUW - PARTIE_IMMEUBLE_APP;APPART;;;';;';;Y;;;;'15/01/2019 12:41:18
;;;Zoning;6807323;'20200219142313;W03-C-Antwerpen-West-FH07;6807323;'20200219142313;W03-C-Antwerpen-West-FH07;19084;FTTH-Cu;;';';;;;;;;677401;'20191016142311;2054520;'1630000;'29519;Steenhouwersvest;'34;'A;2000;Antwerpen;;'152093,057;'211985,58;';Y;NA;4;12;Unknown;Unknown;;None;;;';;';;Y;;;;'15/01/2019 12:41:18;4;1756446;;LU;1;';';';';';Y;#A2/2R/K4-B4;APPART;DEEL_APP_GEBOUW - PARTIE_IMMEUBLE_APP;APPART;;;';;';;Y;;;;'15/01/2019 12:41:18
;;;Zoning;6807323;'20200219142313;W03-C-Antwerpen-West-FH07;6807323;'20200219142313;W03-C-Antwerpen-West-FH07;19084;FTTH-Cu;;';';;;;;;;677401;'20191016142311;2054520;'1630000;'29519;Steenhouwersvest;'34;'A;2000;Antwerpen;;'152093,057;'211985,58;';Y;NA;4;12;Unknown;Unknown;;None;;;';;';;Y;;;;'15/01/2019 12:41:18;5;1756556;;LU;1;';';';';';Y;#A3/3L/K5@7-B5.6;APPART;DEEL_APP_GEBOUW - PARTIE_IMMEUBLE_APP;APPART;;;';;';;Y;;;;'15/01/2019 12:41:18
;;;Zoning;6807323;'20200219142313;W03-C-Antwerpen-West-FH07;6807323;'20200219142313;W03-C-Antwerpen-West-FH07;19084;FTTH-Cu;;';';;;;;;;677401;'20191016142311;2054520;'1630000;'29519;Steenhouwersvest;'34;'A;2000;Antwerpen;;'152093,057;'211985,58;';Y;NA;4;12;Unknown;Unknown;;None;;;';;';;Y;;;;'15/01/2019 12:41:18;6;1756557;;LU;1;';';';';';Y;#A3/3R/K8@10-B7.8;APPART;DEEL_APP_GEBOUW - PARTIE_IMMEUBLE_APP;APPART;;;';;';;Y;;;;'15/01/2019 12:41:18
;;;Zoning;6807323;'20200219142313;W03-C-Antwerpen-West-FH07;6807323;'20200219142313;W03-C-Antwerpen-West-FH07;19084;FTTH-Cu;;';';;;;;;;677401;'20191016142311;2054520;'1630000;'29519;Steenhouwersvest;'34;'A;2000;Antwerpen;;'152093,057;'211985,58;';Y;NA;4;12;Unknown;Unknown;;None;;;';;';;Y;;;;'15/01/2019 12:41:18;7;1756807;;BU;1;';';';';';Y;#HA.GV/L/K14-B9;APPART;DEEL_APP_GEBOUW - PARTIE_IMMEUBLE_APP;COMM;;;';;';;Y;;;;'15/01/2019 12:41:18
;;;Zoning;6807323;'20200219142313;W03-C-Antwerpen-West-FH07;6807323;'20200219142313;W03-C-Antwerpen-West-FH07;19084;FTTH-Cu;;';';;;;;;;677401;'20191016142311;2054520;'1630000;'29519;Steenhouwersvest;'34;'A;2000;Antwerpen;;'152093,057;'211985,58;';Y;NA;4;12;Unknown;Unknown;;None;;;';;';;Y;;;;'15/01/2019 12:41:18;8;1756808;;BU;1;';';';';';Y;#HA.GV/R/K11.12-B10;APPART;DEEL_APP_GEBOUW - PARTIE_IMMEUBLE_APP;COMM;;;';;';;Y;;;;'15/01/2019 12:41:18
;;;Zoning;6807323;'20200219142313;W03-C-Antwerpen-West-FH07;6807323;'20200219142313;W03-C-Antwerpen-West-FH07;19084;FTTH-Cu;;';';;;;;;;677402;'20191016142311;2054521;'1630000;'29519;Steenhouwersvest;'36;';2000;Antwerpen;;'152104,058;'211981,735;';Y;NA;4;12;Unknown;Unknown;;None;;;';;';;Y;;;;'15/01/2019 12:41:18;1;1762032;;LU;1;';';';';';Y;#A1/1A/K1.2.;APPART;DEEL_APP_GEBOUW - PARTIE_IMMEUBLE_APP;APPART;;;';;';;Y;;;;'15/01/2019 12:41:18
;;;Zoning;6807323;'20200219142313;W03-C-Antwerpen-West-FH07;6807323;'20200219142313;W03-C-Antwerpen-West-FH07;19084;FTTH-Cu;;';';;;;;;;677402;'20191016142311;2054521;'1630000;'29519;Steenhouwersvest;'36;';2000;Antwerpen;;'152104,058;'211981,735;';Y;NA;4;12;Unknown;Unknown;;None;;;';;';;Y;;;;'15/01/2019 12:41:18;2;1762033;;LU;1;';';';';';Y;#A1/1B/K4.5;APPART;DEEL_APP_GEBOUW - PARTIE_IMMEUBLE_APP;APPART;;;';;';;Y;;;;'15/01/2019 12:41:18
;;;Zoning;6807323;'20200219142313;W03-C-Antwerpen-West-FH07;6807323;'20200219142313;W03-C-Antwerpen-West-FH07;19084;FTTH-Cu;;';';;;;;;;677402;'20191016142311;2054521;'1630000;'29519;Steenhouwersvest;'36;';2000;Antwerpen;;'152104,058;'211981,735;';Y;NA;4;12;Unknown;Unknown;;None;;;';;';;Y;;;;'15/01/2019 12:41:18;3;1762173;;LU;1;';';';';';Y;#A2/2A/K7.8;APPART;DEEL_APP_GEBOUW - PARTIE_IMMEUBLE_APP;APPART;;;';;';;Y;;;;'15/01/2019 12:41:18
;;;Zoning;6807323;'20200219142313;W03-C-Antwerpen-West-FH07;6807323;'20200219142313;W03-C-Antwerpen-West-FH07;19084;FTTH-Cu;;';';;;;;;;677402;'20191016142311;2054521;'1630000;'29519;Steenhouwersvest;'36;';2000;Antwerpen;;'152104,058;'211981,735;';Y;NA;4;12;Unknown;Unknown;;None;;;';;';;Y;;;;'15/01/2019 12:41:18;4;1762174;;LU;1;';';';';';Y;#A2/2B/;APPART;DEEL_APP_GEBOUW - PARTIE_IMMEUBLE_APP;APPART;;;';;';;Y;;;;'15/01/2019 12:41:18
;;;Zoning;6807323;'20200219142313;W03-C-Antwerpen-West-FH07;6807323;'20200219142313;W03-C-Antwerpen-West-FH07;19084;FTTH-Cu;;';';;;;;;;677402;'20191016142311;2054521;'1630000;'29519;Steenhouwersvest;'36;';2000;Antwerpen;;'152104,058;'211981,735;';Y;NA;4;12;Unknown;Unknown;;None;;;';;';;Y;;;;'15/01/2019 12:41:18;5;1762301;;LU;1;';';';';';Y;#A3/3A/K3.4;APPART;DEEL_APP_GEBOUW - PARTIE_IMMEUBLE_APP;APPART;;;';;';;Y;;;;'15/01/2019 12:41:18
;;;Zoning;6807323;'20200219142313;W03-C-Antwerpen-West-FH07;6807323;'20200219142313;W03-C-Antwerpen-West-FH07;19084;FTTH-Cu;;';';;;;;;;677402;'20191016142311;2054521;'1630000;'29519;Steenhouwersvest;'36;';2000;Antwerpen;;'152104,058;'211981,735;';Y;NA;4;12;Unknown;Unknown;;None;;;';;';;Y;;;;'15/01/2019 12:41:18;6;1762302;;LU;1;';';';';';Y;#A3/3B/K10.12;APPART;DEEL_APP_GEBOUW - PARTIE_IMMEUBLE_APP;APPART;;;';;';;Y;;;;'15/01/2019 12:41:18
;;;Zoning;6807323;'20200219142313;W03-C-Antwerpen-West-FH07;6807323;'20200219142313;W03-C-Antwerpen-West-FH07;19084;FTTH-Cu;;';';;;;;;;677402;'20191016142311;2054521;'1630000;'29519;Steenhouwersvest;'36;';2000;Antwerpen;;'152104,058;'211981,735;';Y;NA;4;12;Unknown;Unknown;;None;;;';;';;Y;;;;'15/01/2019 12:41:18;7;1762591;;BU;1;';';';';';Y;#HA.GV/L;APPART;DEEL_APP_GEBOUW - PARTIE_IMMEUBLE_APP;COMM;;;';;';;Y;;;;'15/01/2019 12:41:18
;;;Zoning;6807323;'20200219142313;W03-C-Antwerpen-West-FH07;6807323;'20200219142313;W03-C-Antwerpen-West-FH07;19084;FTTH-Cu;;';';;;;;;;677402;'20191016142311;2054521;'1630000;'29519;Steenhouwersvest;'36;';2000;Antwerpen;;'152104,058;'211981,735;';Y;NA;4;12;Unknown;Unknown;;None;;;';;';;Y;;;;'15/01/2019 12:41:18;8;1762597;;BU;1;';';';';';Y;#HA.GV/R/K;APPART;DEEL_APP_GEBOUW - PARTIE_IMMEUBLE_APP;COMM;;;';;';;Y;;;;'15/01/2019 12:41:18
;;;Zoning;6807323;'20200219142313;W03-C-Antwerpen-West-FH07;6807323;'20200219142313;W03-C-Antwerpen-West-FH07;19084;FTTH-Cu;;';';;;;;;;715042;'20191016150033;61098;'1630000;'29519;Steenhouwersvest;'40;';2000;Antwerpen;;'152136,898;'211975,333;';N;ORN;6;18;Unknown;Unknown;;None;;;';;';;Y;;;;'15/01/2019 12:41:18;1;1777058;;LU;1;';';';';';Y;#A1/K2;APPART;DEEL_APP_GEBOUW - PARTIE_IMMEUBLE_APP;APPART;;;';;';;Y;;;;'15/01/2019 12:41:18
;;;Zoning;6807323;'20200219142313;W03-C-Antwerpen-West-FH07;6807323;'20200219142313;W03-C-Antwerpen-West-FH07;19084;FTTH-Cu;;';';;;;;;;715042;'20191016150033;61098;'1630000;'29519;Steenhouwersvest;'40;';2000;Antwerpen;;'152136,898;'211975,333;';N;ORN;6;18;Unknown;Unknown;;None;;;';;';;Y;;;;'15/01/2019 12:41:18;2;1777194;;LU;1;';';';';';Y;#A2/K3;APPART;DEEL_APP_GEBOUW - PARTIE_IMMEUBLE_APP;APPART;;;';;';;Y;;;;'15/01/2019 12:41:18
;;;Zoning;6807323;'20200219142313;W03-C-Antwerpen-West-FH07;6807323;'20200219142313;W03-C-Antwerpen-West-FH07;19084;FTTH-Cu;;';';;;;;;;715042;'20191016150033;61098;'1630000;'29519;Steenhouwersvest;'40;';2000;Antwerpen;;'152136,898;'211975,333;';N;ORN;6;18;Unknown;Unknown;;None;;;';;';;Y;;;;'15/01/2019 12:41:18;3;1777292;;LU;1;';';';';';Y;#A3/K4;APPART;DEEL_APP_GEBOUW - PARTIE_IMMEUBLE_APP;APPART;;;';;';;Y;;;;'15/01/2019 12:41:18
;;;Zoning;6807323;'20200219142313;W03-C-Antwerpen-West-FH07;6807323;'20200219142313;W03-C-Antwerpen-West-FH07;19084;FTTH-Cu;;';';;;;;;;715042;'20191016150033;61098;'1630000;'29519;Steenhouwersvest;'40;';2000;Antwerpen;;'152136,898;'211975,333;';N;ORN;6;18;Unknown;Unknown;;None;;;';;';;Y;;;;'15/01/2019 12:41:18;4;1777340;;LU;1;';';';';';Y;#A4/K5;APPART;DEEL_APP_GEBOUW - PARTIE_IMMEUBLE_APP;APPART;;;';;';;Y;;;;'15/01/2019 12:41:18
;;;Zoning;6807323;'20200219142313;W03-C-Antwerpen-West-FH07;6807323;'20200219142313;W03-C-Antwerpen-West-FH07;19084;FTTH-Cu;;';';;;;;;;715042;'20191016150033;61098;'1630000;'29519;Steenhouwersvest;'40;';2000;Antwerpen;;'152136,898;'211975,333;';N;ORN;6;18;Unknown;Unknown;;None;;;';;';;Y;;;;'15/01/2019 12:41:18;5;1777367;;LU;1;';';';';';Y;#A5/K6;APPART;DEEL_APP_GEBOUW - PARTIE_IMMEUBLE_APP;APPART;;;';;';;Y;;;;'15/01/2019 12:41:18
;;;Zoning;6807323;'20200219142313;W03-C-Antwerpen-West-FH07;6807323;'20200219142313;W03-C-Antwerpen-West-FH07;19084;FTTH-Cu;;';';;;;;;;715042;'20191016150033;61098;'1630000;'29519;Steenhouwersvest;'40;';2000;Antwerpen;;'152136,898;'211975,333;';N;ORN;6;18;Unknown;Unknown;;None;;;';;';;Y;;;;'15/01/2019 12:41:18;6;1777492;;BU;1;';';';';';Y;#HA.GV/K1;APPART;DEEL_APP_GEBOUW - PARTIE_IMMEUBLE_APP;COMM;;;';;';;Y;;;;'15/01/2019 12:41:18
;;;Zoning;6807323;'20200219142313;W03-C-Antwerpen-West-FH07;6807323;'20200219142313;W03-C-Antwerpen-West-FH07;19084;FTTH-Cu;;';';;;;;;;715042;'20191016150033;61098;'1630000;'29519;Steenhouwersvest;'40;';2000;Antwerpen;;'152136,898;'211975,333;';N;ORN;6;18;Unknown;Unknown;;None;;;';;';;Y;;;;'15/01/2019 12:41:18;7;11086938;;LU;1;';';';';';;;;;;;;';;';;Y;;;;'15/01/2019 12:41:18
;;;Zoning;6807323;'20200219142313;W03-C-Antwerpen-West-FH07;6807323;'20200219142313;W03-C-Antwerpen-West-FH07;19084;FTTH-Cu;;';';;;;;;;677403;'20191016150024;2054522;'1630000;'29519;Steenhouwersvest;'42;';2000;Antwerpen;;'152144,615;'211974,467;';Y;NA;5;15;Unknown;Unknown;;None;;;';;';;Y;;;;'15/01/2019 12:41:18;1;1783334;;BU;1;';';';';';Y;;COMM;HANDELSZAAK - COMMERCE;NA;;;';;';;Y;;;;'15/01/2019 12:41:18
;;;Zoning;6807323;'20200219142313;W03-C-Antwerpen-West-FH07;6807323;'20200219142313;W03-C-Antwerpen-West-FH07;19084;FTTH-Cu;;';';;;;;;;677403;'20191016150024;2054522;'1630000;'29519;Steenhouwersvest;'42;';2000;Antwerpen;;'152144,615;'211974,467;';Y;NA;5;15;Unknown;Unknown;;None;;;';;';;Y;;;;'15/01/2019 12:41:18;2;1783335;;LU;1;';';';';';Y;;COMM;HANDELSZAAK - COMMERCE;NA;;;';;';;Y;;;;'15/01/2019 12:41:18
;;;Zoning;6807323;'20200219142313;W03-C-Antwerpen-West-FH07;6807323;'20200219142313;W03-C-Antwerpen-West-FH07;19084;FTTH-Cu;;';';;;;;;;677403;'20191016150024;2054522;'1630000;'29519;Steenhouwersvest;'42;';2000;Antwerpen;;'152144,615;'211974,467;';Y;NA;5;15;Unknown;Unknown;;None;;;';;';;Y;;;;'15/01/2019 12:41:18;3;1783336;;LU;1;';';';';';Y;;COMM;HANDELSZAAK - COMMERCE;NA;;;';;';;Y;;;;'15/01/2019 12:41:18
;;;Zoning;6807323;'20200219142313;W03-C-Antwerpen-West-FH07;6807323;'20200219142313;W03-C-Antwerpen-West-FH07;19084;FTTH-Cu;;';';;;;;;;677403;'20191016150024;2054522;'1630000;'29519;Steenhouwersvest;'42;';2000;Antwerpen;;'152144,615;'211974,467;';Y;NA;5;15;Unknown;Unknown;;None;;;';;';;Y;;;;'15/01/2019 12:41:18;4;1783337;;LU;1;';';';';';Y;;COMM;HANDELSZAAK - COMMERCE;NA;;;';;';;Y;;;;'15/01/2019 12:41:18
;;;Zoning;6807323;'20200219142313;W03-C-Antwerpen-West-FH07;6807323;'20200219142313;W03-C-Antwerpen-West-FH07;19084;FTTH-Cu;;';';;;;;;;677403;'20191016150024;2054522;'1630000;'29519;Steenhouwersvest;'42;';2000;Antwerpen;;'152144,615;'211974,467;';Y;NA;5;15;Unknown;Unknown;;None;;;';;';;Y;;;;'15/01/2019 12:41:18;5;11086939;;LU;1;';';';';';;;;;;;;';;';;Y;;;;'15/01/2019 12:41:18
;;;Zoning;6807323;'20200219142313;W03-C-Antwerpen-West-FH07;6807323;'20200219142313;W03-C-Antwerpen-West-FH07;19084;FTTH-Cu;;';';;;;;;;677404;'20190712080925;2054523;'1630000;'29519;Steenhouwersvest;'43;';2000;Antwerpen;;'152089,088;'212007,969;';Y;NA;4;4;Unknown;Unknown;;None;;;';IFH_BATCH;'12/07/2019 07:39:18;;Y;;;;'12/07/2019 07:28:35;1;1785526;;LU;1;';';';';';Y;;APTBLD;APPARTEMENTSGEBOUW - IMMEUBLE A APPARTEMENTS;NA;;;';;';;Y;;;;'12/07/2019 07:28:35
;;;Zoning;6807323;'20200219142313;W03-C-Antwerpen-West-FH07;6807323;'20200219142313;W03-C-Antwerpen-West-FH07;19084;FTTH-Cu;;';';;;;;;;677404;'20190712080925;2054523;'1630000;'29519;Steenhouwersvest;'43;';2000;Antwerpen;;'152089,088;'212007,969;';Y;NA;4;4;Unknown;Unknown;;None;;;';IFH_BATCH;'12/07/2019 07:39:18;;Y;;;;'12/07/2019 07:28:35;2;1785527;;LU;1;';';';';';Y;;APTBLD;APPARTEMENTSGEBOUW - IMMEUBLE A APPARTEMENTS;NA;;;';;';;Y;;;;'12/07/2019 07:28:35
;;;Zoning;6807323;'20200219142313;W03-C-Antwerpen-West-FH07;6807323;'20200219142313;W03-C-Antwerpen-West-FH07;19084;FTTH-Cu;;';';;;;;;;677404;'20190712080925;2054523;'1630000;'29519;Steenhouwersvest;'43;';2000;Antwerpen;;'152089,088;'212007,969;';Y;NA;4;4;Unknown;Unknown;;None;;;';IFH_BATCH;'12/07/2019 07:39:18;;Y;;;;'12/07/2019 07:28:35;3;11086949;;BU;1;';';';';';;;;;;;;';;';;Y;;;;'12/07/2019 07:28:35
;;;Zoning;6807323;'20200219142313;W03-C-Antwerpen-West-FH07;6807323;'20200219142313;W03-C-Antwerpen-West-FH07;19084;FTTH-Cu;;';';;;;;;;677405;'20191016150054;2054524;'1630000;'29519;Steenhouwersvest;'44;';2000;Antwerpen;;'152150,417;'211974,231;';Y;NA;1;4;Unknown;Unknown;;None;;;';IFH_BATCH;'12/07/2019 07:38:53;;Y;;;;'12/07/2019 07:28:35;1;1787758;;BU;1;';';';';';Y;;HOUSE;WONING - MAISON;NA;;;';;';;Y;;;;'12/07/2019 07:28:35
;;;Zoning;6807323;'20200219142313;W03-C-Antwerpen-West-FH07;6807323;'20200219142313;W03-C-Antwerpen-West-FH07;19084;FTTH-Cu;;';';;;;;;;710475;'20190604080303;48908;'1630000;'29519;Steenhouwersvest;'45;';2000;Antwerpen;;'152095,361;'212004,848;';Y;NA;4;12;Unknown;Unknown;;None;;;';;';;Y;;;;'15/01/2019 12:41:18;1;1790046;;BU;1;';';';';';Y;;COMM;HANDELSZAAK - COMMERCE;NA;;;';;';;Y;;;;'15/01/2019 12:41:18
;;;Zoning;6807323;'20200219142313;W03-C-Antwerpen-West-FH07;6807323;'20200219142313;W03-C-Antwerpen-West-FH07;19084;FTTH-Cu;;';';;;;;;;710475;'20190604080303;48908;'1630000;'29519;Steenhouwersvest;'45;';2000;Antwerpen;;'152095,361;'212004,848;';Y;NA;4;12;Unknown;Unknown;;None;;;';;';;Y;;;;'15/01/2019 12:41:18;2;11086950;;LU;1;';';';';';;;;;;;;';;';;Y;;;;'15/01/2019 12:41:18
;;;Zoning;6807323;'20200219142313;W03-C-Antwerpen-West-FH07;6807323;'20200219142313;W03-C-Antwerpen-West-FH07;19084;FTTH-Cu;;';';;;;;;;710475;'20190604080303;48908;'1630000;'29519;Steenhouwersvest;'45;';2000;Antwerpen;;'152095,361;'212004,848;';Y;NA;4;12;Unknown;Unknown;;None;;;';;';;Y;;;;'15/01/2019 12:41:18;3;11086951;;LU;1;';';';';';;;;;;;;';;';;Y;;;;'15/01/2019 12:41:18
;;;Zoning;6807323;'20200219142313;W03-C-Antwerpen-West-FH07;6807323;'20200219142313;W03-C-Antwerpen-West-FH07;19084;FTTH-Cu;;';';;;;;;;710475;'20190604080303;48908;'1630000;'29519;Steenhouwersvest;'45;';2000;Antwerpen;;'152095,361;'212004,848;';Y;NA;4;12;Unknown;Unknown;;None;;;';;';;Y;;;;'15/01/2019 12:41:18;4;11086952;;LU;1;';';';';';;;;;;;;';;';;Y;;;;'15/01/2019 12:41:18
;;;Zoning;6807323;'20200219142313;W03-C-Antwerpen-West-FH07;6807323;'20200219142313;W03-C-Antwerpen-West-FH07;19084;FTTH-Cu;;';';;;;;;;677406;'20191016150054;2054526;'1630000;'29519;Steenhouwersvest;'46;';2000;Antwerpen;;'152156,248;'211974,339;';Y;NA;5;4;Unknown;Unknown;;None;;;';IFH_BATCH;'12/07/2019 07:38:55;;Y;;;;'12/07/2019 07:28:35;1;1792651;;LU;1;';';';';';Y;;HOUSE;WONING - MAISON;NA;;;';;';;Y;;;;'12/07/2019 07:28:35
;;;Zoning;6807323;'20200219142313;W03-C-Antwerpen-West-FH07;6807323;'20200219142313;W03-C-Antwerpen-West-FH07;19084;FTTH-Cu;;';';;;;;;;677406;'20191016150054;2054526;'1630000;'29519;Steenhouwersvest;'46;';2000;Antwerpen;;'152156,248;'211974,339;';Y;NA;5;4;Unknown;Unknown;;None;;;';IFH_BATCH;'12/07/2019 07:38:55;;Y;;;;'12/07/2019 07:28:35;2;11086940;;BU;1;';';';';';;;;;;;;';;';;Y;;;;'12/07/2019 07:28:35
;;;Zoning;6807323;'20200219142313;W03-C-Antwerpen-West-FH07;6807323;'20200219142313;W03-C-Antwerpen-West-FH07;19084;FTTH-Cu;;';';;;;;;;677406;'20191016150054;2054526;'1630000;'29519;Steenhouwersvest;'46;';2000;Antwerpen;;'152156,248;'211974,339;';Y;NA;5;4;Unknown;Unknown;;None;;;';IFH_BATCH;'12/07/2019 07:38:55;;Y;;;;'12/07/2019 07:28:35;3;11086941;;LU;1;';';';';';;;;;;;;';;';;Y;;;;'12/07/2019 07:28:35
;;;Zoning;6807323;'20200219142313;W03-C-Antwerpen-West-FH07;6807323;'20200219142313;W03-C-Antwerpen-West-FH07;19084;FTTH-Cu;;';';;;;;;;677406;'20191016150054;2054526;'1630000;'29519;Steenhouwersvest;'46;';2000;Antwerpen;;'152156,248;'211974,339;';Y;NA;5;4;Unknown;Unknown;;None;;;';IFH_BATCH;'12/07/2019 07:38:55;;Y;;;;'12/07/2019 07:28:35;4;11086942;;LU;1;';';';';';;;;;;;;';;';;Y;;;;'12/07/2019 07:28:35
;;;Zoning;6807323;'20200219142313;W03-C-Antwerpen-West-FH07;6807323;'20200219142313;W03-C-Antwerpen-West-FH07;19084;FTTH-Cu;;';';;;;;;;677406;'20191016150054;2054526;'1630000;'29519;Steenhouwersvest;'46;';2000;Antwerpen;;'152156,248;'211974,339;';Y;NA;5;4;Unknown;Unknown;;None;;;';IFH_BATCH;'12/07/2019 07:38:55;;Y;;;;'12/07/2019 07:28:35;5;11086943;;LU;1;';';';';';;;;;;;;';;';;Y;;;;'12/07/2019 07:28:35
;;;Zoning;6807323;'20200219142313;W03-C-Antwerpen-West-FH07;6807323;'20200219142313;W03-C-Antwerpen-West-FH07;19084;FTTH-Cu;;';';;;;;;;677407;'20191016150054;2054527;'1630000;'29519;Steenhouwersvest;'48;';2000;Antwerpen;;'152162,603;'211974,221;';Y;NA;4;4;Unknown;Unknown;;None;;;';IFH_BATCH;'12/07/2019 07:38:58;;Y;;;;'12/07/2019 07:28:35;1;1796342;;BU;1;';';';';';Y;;HOUSE;WONING - MAISON;NA;;;';;';;Y;;;;'12/07/2019 07:28:35
;;;Zoning;6807323;'20200219142313;W03-C-Antwerpen-West-FH07;6807323;'20200219142313;W03-C-Antwerpen-West-FH07;19084;FTTH-Cu;;';';;;;;;;677408;'20190604080302;2054528;'1630000;'29519;Steenhouwersvest;'49;';2000;Antwerpen;;'152101,112;'212003,521;';Y;NA;4;12;Unknown;Unknown;;None;;;';;';;Y;;;;'15/01/2019 12:41:18;1;1798206;;BU;1;';';';';';Y;;COMM;HANDELSZAAK - COMMERCE;NA;;;';;';;Y;;;;'15/01/2019 12:41:18
;;;Zoning;6807323;'20200219142313;W03-C-Antwerpen-West-FH07;6807323;'20200219142313;W03-C-Antwerpen-West-FH07;19084;FTTH-Cu;;';';;;;;;;677408;'20190604080302;2054528;'1630000;'29519;Steenhouwersvest;'49;';2000;Antwerpen;;'152101,112;'212003,521;';Y;NA;4;12;Unknown;Unknown;;None;;;';;';;Y;;;;'15/01/2019 12:41:18;2;1798207;;LU;1;';';';';';Y;;COMM;HANDELSZAAK - COMMERCE;NA;;;';;';;Y;;;;'15/01/2019 12:41:18
;;;Zoning;6807323;'20200219142313;W03-C-Antwerpen-West-FH07;6807323;'20200219142313;W03-C-Antwerpen-West-FH07;19084;FTTH-Cu;;';';;;;;;;677409;'20191016150015;2054529;'1630000;'29519;Steenhouwersvest;'50;';2000;Antwerpen;;'152167,928;'211973,828;';Y;NA;3;9;Unknown;Unknown;;None;;;';;';;Y;;;;'15/01/2019 12:41:18;1;1805619;;BU;1;';';';';';Y;;COMM;HANDELSZAAK - COMMERCE;NA;;;';;';;Y;;;;'15/01/2019 12:41:18
;;;Zoning;6807323;'20200219142313;W03-C-Antwerpen-West-FH07;6807323;'20200219142313;W03-C-Antwerpen-West-FH07;19084;FTTH-Cu;;';';;;;;;;677409;'20191016150015;2054529;'1630000;'29519;Steenhouwersvest;'50;';2000;Antwerpen;;'152167,928;'211973,828;';Y;NA;3;9;Unknown;Unknown;;None;;;';;';;Y;;;;'15/01/2019 12:41:18;2;11086944;;LU;1;';';';';';;;;;;;;';;';;Y;;;;'15/01/2019 12:41:18
;;;Zoning;6807323;'20200219142313;W03-C-Antwerpen-West-FH07;6807323;'20200219142313;W03-C-Antwerpen-West-FH07;19084;FTTH-Cu;;';';;;;;;;677409;'20191016150015;2054529;'1630000;'29519;Steenhouwersvest;'50;';2000;Antwerpen;;'152167,928;'211973,828;';Y;NA;3;9;Unknown;Unknown;;None;;;';;';;Y;;;;'15/01/2019 12:41:18;3;11086945;;LU;1;';';';';';;;;;;;;';;';;Y;;;;'15/01/2019 12:41:18
;;;Zoning;6807323;'20200219142313;W03-C-Antwerpen-West-FH07;6807323;'20200219142313;W03-C-Antwerpen-West-FH07;19084;FTTH-Cu;;';';;;;;;;710473;'20190712080941;48904;'1630000;'29519;Steenhouwersvest;'51;';2000;Antwerpen;;'152105,725;'212002,068;';Y;NA;5;4;Unknown;Unknown;;None;;;';IFH_BATCH;'12/07/2019 07:39:21;;Y;;;;'12/07/2019 07:28:35;1;1807429;;LU;1;';';';';';Y;;APTBLD;APPARTEMENTSGEBOUW - IMMEUBLE A APPARTEMENTS;NA;;;';;';;Y;;;;'12/07/2019 07:28:35
;;;Zoning;6807323;'20200219142313;W03-C-Antwerpen-West-FH07;6807323;'20200219142313;W03-C-Antwerpen-West-FH07;19084;FTTH-Cu;;';';;;;;;;710473;'20190712080941;48904;'1630000;'29519;Steenhouwersvest;'51;';2000;Antwerpen;;'152105,725;'212002,068;';Y;NA;5;4;Unknown;Unknown;;None;;;';IFH_BATCH;'12/07/2019 07:39:21;;Y;;;;'12/07/2019 07:28:35;2;1807430;;LU;1;';';';';';Y;;APTBLD;APPARTEMENTSGEBOUW - IMMEUBLE A APPARTEMENTS;NA;;;';;';;Y;;;;'12/07/2019 07:28:35
;;;Zoning;6807323;'20200219142313;W03-C-Antwerpen-West-FH07;6807323;'20200219142313;W03-C-Antwerpen-West-FH07;19084;FTTH-Cu;;';';;;;;;;710473;'20190712080941;48904;'1630000;'29519;Steenhouwersvest;'51;';2000;Antwerpen;;'152105,725;'212002,068;';Y;NA;5;4;Unknown;Unknown;;None;;;';IFH_BATCH;'12/07/2019 07:39:21;;Y;;;;'12/07/2019 07:28:35;3;1807431;;BU;1;';';';';';Y;;APTBLD;APPARTEMENTSGEBOUW - IMMEUBLE A APPARTEMENTS;NA;;;';;';;Y;;;;'12/07/2019 07:28:35
;;;Zoning;6807323;'20200219142313;W03-C-Antwerpen-West-FH07;6807323;'20200219142313;W03-C-Antwerpen-West-FH07;19084;FTTH-Cu;;';';;;;;;;677410;'20191016150015;2054530;'1630000;'29519;Steenhouwersvest;'52;';2000;Antwerpen;;'152174,995;'211973,109;';Y;NA;3;9;Unknown;Unknown;;None;;;';;';;Y;;;;'15/01/2019 12:41:18;1;1809183;;BU;1;';';';';';Y;;COMM;HANDELSZAAK - COMMERCE;NA;;;';;';;Y;;;;'15/01/2019 12:41:18
;;;Zoning;6807323;'20200219142313;W03-C-Antwerpen-West-FH07;6807323;'20200219142313;W03-C-Antwerpen-West-FH07;19084;FTTH-Cu;;';';;;;;;;715051;'20190712080940;61099;'1630000;'29519;Steenhouwersvest;'54;';2000;Antwerpen;;'152186,243;'211974,091;';N;ORN;5;0;Unknown;Unknown;;None;;;';IFH_BATCH;'12/07/2019 07:39:00;;Y;;;;'12/07/2019 07:28:35;1;1812695;;BU;1;';';';';';Y;;COMM;HANDELSZAAK - COMMERCE;NA;;;';;';;Y;;;;'12/07/2019 07:28:35
;;;Zoning;6807323;'20200219142313;W03-C-Antwerpen-West-FH07;6807323;'20200219142313;W03-C-Antwerpen-West-FH07;19084;FTTH-Cu;;';';;;;;;;715051;'20190712080940;61099;'1630000;'29519;Steenhouwersvest;'54;';2000;Antwerpen;;'152186,243;'211974,091;';N;ORN;5;0;Unknown;Unknown;;None;;;';IFH_BATCH;'12/07/2019 07:39:00;;Y;;;;'12/07/2019 07:28:35;2;11086946;;LU;1;';';';';';;;;;;;;';;';;Y;;;;'12/07/2019 07:28:35
;;;Zoning;6807323;'20200219142313;W03-C-Antwerpen-West-FH07;6807323;'20200219142313;W03-C-Antwerpen-West-FH07;19084;FTTH-Cu;;';';;;;;;;715051;'20190712080940;61099;'1630000;'29519;Steenhouwersvest;'54;';2000;Antwerpen;;'152186,243;'211974,091;';N;ORN;5;0;Unknown;Unknown;;None;;;';IFH_BATCH;'12/07/2019 07:39:00;;Y;;;;'12/07/2019 07:28:35;3;11086947;;LU;1;';';';';';;;;;;;;';;';;Y;;;;'12/07/2019 07:28:35
;;;Zoning;6807323;'20200219142313;W03-C-Antwerpen-West-FH07;6807323;'20200219142313;W03-C-Antwerpen-West-FH07;19084;FTTH-Cu;;';';;;;;;;677411;'20191016141254;2054532;'1630000;'29519;Steenhouwersvest;'57;';2000;Antwerpen;;'152148,27;'211994,537;';Y;NA;4;4;Unknown;Unknown;;None;;;';IFH_BATCH;'12/07/2019 07:38:26;;Y;;;;'12/07/2019 07:28:35;1;1817269;;BU;1;';';';';';Y;;COMM;HANDELSZAAK - COMMERCE;NA;;;';;';;Y;;;;'12/07/2019 07:28:35
;;;Zoning;6807323;'20200219142313;W03-C-Antwerpen-West-FH07;6807323;'20200219142313;W03-C-Antwerpen-West-FH07;19084;FTTH-Cu;;';';;;;;;;677411;'20191016141254;2054532;'1630000;'29519;Steenhouwersvest;'57;';2000;Antwerpen;;'152148,27;'211994,537;';Y;NA;4;4;Unknown;Unknown;;None;;;';IFH_BATCH;'12/07/2019 07:38:26;;Y;;;;'12/07/2019 07:28:35;2;1817270;;LU;1;';';';';';Y;;COMM;HANDELSZAAK - COMMERCE;NA;;;';;';;Y;;;;'12/07/2019 07:28:35
;;;Zoning;6807323;'20200219142313;W03-C-Antwerpen-West-FH07;6807323;'20200219142313;W03-C-Antwerpen-West-FH07;19084;FTTH-Cu;;';';;;;;;;677411;'20191016141254;2054532;'1630000;'29519;Steenhouwersvest;'57;';2000;Antwerpen;;'152148,27;'211994,537;';Y;NA;4;4;Unknown;Unknown;;None;;;';IFH_BATCH;'12/07/2019 07:38:26;;Y;;;;'12/07/2019 07:28:35;3;1817271;;LU;1;';';';';';Y;;COMM;HANDELSZAAK - COMMERCE;NA;;;';;';;Y;;;;'12/07/2019 07:28:35
;;;Zoning;6807323;'20200219142313;W03-C-Antwerpen-West-FH07;6807323;'20200219142313;W03-C-Antwerpen-West-FH07;19084;FTTH-Cu;;';';;;;;;;677412;'20191016141255;2054533;'1630000;'29519;Steenhouwersvest;'59;';2000;Antwerpen;;'152157,054;'211994,221;';Y;NA;5;4;Unknown;Unknown;;None;;;';IFH_BATCH;'12/07/2019 07:38:28;;Y;;;;'12/07/2019 07:28:35;1;1820268;;BU;1;';';';';';Y;;COMM;HANDELSZAAK - COMMERCE;NA;;;';;';;Y;;;;'12/07/2019 07:28:35
;;;Zoning;6807323;'20200219142313;W03-C-Antwerpen-West-FH07;6807323;'20200219142313;W03-C-Antwerpen-West-FH07;19084;FTTH-Cu;;';';;;;;;;677412;'20191016141255;2054533;'1630000;'29519;Steenhouwersvest;'59;';2000;Antwerpen;;'152157,054;'211994,221;';Y;NA;5;4;Unknown;Unknown;;None;;;';IFH_BATCH;'12/07/2019 07:38:28;;Y;;;;'12/07/2019 07:28:35;2;1820269;;LU;1;';';';';';Y;;COMM;HANDELSZAAK - COMMERCE;NA;;;';;';;Y;;;;'12/07/2019 07:28:35
;;;Zoning;6807323;'20200219142313;W03-C-Antwerpen-West-FH07;6807323;'20200219142313;W03-C-Antwerpen-West-FH07;19084;FTTH-Cu;;';';;;;;;;677412;'20191016141255;2054533;'1630000;'29519;Steenhouwersvest;'59;';2000;Antwerpen;;'152157,054;'211994,221;';Y;NA;5;4;Unknown;Unknown;;None;;;';IFH_BATCH;'12/07/2019 07:38:28;;Y;;;;'12/07/2019 07:28:35;3;1820270;;LU;1;';';';';';Y;;COMM;HANDELSZAAK - COMMERCE;NA;;;';;';;Y;;;;'12/07/2019 07:28:35
;;;Zoning;6807323;'20200219142313;W03-C-Antwerpen-West-FH07;6807323;'20200219142313;W03-C-Antwerpen-West-FH07;19084;FTTH-Cu;;';';;;;;;;677412;'20191016141255;2054533;'1630000;'29519;Steenhouwersvest;'59;';2000;Antwerpen;;'152157,054;'211994,221;';Y;NA;5;4;Unknown;Unknown;;None;;;';IFH_BATCH;'12/07/2019 07:38:28;;Y;;;;'12/07/2019 07:28:35;4;11086920;;LU;1;';';';';';;;;;;;;';;';;Y;;;;'12/07/2019 07:28:35
;;;Zoning;6807323;'20200219142313;W03-C-Antwerpen-West-FH07;6807323;'20200219142313;W03-C-Antwerpen-West-FH07;19084;FTTH-Cu;;';';;;;;;;677412;'20191016141255;2054533;'1630000;'29519;Steenhouwersvest;'59;';2000;Antwerpen;;'152157,054;'211994,221;';Y;NA;5;4;Unknown;Unknown;;None;;;';IFH_BATCH;'12/07/2019 07:38:28;;Y;;;;'12/07/2019 07:28:35;5;11086921;;LU;1;';';';';';;;;;;;;';;';;Y;;;;'12/07/2019 07:28:35
;;;Zoning;6807323;'20200219142313;W03-C-Antwerpen-West-FH07;6807323;'20200219142313;W03-C-Antwerpen-West-FH07;19084;FTTH-Cu;;';';;;;;;;11377733;'20191016141255;2054534;'1630000;'29519;Steenhouwersvest;'61;';2000;Antwerpen;;'152166,343;'211993,905;';Y;NA;5;15;Unknown;Unknown;;None;;;';;';;Y;;;;'15/01/2019 12:41:18;1;11085951;;BU;1;';';';';';;;;;;;;';;';;Y;;;;'15/01/2019 12:41:18
;;;Zoning;6807323;'20200219142313;W03-C-Antwerpen-West-FH07;6807323;'20200219142313;W03-C-Antwerpen-West-FH07;19084;FTTH-Cu;;';';;;;;;;11377733;'20191016141255;2054534;'1630000;'29519;Steenhouwersvest;'61;';2000;Antwerpen;;'152166,343;'211993,905;';Y;NA;5;15;Unknown;Unknown;;None;;;';;';;Y;;;;'15/01/2019 12:41:18;2;11085952;;BU;1;';';';';';;;;;;;;';;';;Y;;;;'15/01/2019 12:41:18
;;;Zoning;6807323;'20200219142313;W03-C-Antwerpen-West-FH07;6807323;'20200219142313;W03-C-Antwerpen-West-FH07;19084;FTTH-Cu;;';';;;;;;;11377733;'20191016141255;2054534;'1630000;'29519;Steenhouwersvest;'61;';2000;Antwerpen;;'152166,343;'211993,905;';Y;NA;5;15;Unknown;Unknown;;None;;;';;';;Y;;;;'15/01/2019 12:41:18;3;11085953;;BU;1;';';';';';;;;;;;;';;';;Y;;;;'15/01/2019 12:41:18
;;;Zoning;6807323;'20200219142313;W03-C-Antwerpen-West-FH07;6807323;'20200219142313;W03-C-Antwerpen-West-FH07;19084;FTTH-Cu;;';';;;;;;;11377733;'20191016141255;2054534;'1630000;'29519;Steenhouwersvest;'61;';2000;Antwerpen;;'152166,343;'211993,905;';Y;NA;5;15;Unknown;Unknown;;None;;;';;';;Y;;;;'15/01/2019 12:41:18;4;11085954;;BU;1;';';';';';;;;;;;;';;';;Y;;;;'15/01/2019 12:41:18
;;;Zoning;6807323;'20200219142313;W03-C-Antwerpen-West-FH07;6807323;'20200219142313;W03-C-Antwerpen-West-FH07;19084;FTTH-Cu;;';';;;;;;;11377733;'20191016141255;2054534;'1630000;'29519;Steenhouwersvest;'61;';2000;Antwerpen;;'152166,343;'211993,905;';Y;NA;5;15;Unknown;Unknown;;None;;;';;';;Y;;;;'15/01/2019 12:41:18;5;11085955;;BU;1;';';';';';;;;;;;;';;';;Y;;;;'15/01/2019 12:41:18
;;;Zoning;6807323;'20200219142313;W03-C-Antwerpen-West-FH07;6807323;'20200219142313;W03-C-Antwerpen-West-FH07;19084;FTTH-Cu;;';';;;;;;;677413;'20191016141255;2054535;'1630000;'29519;Steenhouwersvest;'63;';2000;Antwerpen;;'152177,149;'211993,779;';Y;NA;4;12;Unknown;Unknown;;None;;;';;';;Y;;;;'15/01/2019 12:41:18;1;1831042;;BU;1;';';';';';Y;;COMM;HANDELSZAAK - COMMERCE;NA;;;';;';;Y;;;;'15/01/2019 12:41:18
;;;Zoning;6807323;'20200219142313;W03-C-Antwerpen-West-FH07;6807323;'20200219142313;W03-C-Antwerpen-West-FH07;19084;FTTH-Cu;;';';;;;;;;677413;'20191016141255;2054535;'1630000;'29519;Steenhouwersvest;'63;';2000;Antwerpen;;'152177,149;'211993,779;';Y;NA;4;12;Unknown;Unknown;;None;;;';;';;Y;;;;'15/01/2019 12:41:18;2;1831043;;LU;1;';';';';';Y;;COMM;HANDELSZAAK - COMMERCE;NA;;;';;';;Y;;;;'15/01/2019 12:41:18
;;;Zoning;6807323;'20200219142313;W03-C-Antwerpen-West-FH07;6807323;'20200219142313;W03-C-Antwerpen-West-FH07;19084;FTTH-Cu;;';';;;;;;;677413;'20191016141255;2054535;'1630000;'29519;Steenhouwersvest;'63;';2000;Antwerpen;;'152177,149;'211993,779;';Y;NA;4;12;Unknown;Unknown;;None;;;';;';;Y;;;;'15/01/2019 12:41:18;3;1831044;;LU;1;';';';';';Y;;COMM;HANDELSZAAK - COMMERCE;NA;;;';;';;Y;;;;'15/01/2019 12:41:18
;;;Zoning;6807323;'20200219142313;W03-C-Antwerpen-West-FH07;6807323;'20200219142313;W03-C-Antwerpen-West-FH07;19084;FTTH-Cu;;';';;;;;;;677413;'20191016141255;2054535;'1630000;'29519;Steenhouwersvest;'63;';2000;Antwerpen;;'152177,149;'211993,779;';Y;NA;4;12;Unknown;Unknown;;None;;;';;';;Y;;;;'15/01/2019 12:41:18;4;11086922;;LU;1;';';';';';;;;;;;;';;';;Y;;;;'15/01/2019 12:41:18
;;;Zoning;6807323;'20200219142313;W03-C-Antwerpen-West-FH07;6807323;'20200219142313;W03-C-Antwerpen-West-FH07;19084;FTTH-Cu;;';';;;;;;;715028;'20200110143435;61096;'1630000;'29519;Steenhouwersvest;'65;';2000;Antwerpen;;'152185,238;'211992,894;';Y;NA;4;4;Unknown;Unknown;;None;;;';IFH_BATCH;'12/07/2019 07:38:30;;Y;;;;'12/07/2019 07:28:35;1;1833684;;BU;1;';';';';';Y;;COMM;HANDELSZAAK - COMMERCE;NA;;;';;';;Y;;;;'12/07/2019 07:28:35
;;;Zoning;6807323;'20200219142313;W03-C-Antwerpen-West-FH07;6807323;'20200219142313;W03-C-Antwerpen-West-FH07;19084;FTTH-Cu;;';';;;;;;;715028;'20200110143435;61096;'1630000;'29519;Steenhouwersvest;'65;';2000;Antwerpen;;'152185,238;'211992,894;';Y;NA;4;4;Unknown;Unknown;;None;;;';IFH_BATCH;'12/07/2019 07:38:30;;Y;;;;'12/07/2019 07:28:35;2;1833685;;LU;1;';';';';';Y;;COMM;HANDELSZAAK - COMMERCE;NA;;;';;';;Y;;;;'12/07/2019 07:28:35
;;;Zoning;6807323;'20200219142313;W03-C-Antwerpen-West-FH07;6807323;'20200219142313;W03-C-Antwerpen-West-FH07;19084;FTTH-Cu;;';';;;;;;;715028;'20200110143435;61096;'1630000;'29519;Steenhouwersvest;'65;';2000;Antwerpen;;'152185,238;'211992,894;';Y;NA;4;4;Unknown;Unknown;;None;;;';IFH_BATCH;'12/07/2019 07:38:30;;Y;;;;'12/07/2019 07:28:35;3;1833686;;LU;1;';';';';';Y;;COMM;HANDELSZAAK - COMMERCE;NA;;;';;';;Y;;;;'12/07/2019 07:28:35
;;;Zoning;6807323;'20200219142313;W03-C-Antwerpen-West-FH07;6807323;'20200219142313;W03-C-Antwerpen-West-FH07;19084;FTTH-Cu;;';';;;;;;;715028;'20200110143435;61096;'1630000;'29519;Steenhouwersvest;'65;';2000;Antwerpen;;'152185,238;'211992,894;';Y;NA;4;4;Unknown;Unknown;;None;;;';IFH_BATCH;'12/07/2019 07:38:30;;Y;;;;'12/07/2019 07:28:35;4;11142733;;LU;1;';';';';';;;;;;;;';SSV_IMPORT;'12/07/2019 07:56:34;;Y;;;;'12/07/2019 07:28:35
;;;Zoning;6807323;'20200219142313;W03-C-Antwerpen-West-FH07;6807323;'20200219142313;W03-C-Antwerpen-West-FH07;19084;FTTH-Cu;;';';;;;;;;726236;'20191021145027;976565;'1630000;'5593;Van Craesbeeckstraat;'1;';2000;Antwerpen;;'151985,55;'211550,511;';Y;NA;4;12;Unknown;Unknown;;None;;;';;';;Y;;;;'15/01/2019 12:41:18;1;1615244;;BU;1;';';';';';Y;;COMM;HANDELSZAAK - COMMERCE;NA;;;';;';;Y;;;;'15/01/2019 12:41:18
;;;Zoning;6807323;'20200219142313;W03-C-Antwerpen-West-FH07;6807323;'20200219142313;W03-C-Antwerpen-West-FH07;19084;FTTH-Cu;;';';;;;;;;11378977;'20200113130838;5951254;'1630000;'5593;Van Craesbeeckstraat;'7;';2000;Antwerpen;;'151982,5;'211525,5;';Y;NA;15;4;Unknown;Unknown;;None;;;';IFH_BATCH;'12/07/2019 07:44:33;;Y;;;;'12/07/2019 07:28:35;1;11086340;;LU;1;';';';';';;;;;;;;';;';;Y;;;;'12/07/2019 07:28:35
;;;Zoning;6807323;'20200219142313;W03-C-Antwerpen-West-FH07;6807323;'20200219142313;W03-C-Antwerpen-West-FH07;19084;FTTH-Cu;;';';;;;;;;11378977;'20200113130838;5951254;'1630000;'5593;Van Craesbeeckstraat;'7;';2000;Antwerpen;;'151982,5;'211525,5;';Y;NA;15;4;Unknown;Unknown;;None;;;';IFH_BATCH;'12/07/2019 07:44:33;;Y;;;;'12/07/2019 07:28:35;2;11086341;;LU;1;';';';';';;;;;;;;';;';;Y;;;;'12/07/2019 07:28:35
;;;Zoning;6807323;'20200219142313;W03-C-Antwerpen-West-FH07;6807323;'20200219142313;W03-C-Antwerpen-West-FH07;19084;FTTH-Cu;;';';;;;;;;11378977;'20200113130838;5951254;'1630000;'5593;Van Craesbeeckstraat;'7;';2000;Antwerpen;;'151982,5;'211525,5;';Y;NA;15;4;Unknown;Unknown;;None;;;';IFH_BATCH;'12/07/2019 07:44:33;;Y;;;;'12/07/2019 07:28:35;3;11086342;;LU;1;';';';';';;;;;;;;';;';;Y;;;;'12/07/2019 07:28:35
;;;Zoning;6807323;'20200219142313;W03-C-Antwerpen-West-FH07;6807323;'20200219142313;W03-C-Antwerpen-West-FH07;19084;FTTH-Cu;;';';;;;;;;11378977;'20200113130838;5951254;'1630000;'5593;Van Craesbeeckstraat;'7;';2000;Antwerpen;;'151982,5;'211525,5;';Y;NA;15;4;Unknown;Unknown;;None;;;';IFH_BATCH;'12/07/2019 07:44:33;;Y;;;;'12/07/2019 07:28:35;4;11086343;;LU;1;';';';';';;;;;;;;';;';;Y;;;;'12/07/2019 07:28:35
;;;Zoning;6807323;'20200219142313;W03-C-Antwerpen-West-FH07;6807323;'20200219142313;W03-C-Antwerpen-West-FH07;19084;FTTH-Cu;;';';;;;;;;11378977;'20200113130838;5951254;'1630000;'5593;Van Craesbeeckstraat;'7;';2000;Antwerpen;;'151982,5;'211525,5;';Y;NA;15;4;Unknown;Unknown;;None;;;';IFH_BATCH;'12/07/2019 07:44:33;;Y;;;;'12/07/2019 07:28:35;5;11086344;;LU;1;';';';';';;;;;;;;';;';;Y;;;;'12/07/2019 07:28:35
;;;Zoning;6807323;'20200219142313;W03-C-Antwerpen-West-FH07;6807323;'20200219142313;W03-C-Antwerpen-West-FH07;19084;FTTH-Cu;;';';;;;;;;11378978;'20200113130858;976567;'1630000;'5593;Van Craesbeeckstraat;'9;';2000;Antwerpen;;'151980,055;'211516,269;';Y;NA;15;4;Unknown;Unknown;;None;;;';IFH_BATCH;'12/07/2019 07:44:30;;Y;;;;'12/07/2019 07:28:35;1;11086345;;LU;1;';';';';';;;;;;;;';;';;Y;;;;'12/07/2019 07:28:35
;;;Zoning;6807323;'20200219142313;W03-C-Antwerpen-West-FH07;6807323;'20200219142313;W03-C-Antwerpen-West-FH07;19084;FTTH-Cu;;';';;;;;;;692624;'20200109143154;4040818;'1630000;'5593;Van Craesbeeckstraat;'9;'A;2000;Antwerpen;;'151981,536;'211518,309;';Y;NA;5;4;Unknown;Unknown;;None;;;';IFH_BATCH;'12/07/2019 07:41:01;;Y;;;;'12/07/2019 07:28:35;1;1867646;;LU;1;';';';';';Y;;APTBLD;APPARTEMENTSGEBOUW - IMMEUBLE A APPARTEMENTS;NA;;;';;';;Y;;;;'12/07/2019 07:28:35
;;;Zoning;6807323;'20200219142313;W03-C-Antwerpen-West-FH07;6807323;'20200219142313;W03-C-Antwerpen-West-FH07;19084;FTTH-Cu;;';';;;;;;;692624;'20200109143154;4040818;'1630000;'5593;Van Craesbeeckstraat;'9;'A;2000;Antwerpen;;'151981,536;'211518,309;';Y;NA;5;4;Unknown;Unknown;;None;;;';IFH_BATCH;'12/07/2019 07:41:01;;Y;;;;'12/07/2019 07:28:35;2;1867647;;LU;1;';';';';';Y;;APTBLD;APPARTEMENTSGEBOUW - IMMEUBLE A APPARTEMENTS;NA;;;';;';;Y;;;;'12/07/2019 07:28:35
;;;Zoning;6807323;'20200219142313;W03-C-Antwerpen-West-FH07;6807323;'20200219142313;W03-C-Antwerpen-West-FH07;19084;FTTH-Cu;;';';;;;;;;692624;'20200109143154;4040818;'1630000;'5593;Van Craesbeeckstraat;'9;'A;2000;Antwerpen;;'151981,536;'211518,309;';Y;NA;5;4;Unknown;Unknown;;None;;;';IFH_BATCH;'12/07/2019 07:41:01;;Y;;;;'12/07/2019 07:28:35;3;1867648;;LU;1;';';';';';Y;;APTBLD;APPARTEMENTSGEBOUW - IMMEUBLE A APPARTEMENTS;NA;;;';;';;Y;;;;'12/07/2019 07:28:35
;;;Zoning;6807323;'20200219142313;W03-C-Antwerpen-West-FH07;6807323;'20200219142313;W03-C-Antwerpen-West-FH07;19084;FTTH-Cu;;';';;;;;;;11378979;'20200113130907;6526019;'1630000;'5593;Van Craesbeeckstraat;'9;'B;2000;Antwerpen;;'151980,55;'211514,003;';Y;NA;5;4;Unknown;Unknown;;None;;;';IFH_BATCH;'12/07/2019 07:44:36;;Y;;;;'12/07/2019 07:28:35;1;11086346;;LU;1;';';';';';;;;;;;;';;';;Y;;;;'12/07/2019 07:28:35
;;;Zoning;6807323;'20200219142313;W03-C-Antwerpen-West-FH07;6807323;'20200219142313;W03-C-Antwerpen-West-FH07;19084;FTTH-Cu;;';';;;;;;;11378979;'20200113130907;6526019;'1630000;'5593;Van Craesbeeckstraat;'9;'B;2000;Antwerpen;;'151980,55;'211514,003;';Y;NA;5;4;Unknown;Unknown;;None;;;';IFH_BATCH;'12/07/2019 07:44:36;;Y;;;;'12/07/2019 07:28:35;2;11086347;;LU;1;';';';';';;;;;;;;';;';;Y;;;;'12/07/2019 07:28:35
;;;Zoning;6807323;'20200219142313;W03-C-Antwerpen-West-FH07;6807323;'20200219142313;W03-C-Antwerpen-West-FH07;19084;FTTH-Cu;;';';;;;;;;11378979;'20200113130907;6526019;'1630000;'5593;Van Craesbeeckstraat;'9;'B;2000;Antwerpen;;'151980,55;'211514,003;';Y;NA;5;4;Unknown;Unknown;;None;;;';IFH_BATCH;'12/07/2019 07:44:36;;Y;;;;'12/07/2019 07:28:35;3;11086348;;LU;1;';';';';';;;;;;;;';;';;Y;;;;'12/07/2019 07:28:35
;;;Zoning;6807323;'20200219142313;W03-C-Antwerpen-West-FH07;6807323;'20200219142313;W03-C-Antwerpen-West-FH07;19084;FTTH-Cu;;';';;;;;;;11378979;'20200113130907;6526019;'1630000;'5593;Van Craesbeeckstraat;'9;'B;2000;Antwerpen;;'151980,55;'211514,003;';Y;NA;5;4;Unknown;Unknown;;None;;;';IFH_BATCH;'12/07/2019 07:44:36;;Y;;;;'12/07/2019 07:28:35;4;11086349;;LU;1;';';';';';;;;;;;;';;';;Y;;;;'12/07/2019 07:28:35
;;;Zoning;6807323;'20200219142313;W03-C-Antwerpen-West-FH07;6807323;'20200219142313;W03-C-Antwerpen-West-FH07;19084;FTTH-Cu;;';';;;;;;;11378979;'20200113130907;6526019;'1630000;'5593;Van Craesbeeckstraat;'9;'B;2000;Antwerpen;;'151980,55;'211514,003;';Y;NA;5;4;Unknown;Unknown;;None;;;';IFH_BATCH;'12/07/2019 07:44:36;;Y;;;;'12/07/2019 07:28:35;5;11086350;;LU;1;';';';';';;;;;;;;';;';;Y;;;;'12/07/2019 07:28:35
;;;Zoning;6807323;'20200219142313;W03-C-Antwerpen-West-FH07;6807323;'20200219142313;W03-C-Antwerpen-West-FH07;19084;FTTH-Cu;11382505;'20191021150126;'Van Craesbeeckstraat 11 - 13 A - 13 B - 15 A - 15 B;;;;;;;726237;'20191021150022;976568;'1630000;'5593;Van Craesbeeckstraat;'11;';2000;Antwerpen;;'151976,088;'211495,941;';Y;NA;15;4;Unknown;Unknown;;None;;;';IFH_BATCH;'12/07/2019 07:40:53;;Y;;;;'12/07/2019 07:28:35;1;1630633;;LU;1;';';';';';Y;;APTBLD;APPARTEMENTSGEBOUW - IMMEUBLE A APPARTEMENTS;NA;;;';;';;Y;;;;'12/07/2019 07:28:35
;;;Zoning;6807323;'20200219142313;W03-C-Antwerpen-West-FH07;6807323;'20200219142313;W03-C-Antwerpen-West-FH07;19084;FTTH-Cu;11382505;'20191021150126;'Van Craesbeeckstraat 11 - 13 A - 13 B - 15 A - 15 B;;;;;;;726237;'20191021150022;976568;'1630000;'5593;Van Craesbeeckstraat;'11;';2000;Antwerpen;;'151976,088;'211495,941;';Y;NA;15;4;Unknown;Unknown;;None;;;';IFH_BATCH;'12/07/2019 07:40:53;;Y;;;;'12/07/2019 07:28:35;2;1630634;;LU;1;';';';';';Y;;APTBLD;APPARTEMENTSGEBOUW - IMMEUBLE A APPARTEMENTS;NA;;;';;';;Y;;;;'12/07/2019 07:28:35
;;;Zoning;6807323;'20200219142313;W03-C-Antwerpen-West-FH07;6807323;'20200219142313;W03-C-Antwerpen-West-FH07;19084;FTTH-Cu;11382505;'20191021150126;'Van Craesbeeckstraat 11 - 13 A - 13 B - 15 A - 15 B;;;;;;;726237;'20191021150022;976568;'1630000;'5593;Van Craesbeeckstraat;'11;';2000;Antwerpen;;'151976,088;'211495,941;';Y;NA;15;4;Unknown;Unknown;;None;;;';IFH_BATCH;'12/07/2019 07:40:53;;Y;;;;'12/07/2019 07:28:35;3;1630635;;LU;1;';';';';';Y;;APTBLD;APPARTEMENTSGEBOUW - IMMEUBLE A APPARTEMENTS;NA;;;';;';;Y;;;;'12/07/2019 07:28:35
;;;Zoning;6807323;'20200219142313;W03-C-Antwerpen-West-FH07;6807323;'20200219142313;W03-C-Antwerpen-West-FH07;19084;FTTH-Cu;11382505;'20191021150126;'Van Craesbeeckstraat 11 - 13 A - 13 B - 15 A - 15 B;;;;;;;726237;'20191021150022;976568;'1630000;'5593;Van Craesbeeckstraat;'11;';2000;Antwerpen;;'151976,088;'211495,941;';Y;NA;15;4;Unknown;Unknown;;None;;;';IFH_BATCH;'12/07/2019 07:40:53;;Y;;;;'12/07/2019 07:28:35;4;1630636;;LU;1;';';';';';Y;;APTBLD;APPARTEMENTSGEBOUW - IMMEUBLE A APPARTEMENTS;NA;;;';;';;Y;;;;'12/07/2019 07:28:35
;;;Zoning;6807323;'20200219142313;W03-C-Antwerpen-West-FH07;6807323;'20200219142313;W03-C-Antwerpen-West-FH07;19084;FTTH-Cu;11382505;'20191021150126;'Van Craesbeeckstraat 11 - 13 A - 13 B - 15 A - 15 B;;;;;;;726237;'20191021150022;976568;'1630000;'5593;Van Craesbeeckstraat;'11;';2000;Antwerpen;;'151976,088;'211495,941;';Y;NA;15;4;Unknown;Unknown;;None;;;';IFH_BATCH;'12/07/2019 07:40:53;;Y;;;;'12/07/2019 07:28:35;5;1630637;;LU;1;';';';';';Y;;APTBLD;APPARTEMENTSGEBOUW - IMMEUBLE A APPARTEMENTS;NA;;;';;';;Y;;;;'12/07/2019 07:28:35
;;;Zoning;6807323;'20200219142313;W03-C-Antwerpen-West-FH07;6807323;'20200219142313;W03-C-Antwerpen-West-FH07;19084;FTTH-Cu;11382505;'20191021150126;'Van Craesbeeckstraat 11 - 13 A - 13 B - 15 A - 15 B;;;;;;;726238;'20191021150033;976569;'1630000;'5593;Van Craesbeeckstraat;'13;';2000;Antwerpen;;'151974,257;'211485,204;';Y;NA;15;4;Unknown;Unknown;;None;;;';IFH_BATCH;'12/07/2019 07:40:56;;Y;;;;'12/07/2019 07:28:35;1;1647974;;LU;1;';';';';';Y;;APTBLD;APPARTEMENTSGEBOUW - IMMEUBLE A APPARTEMENTS;NA;;;';;';;Y;;;;'12/07/2019 07:28:35
;;;Zoning;6807323;'20200219142313;W03-C-Antwerpen-West-FH07;6807323;'20200219142313;W03-C-Antwerpen-West-FH07;19084;FTTH-Cu;11382505;'20191021150126;'Van Craesbeeckstraat 11 - 13 A - 13 B - 15 A - 15 B;;;;;;;726238;'20191021150033;976569;'1630000;'5593;Van Craesbeeckstraat;'13;';2000;Antwerpen;;'151974,257;'211485,204;';Y;NA;15;4;Unknown;Unknown;;None;;;';IFH_BATCH;'12/07/2019 07:40:56;;Y;;;;'12/07/2019 07:28:35;2;1647975;;LU;1;';';';';';Y;;APTBLD;APPARTEMENTSGEBOUW - IMMEUBLE A APPARTEMENTS;NA;;;';;';;Y;;;;'12/07/2019 07:28:35
;;;Zoning;6807323;'20200219142313;W03-C-Antwerpen-West-FH07;6807323;'20200219142313;W03-C-Antwerpen-West-FH07;19084;FTTH-Cu;11382505;'20191021150126;'Van Craesbeeckstraat 11 - 13 A - 13 B - 15 A - 15 B;;;;;;;726238;'20191021150033;976569;'1630000;'5593;Van Craesbeeckstraat;'13;';2000;Antwerpen;;'151974,257;'211485,204;';Y;NA;15;4;Unknown;Unknown;;None;;;';IFH_BATCH;'12/07/2019 07:40:56;;Y;;;;'12/07/2019 07:28:35;3;1647976;;LU;1;';';';';';Y;;APTBLD;APPARTEMENTSGEBOUW - IMMEUBLE A APPARTEMENTS;NA;;;';;';;Y;;;;'12/07/2019 07:28:35
;;;Zoning;6807323;'20200219142313;W03-C-Antwerpen-West-FH07;6807323;'20200219142313;W03-C-Antwerpen-West-FH07;19084;FTTH-Cu;11382505;'20191021150126;'Van Craesbeeckstraat 11 - 13 A - 13 B - 15 A - 15 B;;;;;;;726238;'20191021150033;976569;'1630000;'5593;Van Craesbeeckstraat;'13;';2000;Antwerpen;;'151974,257;'211485,204;';Y;NA;15;4;Unknown;Unknown;;None;;;';IFH_BATCH;'12/07/2019 07:40:56;;Y;;;;'12/07/2019 07:28:35;4;1647977;;LU;1;';';';';';Y;;APTBLD;APPARTEMENTSGEBOUW - IMMEUBLE A APPARTEMENTS;NA;;;';;';;Y;;;;'12/07/2019 07:28:35
;;;Zoning;6807323;'20200219142313;W03-C-Antwerpen-West-FH07;6807323;'20200219142313;W03-C-Antwerpen-West-FH07;19084;FTTH-Cu;11382505;'20191021150126;'Van Craesbeeckstraat 11 - 13 A - 13 B - 15 A - 15 B;;;;;;;726238;'20191021150033;976569;'1630000;'5593;Van Craesbeeckstraat;'13;';2000;Antwerpen;;'151974,257;'211485,204;';Y;NA;15;4;Unknown;Unknown;;None;;;';IFH_BATCH;'12/07/2019 07:40:56;;Y;;;;'12/07/2019 07:28:35;5;1647978;;LU;1;';';';';';Y;;APTBLD;APPARTEMENTSGEBOUW - IMMEUBLE A APPARTEMENTS;NA;;;';;';;Y;;;;'12/07/2019 07:28:35
;;;Zoning;6807323;'20200219142313;W03-C-Antwerpen-West-FH07;6807323;'20200219142313;W03-C-Antwerpen-West-FH07;19084;FTTH-Cu;11382505;'20191021150126;'Van Craesbeeckstraat 11 - 13 A - 13 B - 15 A - 15 B;;;;;;;11378976;'20191021150041;3919740;'1630000;'5593;Van Craesbeeckstraat;'13;'A;2000;Antwerpen;;'151973,015;'211478,369;';Y;NA;5;4;Unknown;Unknown;;None;;;';IFH_BATCH;'12/07/2019 07:44:38;;Y;;;;'12/07/2019 07:28:35;1;11086335;;LU;1;';';';';';;;;;;;;';;';;Y;;;;'12/07/2019 07:28:35
;;;Zoning;6807323;'20200219142313;W03-C-Antwerpen-West-FH07;6807323;'20200219142313;W03-C-Antwerpen-West-FH07;19084;FTTH-Cu;11382505;'20191021150126;'Van Craesbeeckstraat 11 - 13 A - 13 B - 15 A - 15 B;;;;;;;11378976;'20191021150041;3919740;'1630000;'5593;Van Craesbeeckstraat;'13;'A;2000;Antwerpen;;'151973,015;'211478,369;';Y;NA;5;4;Unknown;Unknown;;None;;;';IFH_BATCH;'12/07/2019 07:44:38;;Y;;;;'12/07/2019 07:28:35;2;11086336;;LU;1;';';';';';;;;;;;;';;';;Y;;;;'12/07/2019 07:28:35
;;;Zoning;6807323;'20200219142313;W03-C-Antwerpen-West-FH07;6807323;'20200219142313;W03-C-Antwerpen-West-FH07;19084;FTTH-Cu;11382505;'20191021150126;'Van Craesbeeckstraat 11 - 13 A - 13 B - 15 A - 15 B;;;;;;;11378976;'20191021150041;3919740;'1630000;'5593;Van Craesbeeckstraat;'13;'A;2000;Antwerpen;;'151973,015;'211478,369;';Y;NA;5;4;Unknown;Unknown;;None;;;';IFH_BATCH;'12/07/2019 07:44:38;;Y;;;;'12/07/2019 07:28:35;3;11086337;;LU;1;';';';';';;;;;;;;';;';;Y;;;;'12/07/2019 07:28:35
;;;Zoning;6807323;'20200219142313;W03-C-Antwerpen-West-FH07;6807323;'20200219142313;W03-C-Antwerpen-West-FH07;19084;FTTH-Cu;11382505;'20191021150126;'Van Craesbeeckstraat 11 - 13 A - 13 B - 15 A - 15 B;;;;;;;11378976;'20191021150041;3919740;'1630000;'5593;Van Craesbeeckstraat;'13;'A;2000;Antwerpen;;'151973,015;'211478,369;';Y;NA;5;4;Unknown;Unknown;;None;;;';IFH_BATCH;'12/07/2019 07:44:38;;Y;;;;'12/07/2019 07:28:35;4;11086338;;LU;1;';';';';';;;;;;;;';;';;Y;;;;'12/07/2019 07:28:35
;;;Zoning;6807323;'20200219142313;W03-C-Antwerpen-West-FH07;6807323;'20200219142313;W03-C-Antwerpen-West-FH07;19084;FTTH-Cu;11382505;'20191021150126;'Van Craesbeeckstraat 11 - 13 A - 13 B - 15 A - 15 B;;;;;;;11378976;'20191021150041;3919740;'1630000;'5593;Van Craesbeeckstraat;'13;'A;2000;Antwerpen;;'151973,015;'211478,369;';Y;NA;5;4;Unknown;Unknown;;None;;;';IFH_BATCH;'12/07/2019 07:44:38;;Y;;;;'12/07/2019 07:28:35;5;11086339;;LU;1;';';';';';;;;;;;;';;';;Y;;;;'12/07/2019 07:28:35
;;;Zoning;6807323;'20200219142313;W03-C-Antwerpen-West-FH07;6807323;'20200219142313;W03-C-Antwerpen-West-FH07;19084;FTTH-Cu;11382505;'20191021150126;'Van Craesbeeckstraat 11 - 13 A - 13 B - 15 A - 15 B;;;;;;;726239;'20200109144258;976570;'1630000;'5593;Van Craesbeeckstraat;'15;';2000;Antwerpen;;'151968,698;'211469,978;';N;ORN;5;0;Unknown;Unknown;;None;;;';IFH_BATCH;'12/07/2019 07:40:58;;Y;;;;'12/07/2019 07:28:35;1;1662000;;LU;1;';';';';';Y;;APTBLD;APPARTEMENTSGEBOUW - IMMEUBLE A APPARTEMENTS;NA;;;';;';;Y;;;;'12/07/2019 07:28:35
;;;Zoning;6807323;'20200219142313;W03-C-Antwerpen-West-FH07;6807323;'20200219142313;W03-C-Antwerpen-West-FH07;19084;FTTH-Cu;11382505;'20191021150126;'Van Craesbeeckstraat 11 - 13 A - 13 B - 15 A - 15 B;;;;;;;726239;'20200109144258;976570;'1630000;'5593;Van Craesbeeckstraat;'15;';2000;Antwerpen;;'151968,698;'211469,978;';N;ORN;5;0;Unknown;Unknown;;None;;;';IFH_BATCH;'12/07/2019 07:40:58;;Y;;;;'12/07/2019 07:28:35;2;1662001;;LU;1;';';';';';Y;;APTBLD;APPARTEMENTSGEBOUW - IMMEUBLE A APPARTEMENTS;NA;;;';;';;Y;;;;'12/07/2019 07:28:35
;;;Zoning;6807323;'20200219142313;W03-C-Antwerpen-West-FH07;6807323;'20200219142313;W03-C-Antwerpen-West-FH07;19084;FTTH-Cu;11382505;'20191021150126;'Van Craesbeeckstraat 11 - 13 A - 13 B - 15 A - 15 B;;;;;;;726239;'20200109144258;976570;'1630000;'5593;Van Craesbeeckstraat;'15;';2000;Antwerpen;;'151968,698;'211469,978;';N;ORN;5;0;Unknown;Unknown;;None;;;';IFH_BATCH;'12/07/2019 07:40:58;;Y;;;;'12/07/2019 07:28:35;3;1662002;;LU;1;';';';';';Y;;APTBLD;APPARTEMENTSGEBOUW - IMMEUBLE A APPARTEMENTS;NA;;;';;';;Y;;;;'12/07/2019 07:28:35
;;;Zoning;6807323;'20200219142313;W03-C-Antwerpen-West-FH07;6807323;'20200219142313;W03-C-Antwerpen-West-FH07;19084;FTTH-Cu;11382505;'20191021150126;'Van Craesbeeckstraat 11 - 13 A - 13 B - 15 A - 15 B;;;;;;;726239;'20200109144258;976570;'1630000;'5593;Van Craesbeeckstraat;'15;';2000;Antwerpen;;'151968,698;'211469,978;';N;ORN;5;0;Unknown;Unknown;;None;;;';IFH_BATCH;'12/07/2019 07:40:58;;Y;;;;'12/07/2019 07:28:35;4;1662003;;LU;1;';';';';';Y;;APTBLD;APPARTEMENTSGEBOUW - IMMEUBLE A APPARTEMENTS;NA;;;';;';;Y;;;;'12/07/2019 07:28:35
;;;Zoning;6807323;'20200219142313;W03-C-Antwerpen-West-FH07;6807323;'20200219142313;W03-C-Antwerpen-West-FH07;19084;FTTH-Cu;11382505;'20191021150126;'Van Craesbeeckstraat 11 - 13 A - 13 B - 15 A - 15 B;;;;;;;726239;'20200109144258;976570;'1630000;'5593;Van Craesbeeckstraat;'15;';2000;Antwerpen;;'151968,698;'211469,978;';N;ORN;5;0;Unknown;Unknown;;None;;;';IFH_BATCH;'12/07/2019 07:40:58;;Y;;;;'12/07/2019 07:28:35;5;1662004;;LU;1;';';';';';Y;;APTBLD;APPARTEMENTSGEBOUW - IMMEUBLE A APPARTEMENTS;NA;;;';;';;Y;;;;'12/07/2019 07:28:35
;;;Zoning;6807323;'20200219142313;W03-C-Antwerpen-West-FH07;6807323;'20200219142313;W03-C-Antwerpen-West-FH07;19084;FTTH-Cu;11382505;'20191021150126;'Van Craesbeeckstraat 11 - 13 A - 13 B - 15 A - 15 B;;;;;;;11378974;'20191021150111;5992875;'1630000;'5593;Van Craesbeeckstraat;'15;'B;2000;Antwerpen;;'151964,928;'211463,828;';N;IRREG;5;15;Unknown;Unknown;;None;;;';;';;Y;;;;'15/01/2019 12:41:18;1;11086331;;LU;1;';';';';';;;;;;;;';;';;Y;;;;'15/01/2019 12:41:18
;;;Zoning;6807323;'20200219142313;W03-C-Antwerpen-West-FH07;6807323;'20200219142313;W03-C-Antwerpen-West-FH07;19084;FTTH-Cu;11382505;'20191021150126;'Van Craesbeeckstraat 11 - 13 A - 13 B - 15 A - 15 B;;;;;;;11378974;'20191021150111;5992875;'1630000;'5593;Van Craesbeeckstraat;'15;'B;2000;Antwerpen;;'151964,928;'211463,828;';N;IRREG;5;15;Unknown;Unknown;;None;;;';;';;Y;;;;'15/01/2019 12:41:18;2;11086332;;LU;1;';';';';';;;;;;;;';;';;Y;;;;'15/01/2019 12:41:18
;;;Zoning;6807323;'20200219142313;W03-C-Antwerpen-West-FH07;6807323;'20200219142313;W03-C-Antwerpen-West-FH07;19084;FTTH-Cu;11382505;'20191021150126;'Van Craesbeeckstraat 11 - 13 A - 13 B - 15 A - 15 B;;;;;;;11378974;'20191021150111;5992875;'1630000;'5593;Van Craesbeeckstraat;'15;'B;2000;Antwerpen;;'151964,928;'211463,828;';N;IRREG;5;15;Unknown;Unknown;;None;;;';;';;Y;;;;'15/01/2019 12:41:18;3;11086333;;LU;1;';';';';';;;;;;;;';;';;Y;;;;'15/01/2019 12:41:18
;;;Zoning;6807323;'20200219142313;W03-C-Antwerpen-West-FH07;6807323;'20200219142313;W03-C-Antwerpen-West-FH07;19084;FTTH-Cu;11382505;'20191021150126;'Van Craesbeeckstraat 11 - 13 A - 13 B - 15 A - 15 B;;;;;;;11378974;'20191021150111;5992875;'1630000;'5593;Van Craesbeeckstraat;'15;'B;2000;Antwerpen;;'151964,928;'211463,828;';N;IRREG;5;15;Unknown;Unknown;;None;;;';;';;Y;;;;'15/01/2019 12:41:18;4;11086334;;LU;1;';';';';';;;;;;;;';;';;Y;;;;'15/01/2019 12:41:18
;;;Zoning;6807323;'20200219142313;W03-C-Antwerpen-West-FH07;6807323;'20200219142313;W03-C-Antwerpen-West-FH07;19084;FTTH-Cu;11382504;'20191021144234;'Van Craesbeeckstraat 22 - 24 - 26 - 28;;;;;;;726235;'20191021144206;976564;'1630000;'5593;Van Craesbeeckstraat;'22;';2000;Antwerpen;;'151950,451;'211493,483;';N;IRREG;3;9;Unknown;Unknown;;None;;;';;';;Y;;;;'15/01/2019 12:41:18;1;1708457;;LU;1;';';';';';Y;;APTBLD;APPARTEMENTSGEBOUW - IMMEUBLE A APPARTEMENTS;NA;;;';;';;Y;;;;'15/01/2019 12:41:18
;;;Zoning;6807323;'20200219142313;W03-C-Antwerpen-West-FH07;6807323;'20200219142313;W03-C-Antwerpen-West-FH07;19084;FTTH-Cu;11382504;'20191021144234;'Van Craesbeeckstraat 22 - 24 - 26 - 28;;;;;;;11379446;'20191021144225;1813924;'1630000;'5593;Van Craesbeeckstraat;'24;';2000;Antwerpen;;'151949,369;'211489,359;';N;IRREG;3;9;Unknown;Unknown;;None;;;';;';;Y;;;;'15/01/2019 12:41:18;1;11086550;;LU;1;';';';';';;;;;;;;';;';;Y;;;;'15/01/2019 12:41:18
;;;Zoning;6807323;'20200219142313;W03-C-Antwerpen-West-FH07;6807323;'20200219142313;W03-C-Antwerpen-West-FH07;19084;FTTH-Cu;11382504;'20191021144234;'Van Craesbeeckstraat 22 - 24 - 26 - 28;;;;;;;11379446;'20191021144225;1813924;'1630000;'5593;Van Craesbeeckstraat;'24;';2000;Antwerpen;;'151949,369;'211489,359;';N;IRREG;3;9;Unknown;Unknown;;None;;;';;';;Y;;;;'15/01/2019 12:41:18;2;11086551;;LU;1;';';';';';;;;;;;;';;';;Y;;;;'15/01/2019 12:41:18
;;;Zoning;6807323;'20200219142313;W03-C-Antwerpen-West-FH07;6807323;'20200219142313;W03-C-Antwerpen-West-FH07;19084;FTTH-Cu;11382504;'20191021144234;'Van Craesbeeckstraat 22 - 24 - 26 - 28;;;;;;;11379447;'20191021144217;1101820;'1630000;'5593;Van Craesbeeckstraat;'26;';2000;Antwerpen;;'151948,454;'211483,577;';N;IRREG;3;9;Unknown;Unknown;;None;;;';;';;Y;;;;'15/01/2019 12:41:18;1;11086552;;LU;1;';';';';';;;;;;;;';;';;Y;;;;'15/01/2019 12:41:18
;;;Zoning;6807323;'20200219142313;W03-C-Antwerpen-West-FH07;6807323;'20200219142313;W03-C-Antwerpen-West-FH07;19084;FTTH-Cu;11382504;'20191021144234;'Van Craesbeeckstraat 22 - 24 - 26 - 28;;;;;;;11379447;'20191021144217;1101820;'1630000;'5593;Van Craesbeeckstraat;'26;';2000;Antwerpen;;'151948,454;'211483,577;';N;IRREG;3;9;Unknown;Unknown;;None;;;';;';;Y;;;;'15/01/2019 12:41:18;2;11086553;;LU;1;';';';';';;;;;;;;';;';;Y;;;;'15/01/2019 12:41:18
;;;Zoning;6807323;'20200219142313;W03-C-Antwerpen-West-FH07;6807323;'20200219142313;W03-C-Antwerpen-West-FH07;19084;FTTH-Cu;11382504;'20191021144234;'Van Craesbeeckstraat 22 - 24 - 26 - 28;;;;;;;11379451;'20191021144155;976572;'1630000;'5593;Van Craesbeeckstraat;'28;';2000;Antwerpen;;'151947,187;'211478,269;';N;IRREG;3;9;Unknown;Unknown;;None;;;';;';;Y;;;;'15/01/2019 12:41:18;1;11086558;;LU;1;';';';';';;;;;;;;';;';;Y;;;;'15/01/2019 12:41:18
;;;Zoning;6807323;'20200219142313;W03-C-Antwerpen-West-FH07;6807323;'20200219142313;W03-C-Antwerpen-West-FH07;19084;FTTH-Cu;11382562;'20191021152330;'VOLKSTRAAT 2-4-6;;;;;;;712563;'20191021152313;5576383;'1630000;'32984;Volkstraat;'2;';2000;Antwerpen;;'151942,173;'211338,876;';N;IRREG;1;3;Unknown;Unknown;;None;;;';;';;Y;;;;'15/01/2019 12:41:18;26;1691661;;BU;1;';';';';';Y;#HA.GV/1/;APPART;DEEL_APP_GEBOUW - PARTIE_IMMEUBLE_APP;COMM;;;';;';;Y;;;;'15/01/2019 12:41:18
;;;Zoning;6807323;'20200219142313;W03-C-Antwerpen-West-FH07;6807323;'20200219142313;W03-C-Antwerpen-West-FH07;19084;FTTH-Cu;11382562;'20191021152330;'VOLKSTRAAT 2-4-6;;;;;;;11377999;'20191021152314;2061581;'1630000;'32984;Volkstraat;'4;';2000;Antwerpen;;'151950,19;'211337,742;';N;IRREG;6;18;Unknown;Unknown;;None;;;';;';;Y;;;;'15/01/2019 12:41:18;1;11086079;;BU;1;';';';';';;;;;;;;';;';;Y;;;;'15/01/2019 12:41:18
;;;Zoning;6807323;'20200219142313;W03-C-Antwerpen-West-FH07;6807323;'20200219142313;W03-C-Antwerpen-West-FH07;19084;FTTH-Cu;11382562;'20191021152330;'VOLKSTRAAT 2-4-6;;;;;;;11377999;'20191021152314;2061581;'1630000;'32984;Volkstraat;'4;';2000;Antwerpen;;'151950,19;'211337,742;';N;IRREG;6;18;Unknown;Unknown;;None;;;';;';;Y;;;;'15/01/2019 12:41:18;2;11086080;;BU;1;';';';';';;;;;;;;';;';;Y;;;;'15/01/2019 12:41:18
;;;Zoning;6807323;'20200219142313;W03-C-Antwerpen-West-FH07;6807323;'20200219142313;W03-C-Antwerpen-West-FH07;19084;FTTH-Cu;11382562;'20191021152330;'VOLKSTRAAT 2-4-6;;;;;;;11377999;'20191021152314;2061581;'1630000;'32984;Volkstraat;'4;';2000;Antwerpen;;'151950,19;'211337,742;';N;IRREG;6;18;Unknown;Unknown;;None;;;';;';;Y;;;;'15/01/2019 12:41:18;3;11086081;;BU;1;';';';';';;;;;;;;';;';;Y;;;;'15/01/2019 12:41:18
;;;Zoning;6807323;'20200219142313;W03-C-Antwerpen-West-FH07;6807323;'20200219142313;W03-C-Antwerpen-West-FH07;19084;FTTH-Cu;11382562;'20191021152330;'VOLKSTRAAT 2-4-6;;;;;;;11377999;'20191021152314;2061581;'1630000;'32984;Volkstraat;'4;';2000;Antwerpen;;'151950,19;'211337,742;';N;IRREG;6;18;Unknown;Unknown;;None;;;';;';;Y;;;;'15/01/2019 12:41:18;4;11086082;;BU;1;';';';';';;;;;;;;';;';;Y;;;;'15/01/2019 12:41:18
;;;Zoning;6807323;'20200219142313;W03-C-Antwerpen-West-FH07;6807323;'20200219142313;W03-C-Antwerpen-West-FH07;19084;FTTH-Cu;11382562;'20191021152330;'VOLKSTRAAT 2-4-6;;;;;;;11377999;'20191021152314;2061581;'1630000;'32984;Volkstraat;'4;';2000;Antwerpen;;'151950,19;'211337,742;';N;IRREG;6;18;Unknown;Unknown;;None;;;';;';;Y;;;;'15/01/2019 12:41:18;5;11086083;;BU;1;';';';';';;;;;;;;';;';;Y;;;;'15/01/2019 12:41:18
;;;Zoning;6807323;'20200219142313;W03-C-Antwerpen-West-FH07;6807323;'20200219142313;W03-C-Antwerpen-West-FH07;19084;FTTH-Cu;11382562;'20191021152330;'VOLKSTRAAT 2-4-6;;;;;;;11377999;'20191021152314;2061581;'1630000;'32984;Volkstraat;'4;';2000;Antwerpen;;'151950,19;'211337,742;';N;IRREG;6;18;Unknown;Unknown;;None;;;';;';;Y;;;;'15/01/2019 12:41:18;6;11086084;;BU;1;';';';';';;;;;;;;';;';;Y;;;;'15/01/2019 12:41:18
;;;Zoning;6807323;'20200219142313;W03-C-Antwerpen-West-FH07;6807323;'20200219142313;W03-C-Antwerpen-West-FH07;19084;FTTH-Cu;11382562;'20191021152330;'VOLKSTRAAT 2-4-6;;;;;;;11377999;'20191021152314;2061581;'1630000;'32984;Volkstraat;'4;';2000;Antwerpen;;'151950,19;'211337,742;';N;IRREG;6;18;Unknown;Unknown;;None;;;';;';;Y;;;;'15/01/2019 12:41:18;7;11086085;;BU;1;';';';';';;;;;;;;';;';;Y;;;;'15/01/2019 12:41:18
;;;Zoning;6807323;'20200219142313;W03-C-Antwerpen-West-FH07;6807323;'20200219142313;W03-C-Antwerpen-West-FH07;19084;FTTH-Cu;11382562;'20191021152330;'VOLKSTRAAT 2-4-6;;;;;;;11377999;'20191021152314;2061581;'1630000;'32984;Volkstraat;'4;';2000;Antwerpen;;'151950,19;'211337,742;';N;IRREG;6;18;Unknown;Unknown;;None;;;';;';;Y;;;;'15/01/2019 12:41:18;8;11086086;;BU;1;';';';';';;;;;;;;';;';;Y;;;;'15/01/2019 12:41:18
;;;Zoning;6807323;'20200219142313;W03-C-Antwerpen-West-FH07;6807323;'20200219142313;W03-C-Antwerpen-West-FH07;19084;FTTH-Cu;11382562;'20191021152330;'VOLKSTRAAT 2-4-6;;;;;;;11377999;'20191021152314;2061581;'1630000;'32984;Volkstraat;'4;';2000;Antwerpen;;'151950,19;'211337,742;';N;IRREG;6;18;Unknown;Unknown;;None;;;';;';;Y;;;;'15/01/2019 12:41:18;9;11086087;;BU;1;';';';';';;;;;;;;';;';;Y;;;;'15/01/2019 12:41:18
;;;Zoning;6807323;'20200219142313;W03-C-Antwerpen-West-FH07;6807323;'20200219142313;W03-C-Antwerpen-West-FH07;19084;FTTH-Cu;11382562;'20191021152330;'VOLKSTRAAT 2-4-6;;;;;;;11377999;'20191021152314;2061581;'1630000;'32984;Volkstraat;'4;';2000;Antwerpen;;'151950,19;'211337,742;';N;IRREG;6;18;Unknown;Unknown;;None;;;';;';;Y;;;;'15/01/2019 12:41:18;10;11086088;;BU;1;';';';';';;;;;;;;';;';;Y;;;;'15/01/2019 12:41:18
;;;Zoning;6807323;'20200219142313;W03-C-Antwerpen-West-FH07;6807323;'20200219142313;W03-C-Antwerpen-West-FH07;19084;FTTH-Cu;11382562;'20191021152330;'VOLKSTRAAT 2-4-6;;;;;;;11377999;'20191021152314;2061581;'1630000;'32984;Volkstraat;'4;';2000;Antwerpen;;'151950,19;'211337,742;';N;IRREG;6;18;Unknown;Unknown;;None;;;';;';;Y;;;;'15/01/2019 12:41:18;11;11086089;;BU;1;';';';';';;;;;;;;';;';;Y;;;;'15/01/2019 12:41:18
;;;Zoning;6807323;'20200219142313;W03-C-Antwerpen-West-FH07;6807323;'20200219142313;W03-C-Antwerpen-West-FH07;19084;FTTH-Cu;11382562;'20191021152330;'VOLKSTRAAT 2-4-6;;;;;;;11377999;'20191021152314;2061581;'1630000;'32984;Volkstraat;'4;';2000;Antwerpen;;'151950,19;'211337,742;';N;IRREG;6;18;Unknown;Unknown;;None;;;';;';;Y;;;;'15/01/2019 12:41:18;12;11086090;;BU;1;';';';';';;;;;;;;';;';;Y;;;;'15/01/2019 12:41:18
;;;Zoning;6807323;'20200219142313;W03-C-Antwerpen-West-FH07;6807323;'20200219142313;W03-C-Antwerpen-West-FH07;19084;FTTH-Cu;11382562;'20191021152330;'VOLKSTRAAT 2-4-6;;;;;;;11377999;'20191021152314;2061581;'1630000;'32984;Volkstraat;'4;';2000;Antwerpen;;'151950,19;'211337,742;';N;IRREG;6;18;Unknown;Unknown;;None;;;';;';;Y;;;;'15/01/2019 12:41:18;13;11086091;;BU;1;';';';';';;;;;;;;';;';;Y;;;;'15/01/2019 12:41:18
;;;Zoning;6807323;'20200219142313;W03-C-Antwerpen-West-FH07;6807323;'20200219142313;W03-C-Antwerpen-West-FH07;19084;FTTH-Cu;11382562;'20191021152330;'VOLKSTRAAT 2-4-6;;;;;;;11377999;'20191021152314;2061581;'1630000;'32984;Volkstraat;'4;';2000;Antwerpen;;'151950,19;'211337,742;';N;IRREG;6;18;Unknown;Unknown;;None;;;';;';;Y;;;;'15/01/2019 12:41:18;14;11086092;;BU;1;';';';';';;;;;;;;';;';;Y;;;;'15/01/2019 12:41:18
;;;Zoning;6807323;'20200219142313;W03-C-Antwerpen-West-FH07;6807323;'20200219142313;W03-C-Antwerpen-West-FH07;19084;FTTH-Cu;11382562;'20191021152330;'VOLKSTRAAT 2-4-6;;;;;;;11377999;'20191021152314;2061581;'1630000;'32984;Volkstraat;'4;';2000;Antwerpen;;'151950,19;'211337,742;';N;IRREG;6;18;Unknown;Unknown;;None;;;';;';;Y;;;;'15/01/2019 12:41:18;15;11086093;;BU;1;';';';';';;;;;;;;';;';;Y;;;;'15/01/2019 12:41:18
;;;Zoning;6807323;'20200219142313;W03-C-Antwerpen-West-FH07;6807323;'20200219142313;W03-C-Antwerpen-West-FH07;19084;FTTH-Cu;11382562;'20191021152330;'VOLKSTRAAT 2-4-6;;;;;;;11377999;'20191021152314;2061581;'1630000;'32984;Volkstraat;'4;';2000;Antwerpen;;'151950,19;'211337,742;';N;IRREG;6;18;Unknown;Unknown;;None;;;';;';;Y;;;;'15/01/2019 12:41:18;16;11086094;;BU;1;';';';';';;;;;;;;';;';;Y;;;;'15/01/2019 12:41:18
;;;Zoning;6807323;'20200219142313;W03-C-Antwerpen-West-FH07;6807323;'20200219142313;W03-C-Antwerpen-West-FH07;19084;FTTH-Cu;11382562;'20191021152330;'VOLKSTRAAT 2-4-6;;;;;;;11377999;'20191021152314;2061581;'1630000;'32984;Volkstraat;'4;';2000;Antwerpen;;'151950,19;'211337,742;';N;IRREG;6;18;Unknown;Unknown;;None;;;';;';;Y;;;;'15/01/2019 12:41:18;17;11086095;;BU;1;';';';';';;;;;;;;';;';;Y;;;;'15/01/2019 12:41:18
;;;Zoning;6807323;'20200219142313;W03-C-Antwerpen-West-FH07;6807323;'20200219142313;W03-C-Antwerpen-West-FH07;19084;FTTH-Cu;11382562;'20191021152330;'VOLKSTRAAT 2-4-6;;;;;;;11377999;'20191021152314;2061581;'1630000;'32984;Volkstraat;'4;';2000;Antwerpen;;'151950,19;'211337,742;';N;IRREG;6;18;Unknown;Unknown;;None;;;';;';;Y;;;;'15/01/2019 12:41:18;18;11086096;;BU;1;';';';';';;;;;;;;';;';;Y;;;;'15/01/2019 12:41:18
;;;Zoning;6807323;'20200219142313;W03-C-Antwerpen-West-FH07;6807323;'20200219142313;W03-C-Antwerpen-West-FH07;19084;FTTH-Cu;11382562;'20191021152330;'VOLKSTRAAT 2-4-6;;;;;;;11377999;'20191021152314;2061581;'1630000;'32984;Volkstraat;'4;';2000;Antwerpen;;'151950,19;'211337,742;';N;IRREG;6;18;Unknown;Unknown;;None;;;';;';;Y;;;;'15/01/2019 12:41:18;19;11086097;;BU;1;';';';';';;;;;;;;';;';;Y;;;;'15/01/2019 12:41:18
;;;Zoning;6807323;'20200219142313;W03-C-Antwerpen-West-FH07;6807323;'20200219142313;W03-C-Antwerpen-West-FH07;19084;FTTH-Cu;11382562;'20191021152330;'VOLKSTRAAT 2-4-6;;;;;;;11377999;'20191021152314;2061581;'1630000;'32984;Volkstraat;'4;';2000;Antwerpen;;'151950,19;'211337,742;';N;IRREG;6;18;Unknown;Unknown;;None;;;';;';;Y;;;;'15/01/2019 12:41:18;20;11086098;;BU;1;';';';';';;;;;;;;';;';;Y;;;;'15/01/2019 12:41:18
;;;Zoning;6807323;'20200219142313;W03-C-Antwerpen-West-FH07;6807323;'20200219142313;W03-C-Antwerpen-West-FH07;19084;FTTH-Cu;11382562;'20191021152330;'VOLKSTRAAT 2-4-6;;;;;;;11377999;'20191021152314;2061581;'1630000;'32984;Volkstraat;'4;';2000;Antwerpen;;'151950,19;'211337,742;';N;IRREG;6;18;Unknown;Unknown;;None;;;';;';;Y;;;;'15/01/2019 12:41:18;21;11086099;;BU;1;';';';';';;;;;;;;';;';;Y;;;;'15/01/2019 12:41:18
;;;Zoning;6807323;'20200219142313;W03-C-Antwerpen-West-FH07;6807323;'20200219142313;W03-C-Antwerpen-West-FH07;19084;FTTH-Cu;11382562;'20191021152330;'VOLKSTRAAT 2-4-6;;;;;;;11377999;'20191021152314;2061581;'1630000;'32984;Volkstraat;'4;';2000;Antwerpen;;'151950,19;'211337,742;';N;IRREG;6;18;Unknown;Unknown;;None;;;';;';;Y;;;;'15/01/2019 12:41:18;22;11086100;;BU;1;';';';';';;;;;;;;';;';;Y;;;;'15/01/2019 12:41:18
;;;Zoning;6807323;'20200219142313;W03-C-Antwerpen-West-FH07;6807323;'20200219142313;W03-C-Antwerpen-West-FH07;19084;FTTH-Cu;11382562;'20191021152330;'VOLKSTRAAT 2-4-6;;;;;;;11377999;'20191021152314;2061581;'1630000;'32984;Volkstraat;'4;';2000;Antwerpen;;'151950,19;'211337,742;';N;IRREG;6;18;Unknown;Unknown;;None;;;';;';;Y;;;;'15/01/2019 12:41:18;23;11086101;;BU;1;';';';';';;;;;;;;';;';;Y;;;;'15/01/2019 12:41:18
;;;Zoning;6807323;'20200219142313;W03-C-Antwerpen-West-FH07;6807323;'20200219142313;W03-C-Antwerpen-West-FH07;19084;FTTH-Cu;11382562;'20191021152330;'VOLKSTRAAT 2-4-6;;;;;;;11377999;'20191021152314;2061581;'1630000;'32984;Volkstraat;'4;';2000;Antwerpen;;'151950,19;'211337,742;';N;IRREG;6;18;Unknown;Unknown;;None;;;';;';;Y;;;;'15/01/2019 12:41:18;24;11086102;;BU;1;';';';';';;;;;;;;';;';;Y;;;;'15/01/2019 12:41:18
;;;Zoning;6807323;'20200219142313;W03-C-Antwerpen-West-FH07;6807323;'20200219142313;W03-C-Antwerpen-West-FH07;19084;FTTH-Cu;11382562;'20191021152330;'VOLKSTRAAT 2-4-6;;;;;;;11377999;'20191021152314;2061581;'1630000;'32984;Volkstraat;'4;';2000;Antwerpen;;'151950,19;'211337,742;';N;IRREG;6;18;Unknown;Unknown;;None;;;';;';;Y;;;;'15/01/2019 12:41:18;25;11086103;;BU;1;';';';';';;;;;;;;';;';;Y;;;;'15/01/2019 12:41:18
;;;Zoning;6807323;'20200219142313;W03-C-Antwerpen-West-FH07;6807323;'20200219142313;W03-C-Antwerpen-West-FH07;19084;FTTH-Cu;11382562;'20191021152330;'VOLKSTRAAT 2-4-6;;;;;;;11377999;'20191021152314;2061581;'1630000;'32984;Volkstraat;'4;';2000;Antwerpen;;'151950,19;'211337,742;';N;IRREG;6;18;Unknown;Unknown;;None;;;';;';;Y;;;;'15/01/2019 12:41:18;26;11086104;;SU;1;';';';';';;;;;;;;';;';;Y;;;;'15/01/2019 12:41:18
;;;Zoning;6807323;'20200219142313;W03-C-Antwerpen-West-FH07;6807323;'20200219142313;W03-C-Antwerpen-West-FH07;19084;FTTH-Cu;11382562;'20191021152330;'VOLKSTRAAT 2-4-6;;;;;;;11377996;'20191021152322;976260;'1630000;'32984;Volkstraat;'6;';2000;Antwerpen;;'151949,402;'211331,647;';N;IRREG;1;3;Unknown;Unknown;;None;;;';;';;Y;;;;'15/01/2019 12:41:18;1;11086078;;BU;1;';';';';';;;;;;;;';;';;Y;;;;'15/01/2019 12:41:18
;;;Zoning;6807323;'20200219142313;W03-C-Antwerpen-West-FH07;6807323;'20200219142313;W03-C-Antwerpen-West-FH07;19084;FTTH-Cu;;';';;;;;;;726190;'20191021152537;976237;'1630000;'32984;Volkstraat;'8;';2000;Antwerpen;;'151944,791;'211321,403;';Y;NA;12;4;Unknown;Unknown;;None;;;';IFH_BATCH;'12/07/2019 07:39:53;;Y;;;;'12/07/2019 07:28:35;1;1856527;;BU;1;';';';';';Y;;COMM;HANDELSZAAK - COMMERCE;NA;;;';;';;Y;;;;'12/07/2019 07:28:35
;;;Zoning;6807323;'20200219142313;W03-C-Antwerpen-West-FH07;6807323;'20200219142313;W03-C-Antwerpen-West-FH07;19084;FTTH-Cu;;';';;;;;;;726190;'20191021152537;976237;'1630000;'32984;Volkstraat;'8;';2000;Antwerpen;;'151944,791;'211321,403;';Y;NA;12;4;Unknown;Unknown;;None;;;';IFH_BATCH;'12/07/2019 07:39:53;;Y;;;;'12/07/2019 07:28:35;2;1856528;;LU;1;';';';';';Y;;COMM;HANDELSZAAK - COMMERCE;NA;;;';;';;Y;;;;'12/07/2019 07:28:35
;;;Zoning;6807323;'20200219142313;W03-C-Antwerpen-West-FH07;6807323;'20200219142313;W03-C-Antwerpen-West-FH07;19084;FTTH-Cu;;';';;;;;;;726190;'20191021152537;976237;'1630000;'32984;Volkstraat;'8;';2000;Antwerpen;;'151944,791;'211321,403;';Y;NA;12;4;Unknown;Unknown;;None;;;';IFH_BATCH;'12/07/2019 07:39:53;;Y;;;;'12/07/2019 07:28:35;3;1856529;;LU;1;';';';';';Y;;COMM;HANDELSZAAK - COMMERCE;NA;;;';;';;Y;;;;'12/07/2019 07:28:35
;;;Zoning;6807323;'20200219142313;W03-C-Antwerpen-West-FH07;6807323;'20200219142313;W03-C-Antwerpen-West-FH07;19084;FTTH-Cu;;';';;;;;;;726190;'20191021152537;976237;'1630000;'32984;Volkstraat;'8;';2000;Antwerpen;;'151944,791;'211321,403;';Y;NA;12;4;Unknown;Unknown;;None;;;';IFH_BATCH;'12/07/2019 07:39:53;;Y;;;;'12/07/2019 07:28:35;4;11087003;;LU;1;';';';';';;;;;;;;';;';;Y;;;;'12/07/2019 07:28:35
;;;Zoning;6807323;'20200219142313;W03-C-Antwerpen-West-FH07;6807323;'20200219142313;W03-C-Antwerpen-West-FH07;19084;FTTH-Cu;11382502;'20191021152441;'Volkstraat 10 - 10 A;;;;;;;683517;'20190131095851;2061587;'1630000;'32984;Volkstraat;'10;';2000;Antwerpen;;'151943,323;'211316,57;';Y;NA;4;12;Unknown;Unknown;;None;;;';;';;Y;;;;'15/01/2019 12:41:18;1;1621648;;LU;1;';';';';';Y;;HOUSE;WONING - MAISON;NA;;;';;';;Y;;;;'15/01/2019 12:41:18
;;;Zoning;6807323;'20200219142313;W03-C-Antwerpen-West-FH07;6807323;'20200219142313;W03-C-Antwerpen-West-FH07;19084;FTTH-Cu;11382502;'20191021152441;'Volkstraat 10 - 10 A;;;;;;;683517;'20190131095851;2061587;'1630000;'32984;Volkstraat;'10;';2000;Antwerpen;;'151943,323;'211316,57;';Y;NA;4;12;Unknown;Unknown;;None;;;';;';;Y;;;;'15/01/2019 12:41:18;2;1621649;;LU;1;';';';';';Y;;HOUSE;WONING - MAISON;NA;;;';;';;Y;;;;'15/01/2019 12:41:18
;;;Zoning;6807323;'20200219142313;W03-C-Antwerpen-West-FH07;6807323;'20200219142313;W03-C-Antwerpen-West-FH07;19084;FTTH-Cu;11382502;'20191021152441;'Volkstraat 10 - 10 A;;;;;;;683517;'20190131095851;2061587;'1630000;'32984;Volkstraat;'10;';2000;Antwerpen;;'151943,323;'211316,57;';Y;NA;4;12;Unknown;Unknown;;None;;;';;';;Y;;;;'15/01/2019 12:41:18;3;1621650;;LU;1;';';';';';Y;;HOUSE;WONING - MAISON;NA;;;';;';;Y;;;;'15/01/2019 12:41:18
;;;Zoning;6807323;'20200219142313;W03-C-Antwerpen-West-FH07;6807323;'20200219142313;W03-C-Antwerpen-West-FH07;19084;FTTH-Cu;11382502;'20191021152441;'Volkstraat 10 - 10 A;;;;;;;683517;'20190131095851;2061587;'1630000;'32984;Volkstraat;'10;';2000;Antwerpen;;'151943,323;'211316,57;';Y;NA;4;12;Unknown;Unknown;;None;;;';;';;Y;;;;'15/01/2019 12:41:18;4;1621651;;LU;1;';';';';';Y;;HOUSE;WONING - MAISON;NA;;;';;';;Y;;;;'15/01/2019 12:41:18
;;;Zoning;6807323;'20200219142313;W03-C-Antwerpen-West-FH07;6807323;'20200219142313;W03-C-Antwerpen-West-FH07;19084;FTTH-Cu;11382502;'20191021152441;'Volkstraat 10 - 10 A;;;;;;;683517;'20190131095851;2061587;'1630000;'32984;Volkstraat;'10;';2000;Antwerpen;;'151943,323;'211316,57;';Y;NA;4;12;Unknown;Unknown;;None;;;';;';;Y;;;;'15/01/2019 12:41:18;5;11087004;;LU;1;';';';';';;;;;;;;';;';;Y;;;;'15/01/2019 12:41:18
;;;Zoning;6807323;'20200219142313;W03-C-Antwerpen-West-FH07;6807323;'20200219142313;W03-C-Antwerpen-West-FH07;19084;FTTH-Cu;11382502;'20191021152441;'Volkstraat 10 - 10 A;;;;;;;683517;'20190131095851;2061587;'1630000;'32984;Volkstraat;'10;';2000;Antwerpen;;'151943,323;'211316,57;';Y;NA;4;12;Unknown;Unknown;;None;;;';;';;Y;;;;'15/01/2019 12:41:18;6;11087005;;LU;1;';';';';';;;;;;;;';;';;Y;;;;'15/01/2019 12:41:18
;;;Zoning;6807323;'20200219142313;W03-C-Antwerpen-West-FH07;6807323;'20200219142313;W03-C-Antwerpen-West-FH07;19084;FTTH-Cu;11382502;'20191021152441;'Volkstraat 10 - 10 A;;;;;;;683517;'20190131095851;2061587;'1630000;'32984;Volkstraat;'10;';2000;Antwerpen;;'151943,323;'211316,57;';Y;NA;4;12;Unknown;Unknown;;None;;;';;';;Y;;;;'15/01/2019 12:41:18;7;11087006;;LU;1;';';';';';;;;;;;;';;';;Y;;;;'15/01/2019 12:41:18
;;;Zoning;6807323;'20200219142313;W03-C-Antwerpen-West-FH07;6807323;'20200219142313;W03-C-Antwerpen-West-FH07;19084;FTTH-Cu;11382502;'20191021152441;'Volkstraat 10 - 10 A;;;;;;;683517;'20190131095851;2061587;'1630000;'32984;Volkstraat;'10;';2000;Antwerpen;;'151943,323;'211316,57;';Y;NA;4;12;Unknown;Unknown;;None;;;';;';;Y;;;;'15/01/2019 12:41:18;8;11087007;;LU;1;';';';';';;;;;;;;';;';;Y;;;;'15/01/2019 12:41:18
;;;Zoning;6807323;'20200219142313;W03-C-Antwerpen-West-FH07;6807323;'20200219142313;W03-C-Antwerpen-West-FH07;19084;FTTH-Cu;11382502;'20191021152441;'Volkstraat 10 - 10 A;;;;;;;683517;'20190131095851;2061587;'1630000;'32984;Volkstraat;'10;';2000;Antwerpen;;'151943,323;'211316,57;';Y;NA;4;12;Unknown;Unknown;;None;;;';;';;Y;;;;'15/01/2019 12:41:18;9;11087008;;SU;1;';';';';';;;;;;;;';;';;Y;;;;'15/01/2019 12:41:18
;;;Zoning;6807323;'20200219142313;W03-C-Antwerpen-West-FH07;6807323;'20200219142313;W03-C-Antwerpen-West-FH07;19084;FTTH-Cu;11382502;'20191021152441;'Volkstraat 10 - 10 A;;;;;;;11378875;'20190131095900;6058494;'1630000;'32984;Volkstraat;'10;'A;2000;Antwerpen;;'151940,45;'211318,5;';Y;NA;4;12;Unknown;Unknown;;None;;;';;';;Y;;;;'15/01/2019 12:41:18;1;11086321;;BU;1;';';';';';;;;;;;;';;';;Y;;;;'15/01/2019 12:41:18
;;;Zoning;6807323;'20200219142313;W03-C-Antwerpen-West-FH07;6807323;'20200219142313;W03-C-Antwerpen-West-FH07;19084;FTTH-Cu;;';';;;;;;;683518;'20191021152536;2061589;'1630000;'32984;Volkstraat;'12;';2000;Antwerpen;;'151937,695;'211311,565;';Y;NA;4;12;Unknown;Unknown;;None;;;';;';;Y;;;;'15/01/2019 12:41:18;1;1637588;;LU;1;';';';';';Y;#A1.A2.A3/A2/K4.5.6;APPART;DEEL_APP_GEBOUW - PARTIE_IMMEUBLE_APP;APPART;;;';;';;Y;;;;'15/01/2019 12:41:18
;;;Zoning;6807323;'20200219142313;W03-C-Antwerpen-West-FH07;6807323;'20200219142313;W03-C-Antwerpen-West-FH07;19084;FTTH-Cu;;';';;;;;;;683518;'20191021152536;2061589;'1630000;'32984;Volkstraat;'12;';2000;Antwerpen;;'151937,695;'211311,565;';Y;NA;4;12;Unknown;Unknown;;None;;;';;';;Y;;;;'15/01/2019 12:41:18;2;1637589;;LU;1;';';';';';Y;#A1.A2.A3/A2/K4.5.6;APPART;DEEL_APP_GEBOUW - PARTIE_IMMEUBLE_APP;APPART;;;';;';;Y;;;;'15/01/2019 12:41:18
;;;Zoning;6807323;'20200219142313;W03-C-Antwerpen-West-FH07;6807323;'20200219142313;W03-C-Antwerpen-West-FH07;19084;FTTH-Cu;;';';;;;;;;683518;'20191021152536;2061589;'1630000;'32984;Volkstraat;'12;';2000;Antwerpen;;'151937,695;'211311,565;';Y;NA;4;12;Unknown;Unknown;;None;;;';;';;Y;;;;'15/01/2019 12:41:18;3;1637590;;LU;1;';';';';';Y;#A1.A2.A3/A2/K4.5.6;APPART;DEEL_APP_GEBOUW - PARTIE_IMMEUBLE_APP;APPART;;;';;';;Y;;;;'15/01/2019 12:41:18
;;;Zoning;6807323;'20200219142313;W03-C-Antwerpen-West-FH07;6807323;'20200219142313;W03-C-Antwerpen-West-FH07;19084;FTTH-Cu;;';';;;;;;;683518;'20191021152536;2061589;'1630000;'32984;Volkstraat;'12;';2000;Antwerpen;;'151937,695;'211311,565;';Y;NA;4;12;Unknown;Unknown;;None;;;';;';;Y;;;;'15/01/2019 12:41:18;4;1637591;;LU;1;';';';';';Y;#A1.A2.A3/A2/K4.5.6;APPART;DEEL_APP_GEBOUW - PARTIE_IMMEUBLE_APP;APPART;;;';;';;Y;;;;'15/01/2019 12:41:18
;;;Zoning;6807323;'20200219142313;W03-C-Antwerpen-West-FH07;6807323;'20200219142313;W03-C-Antwerpen-West-FH07;19084;FTTH-Cu;;';';;;;;;;683518;'20191021152536;2061589;'1630000;'32984;Volkstraat;'12;';2000;Antwerpen;;'151937,695;'211311,565;';Y;NA;4;12;Unknown;Unknown;;None;;;';;';;Y;;;;'15/01/2019 12:41:18;5;1638458;;LU;1;';';';';';Y;#HA.GV/A1/K1.2.3;APPART;DEEL_APP_GEBOUW - PARTIE_IMMEUBLE_APP;COMM;;;';;';;Y;;;;'15/01/2019 12:41:18
;;;Zoning;6807323;'20200219142313;W03-C-Antwerpen-West-FH07;6807323;'20200219142313;W03-C-Antwerpen-West-FH07;19084;FTTH-Cu;;';';;;;;;;683518;'20191021152536;2061589;'1630000;'32984;Volkstraat;'12;';2000;Antwerpen;;'151937,695;'211311,565;';Y;NA;4;12;Unknown;Unknown;;None;;;';;';;Y;;;;'15/01/2019 12:41:18;6;11087009;;LU;1;';';';';';;;;;;;;';;';;Y;;;;'15/01/2019 12:41:18
;;;Zoning;6807323;'20200219142313;W03-C-Antwerpen-West-FH07;6807323;'20200219142313;W03-C-Antwerpen-West-FH07;19084;FTTH-Cu;;';';;;;;;;683519;'20191021152536;2061590;'1630000;'32984;Volkstraat;'14;';2000;Antwerpen;;'151935,049;'211307,482;';Y;NA;1;3;Unknown;Unknown;;None;;;';;';;Y;;;;'15/01/2019 12:41:18;1;1655748;;BU;1;';';';';';Y;;COMM;HANDELSZAAK - COMMERCE;NA;;;';;';;Y;;;;'15/01/2019 12:41:18
;;;Zoning;6807323;'20200219142313;W03-C-Antwerpen-West-FH07;6807323;'20200219142313;W03-C-Antwerpen-West-FH07;19084;FTTH-Cu;;';';;;;;;;683520;'20191021152536;2061591;'1630000;'32984;Volkstraat;'16;';2000;Antwerpen;;'151930,133;'211302,415;';Y;NA;5;15;Unknown;Unknown;;None;;;';;';;Y;;;;'15/01/2019 12:41:18;1;1669207;;LU;1;';';';';';Y;;APTBLD;APPARTEMENTSGEBOUW - IMMEUBLE A APPARTEMENTS;NA;;;';;';;Y;;;;'15/01/2019 12:41:18
;;;Zoning;6807323;'20200219142313;W03-C-Antwerpen-West-FH07;6807323;'20200219142313;W03-C-Antwerpen-West-FH07;19084;FTTH-Cu;;';';;;;;;;683520;'20191021152536;2061591;'1630000;'32984;Volkstraat;'16;';2000;Antwerpen;;'151930,133;'211302,415;';Y;NA;5;15;Unknown;Unknown;;None;;;';;';;Y;;;;'15/01/2019 12:41:18;2;1669208;;LU;1;';';';';';Y;;APTBLD;APPARTEMENTSGEBOUW - IMMEUBLE A APPARTEMENTS;NA;;;';;';;Y;;;;'15/01/2019 12:41:18
;;;Zoning;6807323;'20200219142313;W03-C-Antwerpen-West-FH07;6807323;'20200219142313;W03-C-Antwerpen-West-FH07;19084;FTTH-Cu;;';';;;;;;;683520;'20191021152536;2061591;'1630000;'32984;Volkstraat;'16;';2000;Antwerpen;;'151930,133;'211302,415;';Y;NA;5;15;Unknown;Unknown;;None;;;';;';;Y;;;;'15/01/2019 12:41:18;3;1669209;;LU;1;';';';';';Y;;APTBLD;APPARTEMENTSGEBOUW - IMMEUBLE A APPARTEMENTS;NA;;;';;';;Y;;;;'15/01/2019 12:41:18
;;;Zoning;6807323;'20200219142313;W03-C-Antwerpen-West-FH07;6807323;'20200219142313;W03-C-Antwerpen-West-FH07;19084;FTTH-Cu;;';';;;;;;;683520;'20191021152536;2061591;'1630000;'32984;Volkstraat;'16;';2000;Antwerpen;;'151930,133;'211302,415;';Y;NA;5;15;Unknown;Unknown;;None;;;';;';;Y;;;;'15/01/2019 12:41:18;4;11087010;;BU;1;';';';';';;;;;;;;';;';;Y;;;;'15/01/2019 12:41:18
;;;Zoning;6807323;'20200219142313;W03-C-Antwerpen-West-FH07;6807323;'20200219142313;W03-C-Antwerpen-West-FH07;19084;FTTH-Cu;;';';;;;;;;683520;'20191021152536;2061591;'1630000;'32984;Volkstraat;'16;';2000;Antwerpen;;'151930,133;'211302,415;';Y;NA;5;15;Unknown;Unknown;;None;;;';;';;Y;;;;'15/01/2019 12:41:18;5;11087011;;LU;1;';';';';';;;;;;;;';;';;Y;;;;'15/01/2019 12:41:18
;;;Zoning;6807323;'20200219142313;W03-C-Antwerpen-West-FH07;6807323;'20200219142313;W03-C-Antwerpen-West-FH07;19084;FTTH-Cu;;';';;;;;;;683521;'20191021152536;2061593;'1630000;'32984;Volkstraat;'18;';2000;Antwerpen;;'151925,898;'211298,255;';Y;NA;5;15;Unknown;Unknown;;None;;;';;';;Y;;;;'15/01/2019 12:41:18;1;1680753;;BU;1;';';';';';Y;;COMM;HANDELSZAAK - COMMERCE;NA;;;';;';;Y;;;;'15/01/2019 12:41:18
;;;Zoning;6807323;'20200219142313;W03-C-Antwerpen-West-FH07;6807323;'20200219142313;W03-C-Antwerpen-West-FH07;19084;FTTH-Cu;;';';;;;;;;683521;'20191021152536;2061593;'1630000;'32984;Volkstraat;'18;';2000;Antwerpen;;'151925,898;'211298,255;';Y;NA;5;15;Unknown;Unknown;;None;;;';;';;Y;;;;'15/01/2019 12:41:18;2;1680754;;LU;1;';';';';';Y;;COMM;HANDELSZAAK - COMMERCE;NA;;;';;';;Y;;;;'15/01/2019 12:41:18
;;;Zoning;6807323;'20200219142313;W03-C-Antwerpen-West-FH07;6807323;'20200219142313;W03-C-Antwerpen-West-FH07;19084;FTTH-Cu;;';';;;;;;;683521;'20191021152536;2061593;'1630000;'32984;Volkstraat;'18;';2000;Antwerpen;;'151925,898;'211298,255;';Y;NA;5;15;Unknown;Unknown;;None;;;';;';;Y;;;;'15/01/2019 12:41:18;3;1680755;;LU;1;';';';';';Y;;COMM;HANDELSZAAK - COMMERCE;NA;;;';;';;Y;;;;'15/01/2019 12:41:18
;;;Zoning;6807323;'20200219142313;W03-C-Antwerpen-West-FH07;6807323;'20200219142313;W03-C-Antwerpen-West-FH07;19084;FTTH-Cu;;';';;;;;;;683521;'20191021152536;2061593;'1630000;'32984;Volkstraat;'18;';2000;Antwerpen;;'151925,898;'211298,255;';Y;NA;5;15;Unknown;Unknown;;None;;;';;';;Y;;;;'15/01/2019 12:41:18;4;1680756;;LU;1;';';';';';Y;;COMM;HANDELSZAAK - COMMERCE;NA;;;';;';;Y;;;;'15/01/2019 12:41:18
;;;Zoning;6807323;'20200219142313;W03-C-Antwerpen-West-FH07;6807323;'20200219142313;W03-C-Antwerpen-West-FH07;19084;FTTH-Cu;;';';;;;;;;683523;'20191021152537;2061595;'1630000;'32984;Volkstraat;'20;';2000;Antwerpen;;'151922,313;'211293,238;';Y;NA;4;4;Unknown;Unknown;;None;;;';IFH_BATCH;'12/07/2019 07:39:56;;Y;;;;'12/07/2019 07:28:35;1;1699017;;BU;1;';';';';';Y;;COMM;HANDELSZAAK - COMMERCE;NA;;;';;';;Y;;;;'12/07/2019 07:28:35
;;;Zoning;6807323;'20200219142313;W03-C-Antwerpen-West-FH07;6807323;'20200219142313;W03-C-Antwerpen-West-FH07;19084;FTTH-Cu;;';';;;;;;;683523;'20191021152537;2061595;'1630000;'32984;Volkstraat;'20;';2000;Antwerpen;;'151922,313;'211293,238;';Y;NA;4;4;Unknown;Unknown;;None;;;';IFH_BATCH;'12/07/2019 07:39:56;;Y;;;;'12/07/2019 07:28:35;2;1699018;;LU;1;';';';';';Y;;COMM;HANDELSZAAK - COMMERCE;NA;;;';;';;Y;;;;'12/07/2019 07:28:35
;;;Zoning;6807323;'20200219142313;W03-C-Antwerpen-West-FH07;6807323;'20200219142313;W03-C-Antwerpen-West-FH07;19084;FTTH-Cu;;';';;;;;;;683523;'20191021152537;2061595;'1630000;'32984;Volkstraat;'20;';2000;Antwerpen;;'151922,313;'211293,238;';Y;NA;4;4;Unknown;Unknown;;None;;;';IFH_BATCH;'12/07/2019 07:39:56;;Y;;;;'12/07/2019 07:28:35;3;1699019;;LU;1;';';';';';Y;;COMM;HANDELSZAAK - COMMERCE;NA;;;';;';;Y;;;;'12/07/2019 07:28:35
;;;Zoning;6807323;'20200219142313;W03-C-Antwerpen-West-FH07;6807323;'20200219142313;W03-C-Antwerpen-West-FH07;19084;FTTH-Cu;;';';;;;;;;683523;'20191021152537;2061595;'1630000;'32984;Volkstraat;'20;';2000;Antwerpen;;'151922,313;'211293,238;';Y;NA;4;4;Unknown;Unknown;;None;;;';IFH_BATCH;'12/07/2019 07:39:56;;Y;;;;'12/07/2019 07:28:35;4;11087012;;LU;1;';';';';';;;;;;;;';;';;Y;;;;'12/07/2019 07:28:35
;;;Zoning;6807323;'20200219142313;W03-C-Antwerpen-West-FH07;6807323;'20200219142313;W03-C-Antwerpen-West-FH07;19084;FTTH-Cu;;';';;;;;;;683524;'20191021152537;2061597;'1630000;'32984;Volkstraat;'22;';2000;Antwerpen;;'151915,84;'211285,248;';Y;NA;5;4;Unknown;Unknown;;None;;;';IFH_BATCH;'12/07/2019 07:39:58;;Y;;;;'12/07/2019 07:28:35;1;1709090;;LU;1;';';';';';Y;;APTBLD;APPARTEMENTSGEBOUW - IMMEUBLE A APPARTEMENTS;NA;;;';;';;Y;;;;'12/07/2019 07:28:35
;;;Zoning;6807323;'20200219142313;W03-C-Antwerpen-West-FH07;6807323;'20200219142313;W03-C-Antwerpen-West-FH07;19084;FTTH-Cu;;';';;;;;;;683524;'20191021152537;2061597;'1630000;'32984;Volkstraat;'22;';2000;Antwerpen;;'151915,84;'211285,248;';Y;NA;5;4;Unknown;Unknown;;None;;;';IFH_BATCH;'12/07/2019 07:39:58;;Y;;;;'12/07/2019 07:28:35;2;1709091;;LU;1;';';';';';Y;;APTBLD;APPARTEMENTSGEBOUW - IMMEUBLE A APPARTEMENTS;NA;;;';;';;Y;;;;'12/07/2019 07:28:35
;;;Zoning;6807323;'20200219142313;W03-C-Antwerpen-West-FH07;6807323;'20200219142313;W03-C-Antwerpen-West-FH07;19084;FTTH-Cu;;';';;;;;;;683524;'20191021152537;2061597;'1630000;'32984;Volkstraat;'22;';2000;Antwerpen;;'151915,84;'211285,248;';Y;NA;5;4;Unknown;Unknown;;None;;;';IFH_BATCH;'12/07/2019 07:39:58;;Y;;;;'12/07/2019 07:28:35;3;1709092;;LU;1;';';';';';Y;;APTBLD;APPARTEMENTSGEBOUW - IMMEUBLE A APPARTEMENTS;NA;;;';;';;Y;;;;'12/07/2019 07:28:35
;;;Zoning;6807323;'20200219142313;W03-C-Antwerpen-West-FH07;6807323;'20200219142313;W03-C-Antwerpen-West-FH07;19084;FTTH-Cu;;';';;;;;;;683524;'20191021152537;2061597;'1630000;'32984;Volkstraat;'22;';2000;Antwerpen;;'151915,84;'211285,248;';Y;NA;5;4;Unknown;Unknown;;None;;;';IFH_BATCH;'12/07/2019 07:39:58;;Y;;;;'12/07/2019 07:28:35;4;1709093;;LU;1;';';';';';Y;;APTBLD;APPARTEMENTSGEBOUW - IMMEUBLE A APPARTEMENTS;NA;;;';;';;Y;;;;'12/07/2019 07:28:35
;;;Zoning;6807323;'20200219142313;W03-C-Antwerpen-West-FH07;6807323;'20200219142313;W03-C-Antwerpen-West-FH07;19084;FTTH-Cu;;';';;;;;;;683524;'20191021152537;2061597;'1630000;'32984;Volkstraat;'22;';2000;Antwerpen;;'151915,84;'211285,248;';Y;NA;5;4;Unknown;Unknown;;None;;;';IFH_BATCH;'12/07/2019 07:39:58;;Y;;;;'12/07/2019 07:28:35;5;1709094;;LU;1;';';';';';Y;;APTBLD;APPARTEMENTSGEBOUW - IMMEUBLE A APPARTEMENTS;NA;;;';;';;Y;;;;'12/07/2019 07:28:35
;;;Zoning;6807323;'20200219142313;W03-C-Antwerpen-West-FH07;6807323;'20200219142313;W03-C-Antwerpen-West-FH07;19084;FTTH-Cu;;';';;;;;;;683524;'20191021152537;2061597;'1630000;'32984;Volkstraat;'22;';2000;Antwerpen;;'151915,84;'211285,248;';Y;NA;5;4;Unknown;Unknown;;None;;;';IFH_BATCH;'12/07/2019 07:39:58;;Y;;;;'12/07/2019 07:28:35;6;1709095;;LU;1;';';';';';Y;;APTBLD;APPARTEMENTSGEBOUW - IMMEUBLE A APPARTEMENTS;NA;;;';;';;Y;;;;'12/07/2019 07:28:35
;;;Zoning;6807323;'20200219142313;W03-C-Antwerpen-West-FH07;6807323;'20200219142313;W03-C-Antwerpen-West-FH07;19084;FTTH-Cu;;';';;;;;;;683524;'20191021152537;2061597;'1630000;'32984;Volkstraat;'22;';2000;Antwerpen;;'151915,84;'211285,248;';Y;NA;5;4;Unknown;Unknown;;None;;;';IFH_BATCH;'12/07/2019 07:39:58;;Y;;;;'12/07/2019 07:28:35;7;1709096;;LU;1;';';';';';Y;;APTBLD;APPARTEMENTSGEBOUW - IMMEUBLE A APPARTEMENTS;NA;;;';;';;Y;;;;'12/07/2019 07:28:35
;;;Zoning;6807323;'20200219142313;W03-C-Antwerpen-West-FH07;6807323;'20200219142313;W03-C-Antwerpen-West-FH07;19084;FTTH-Cu;;';';;;;;;;683524;'20191021152537;2061597;'1630000;'32984;Volkstraat;'22;';2000;Antwerpen;;'151915,84;'211285,248;';Y;NA;5;4;Unknown;Unknown;;None;;;';IFH_BATCH;'12/07/2019 07:39:58;;Y;;;;'12/07/2019 07:28:35;8;11087013;;LU;1;';';';';';;;;;;;;';;';;Y;;;;'12/07/2019 07:28:35
;;;Zoning;6807323;'20200219142313;W03-C-Antwerpen-West-FH07;6807323;'20200219142313;W03-C-Antwerpen-West-FH07;19084;FTTH-Cu;;';';;;;;;;683524;'20191021152537;2061597;'1630000;'32984;Volkstraat;'22;';2000;Antwerpen;;'151915,84;'211285,248;';Y;NA;5;4;Unknown;Unknown;;None;;;';IFH_BATCH;'12/07/2019 07:39:58;;Y;;;;'12/07/2019 07:28:35;9;11087014;;LU;1;';';';';';;;;;;;;';;';;Y;;;;'12/07/2019 07:28:35
;;;Zoning;6807323;'20200219142313;W03-C-Antwerpen-West-FH07;6807323;'20200219142313;W03-C-Antwerpen-West-FH07;19084;FTTH-Cu;;';';;;;;;;683527;'20191021152537;2061600;'1630000;'32984;Volkstraat;'26;';2000;Antwerpen;;'151911,091;'211277,897;';Y;NA;4;4;Unknown;Unknown;;None;;;';IFH_BATCH;'12/07/2019 07:40:01;;Y;;;;'12/07/2019 07:28:35;1;1725811;;BU;1;';';';';';Y;;COMM;HANDELSZAAK - COMMERCE;NA;;;';;';;Y;;;;'12/07/2019 07:28:35
;;;Zoning;6807323;'20200219142313;W03-C-Antwerpen-West-FH07;6807323;'20200219142313;W03-C-Antwerpen-West-FH07;19084;FTTH-Cu;;';';;;;;;;683528;'20191021152555;2061601;'1630000;'32984;Volkstraat;'28;';2000;Antwerpen;;'151907,234;'211273,587;';Y;NA;4;4;Unknown;Unknown;;None;;;';IFH_BATCH;'12/07/2019 07:40:04;;Y;;;;'12/07/2019 07:28:35;1;1733236;;LU;1;';';';';';Y;;APTBLD;APPARTEMENTSGEBOUW - IMMEUBLE A APPARTEMENTS;NA;;;';;';;Y;;;;'12/07/2019 07:28:35
;;;Zoning;6807323;'20200219142313;W03-C-Antwerpen-West-FH07;6807323;'20200219142313;W03-C-Antwerpen-West-FH07;19084;FTTH-Cu;;';';;;;;;;683528;'20191021152555;2061601;'1630000;'32984;Volkstraat;'28;';2000;Antwerpen;;'151907,234;'211273,587;';Y;NA;4;4;Unknown;Unknown;;None;;;';IFH_BATCH;'12/07/2019 07:40:04;;Y;;;;'12/07/2019 07:28:35;2;1733237;;LU;1;';';';';';Y;;APTBLD;APPARTEMENTSGEBOUW - IMMEUBLE A APPARTEMENTS;NA;;;';;';;Y;;;;'12/07/2019 07:28:35
;;;Zoning;6807323;'20200219142313;W03-C-Antwerpen-West-FH07;6807323;'20200219142313;W03-C-Antwerpen-West-FH07;19084;FTTH-Cu;;';';;;;;;;683528;'20191021152555;2061601;'1630000;'32984;Volkstraat;'28;';2000;Antwerpen;;'151907,234;'211273,587;';Y;NA;4;4;Unknown;Unknown;;None;;;';IFH_BATCH;'12/07/2019 07:40:04;;Y;;;;'12/07/2019 07:28:35;3;1733238;;LU;1;';';';';';Y;;APTBLD;APPARTEMENTSGEBOUW - IMMEUBLE A APPARTEMENTS;NA;;;';;';;Y;;;;'12/07/2019 07:28:35
;;;Zoning;6807323;'20200219142313;W03-C-Antwerpen-West-FH07;6807323;'20200219142313;W03-C-Antwerpen-West-FH07;19084;FTTH-Cu;;';';;;;;;;683528;'20191021152555;2061601;'1630000;'32984;Volkstraat;'28;';2000;Antwerpen;;'151907,234;'211273,587;';Y;NA;4;4;Unknown;Unknown;;None;;;';IFH_BATCH;'12/07/2019 07:40:04;;Y;;;;'12/07/2019 07:28:35;4;1733239;;LU;1;';';';';';Y;;APTBLD;APPARTEMENTSGEBOUW - IMMEUBLE A APPARTEMENTS;NA;;;';;';;Y;;;;'12/07/2019 07:28:35
;;;Zoning;6807323;'20200219142313;W03-C-Antwerpen-West-FH07;6807323;'20200219142313;W03-C-Antwerpen-West-FH07;19084;FTTH-Cu;;';';;;;;;;683528;'20191021152555;2061601;'1630000;'32984;Volkstraat;'28;';2000;Antwerpen;;'151907,234;'211273,587;';Y;NA;4;4;Unknown;Unknown;;None;;;';IFH_BATCH;'12/07/2019 07:40:04;;Y;;;;'12/07/2019 07:28:35;5;1733240;;LU;1;';';';';';Y;;APTBLD;APPARTEMENTSGEBOUW - IMMEUBLE A APPARTEMENTS;NA;;;';;';;Y;;;;'12/07/2019 07:28:35
;;;Zoning;6807323;'20200219142313;W03-C-Antwerpen-West-FH07;6807323;'20200219142313;W03-C-Antwerpen-West-FH07;19084;FTTH-Cu;;';';;;;;;;683528;'20191021152555;2061601;'1630000;'32984;Volkstraat;'28;';2000;Antwerpen;;'151907,234;'211273,587;';Y;NA;4;4;Unknown;Unknown;;None;;;';IFH_BATCH;'12/07/2019 07:40:04;;Y;;;;'12/07/2019 07:28:35;6;1733241;;LU;1;';';';';';Y;;APTBLD;APPARTEMENTSGEBOUW - IMMEUBLE A APPARTEMENTS;NA;;;';;';;Y;;;;'12/07/2019 07:28:35
;;;Zoning;6807323;'20200219142313;W03-C-Antwerpen-West-FH07;6807323;'20200219142313;W03-C-Antwerpen-West-FH07;19084;FTTH-Cu;;';';;;;;;;683528;'20191021152555;2061601;'1630000;'32984;Volkstraat;'28;';2000;Antwerpen;;'151907,234;'211273,587;';Y;NA;4;4;Unknown;Unknown;;None;;;';IFH_BATCH;'12/07/2019 07:40:04;;Y;;;;'12/07/2019 07:28:35;7;1733242;;LU;1;';';';';';Y;;APTBLD;APPARTEMENTSGEBOUW - IMMEUBLE A APPARTEMENTS;NA;;;';;';;Y;;;;'12/07/2019 07:28:35
;;;Zoning;6807323;'20200219142313;W03-C-Antwerpen-West-FH07;6807323;'20200219142313;W03-C-Antwerpen-West-FH07;19084;FTTH-Cu;;';';;;;;;;683528;'20191021152555;2061601;'1630000;'32984;Volkstraat;'28;';2000;Antwerpen;;'151907,234;'211273,587;';Y;NA;4;4;Unknown;Unknown;;None;;;';IFH_BATCH;'12/07/2019 07:40:04;;Y;;;;'12/07/2019 07:28:35;8;1733243;;LU;1;';';';';';Y;;APTBLD;APPARTEMENTSGEBOUW - IMMEUBLE A APPARTEMENTS;NA;;;';;';;Y;;;;'12/07/2019 07:28:35
;;;Zoning;6807323;'20200219142313;W03-C-Antwerpen-West-FH07;6807323;'20200219142313;W03-C-Antwerpen-West-FH07;19084;FTTH-Cu;;';';;;;;;;683528;'20191021152555;2061601;'1630000;'32984;Volkstraat;'28;';2000;Antwerpen;;'151907,234;'211273,587;';Y;NA;4;4;Unknown;Unknown;;None;;;';IFH_BATCH;'12/07/2019 07:40:04;;Y;;;;'12/07/2019 07:28:35;9;11087015;;BU;1;';';';';';;;;;;;;';;';;Y;;;;'12/07/2019 07:28:35
;;;Zoning;6807323;'20200219142313;W03-C-Antwerpen-West-FH07;6807323;'20200219142313;W03-C-Antwerpen-West-FH07;19084;FTTH-Cu;;';';;;;;;;683529;'20191021152555;2061602;'1630000;'32984;Volkstraat;'30;';2000;Antwerpen;;'151903,982;'211269,276;';Y;NA;4;4;Unknown;Unknown;;None;;;';IFH_BATCH;'12/07/2019 07:40:07;;Y;;;;'12/07/2019 07:28:35;1;1745579;;LU;1;';';';';';Y;;HOUSE;WONING - MAISON;NA;;;';;';;Y;;;;'12/07/2019 07:28:35
;;;Zoning;6807323;'20200219142313;W03-C-Antwerpen-West-FH07;6807323;'20200219142313;W03-C-Antwerpen-West-FH07;19084;FTTH-Cu;;';';;;;;;;683529;'20191021152555;2061602;'1630000;'32984;Volkstraat;'30;';2000;Antwerpen;;'151903,982;'211269,276;';Y;NA;4;4;Unknown;Unknown;;None;;;';IFH_BATCH;'12/07/2019 07:40:07;;Y;;;;'12/07/2019 07:28:35;2;1745580;;BU;1;';';';';';Y;;HOUSE;WONING - MAISON;NA;;;';;';;Y;;;;'12/07/2019 07:28:35
;;;Zoning;6807323;'20200219142313;W03-C-Antwerpen-West-FH07;6807323;'20200219142313;W03-C-Antwerpen-West-FH07;19084;FTTH-Cu;;';';;;;;;;683530;'20191021152555;2061604;'1630000;'32984;Volkstraat;'32;';2000;Antwerpen;;'151901,487;'211264,965;';Y;NA;5;15;Unknown;Unknown;;None;;;';;';;Y;;;;'15/01/2019 12:41:18;1;1752304;;BU;1;';';';';';Y;;COMM;HANDELSZAAK - COMMERCE;NA;;;';;';;Y;;;;'15/01/2019 12:41:18
;;;Zoning;6807323;'20200219142313;W03-C-Antwerpen-West-FH07;6807323;'20200219142313;W03-C-Antwerpen-West-FH07;19084;FTTH-Cu;;';';;;;;;;683530;'20191021152555;2061604;'1630000;'32984;Volkstraat;'32;';2000;Antwerpen;;'151901,487;'211264,965;';Y;NA;5;15;Unknown;Unknown;;None;;;';;';;Y;;;;'15/01/2019 12:41:18;2;1752305;;LU;1;';';';';';Y;;COMM;HANDELSZAAK - COMMERCE;NA;;;';;';;Y;;;;'15/01/2019 12:41:18
;;;Zoning;6807323;'20200219142313;W03-C-Antwerpen-West-FH07;6807323;'20200219142313;W03-C-Antwerpen-West-FH07;19084;FTTH-Cu;;';';;;;;;;683530;'20191021152555;2061604;'1630000;'32984;Volkstraat;'32;';2000;Antwerpen;;'151901,487;'211264,965;';Y;NA;5;15;Unknown;Unknown;;None;;;';;';;Y;;;;'15/01/2019 12:41:18;3;1752306;;LU;1;';';';';';Y;;COMM;HANDELSZAAK - COMMERCE;NA;;;';;';;Y;;;;'15/01/2019 12:41:18
;;;Zoning;6807323;'20200219142313;W03-C-Antwerpen-West-FH07;6807323;'20200219142313;W03-C-Antwerpen-West-FH07;19084;FTTH-Cu;;';';;;;;;;683530;'20191021152555;2061604;'1630000;'32984;Volkstraat;'32;';2000;Antwerpen;;'151901,487;'211264,965;';Y;NA;5;15;Unknown;Unknown;;None;;;';;';;Y;;;;'15/01/2019 12:41:18;4;1752307;;LU;1;';';';';';Y;;COMM;HANDELSZAAK - COMMERCE;NA;;;';;';;Y;;;;'15/01/2019 12:41:18
;;;Zoning;6807323;'20200219142313;W03-C-Antwerpen-West-FH07;6807323;'20200219142313;W03-C-Antwerpen-West-FH07;19084;FTTH-Cu;;';';;;;;;;683530;'20191021152555;2061604;'1630000;'32984;Volkstraat;'32;';2000;Antwerpen;;'151901,487;'211264,965;';Y;NA;5;15;Unknown;Unknown;;None;;;';;';;Y;;;;'15/01/2019 12:41:18;5;11087016;;LU;1;';';';';';;;;;;;;';;';;Y;;;;'15/01/2019 12:41:18
;;;Zoning;6807323;'20200219142313;W03-C-Antwerpen-West-FH07;6807323;'20200219142313;W03-C-Antwerpen-West-FH07;19084;FTTH-Cu;;';';;;;;;;726189;'20191021152637;976236;'1630000;'32984;Volkstraat;'34;';2000;Antwerpen;;'151897,437;'211259,415;';Y;NA;4;12;Unknown;Unknown;;None;;;';;';;Y;;;;'15/01/2019 12:41:18;1;1758471;;BU;1;';';';';';Y;;COMM;HANDELSZAAK - COMMERCE;NA;;;';;';;Y;;;;'15/01/2019 12:41:18
;;;Zoning;6807323;'20200219142313;W03-C-Antwerpen-West-FH07;6807323;'20200219142313;W03-C-Antwerpen-West-FH07;19084;FTTH-Cu;;';';;;;;;;726189;'20191021152637;976236;'1630000;'32984;Volkstraat;'34;';2000;Antwerpen;;'151897,437;'211259,415;';Y;NA;4;12;Unknown;Unknown;;None;;;';;';;Y;;;;'15/01/2019 12:41:18;2;1758472;;LU;1;';';';';';Y;;COMM;HANDELSZAAK - COMMERCE;NA;;;';;';;Y;;;;'15/01/2019 12:41:18
;;;Zoning;6807323;'20200219142313;W03-C-Antwerpen-West-FH07;6807323;'20200219142313;W03-C-Antwerpen-West-FH07;19084;FTTH-Cu;;';';;;;;;;726189;'20191021152637;976236;'1630000;'32984;Volkstraat;'34;';2000;Antwerpen;;'151897,437;'211259,415;';Y;NA;4;12;Unknown;Unknown;;None;;;';;';;Y;;;;'15/01/2019 12:41:18;3;1758473;;LU;1;';';';';';Y;;COMM;HANDELSZAAK - COMMERCE;NA;;;';;';;Y;;;;'15/01/2019 12:41:18
;;;Zoning;6807323;'20200219142313;W03-C-Antwerpen-West-FH07;6807323;'20200219142313;W03-C-Antwerpen-West-FH07;19084;FTTH-Cu;;';';;;;;;;726189;'20191021152637;976236;'1630000;'32984;Volkstraat;'34;';2000;Antwerpen;;'151897,437;'211259,415;';Y;NA;4;12;Unknown;Unknown;;None;;;';;';;Y;;;;'15/01/2019 12:41:18;4;11087017;;LU;1;';';';';';;;;;;;;';;';;Y;;;;'15/01/2019 12:41:18
;;;Zoning;6807323;'20200219142313;W03-C-Antwerpen-West-FH07;6807323;'20200219142313;W03-C-Antwerpen-West-FH07;19084;FTTH-Cu;;';';;;;;;;690460;'20191021155012;30243;'1630000;'32984;Volkstraat;'36;';2000;Antwerpen;;'151880,436;'211237,975;';Y;NA;6;4;Unknown;Unknown;;None;;;';IFH_BATCH;'12/07/2019 07:40:09;;Y;;;;'12/07/2019 07:28:35;1;1764015;;BU;1;';';';';';Y;;COMM;HANDELSZAAK - COMMERCE;NA;;;';;';;Y;;;;'12/07/2019 07:28:35
;;;Zoning;6807323;'20200219142313;W03-C-Antwerpen-West-FH07;6807323;'20200219142313;W03-C-Antwerpen-West-FH07;19084;FTTH-Cu;;';';;;;;;;690460;'20191021155012;30243;'1630000;'32984;Volkstraat;'36;';2000;Antwerpen;;'151880,436;'211237,975;';Y;NA;6;4;Unknown;Unknown;;None;;;';IFH_BATCH;'12/07/2019 07:40:09;;Y;;;;'12/07/2019 07:28:35;2;1764016;;LU;1;';';';';';Y;;COMM;HANDELSZAAK - COMMERCE;NA;;;';;';;Y;;;;'12/07/2019 07:28:35
;;;Zoning;6807323;'20200219142313;W03-C-Antwerpen-West-FH07;6807323;'20200219142313;W03-C-Antwerpen-West-FH07;19084;FTTH-Cu;;';';;;;;;;690460;'20191021155012;30243;'1630000;'32984;Volkstraat;'36;';2000;Antwerpen;;'151880,436;'211237,975;';Y;NA;6;4;Unknown;Unknown;;None;;;';IFH_BATCH;'12/07/2019 07:40:09;;Y;;;;'12/07/2019 07:28:35;3;1764017;;LU;1;';';';';';Y;;COMM;HANDELSZAAK - COMMERCE;NA;;;';;';;Y;;;;'12/07/2019 07:28:35
;;;Zoning;6807323;'20200219142313;W03-C-Antwerpen-West-FH07;6807323;'20200219142313;W03-C-Antwerpen-West-FH07;19084;FTTH-Cu;;';';;;;;;;690460;'20191021155012;30243;'1630000;'32984;Volkstraat;'36;';2000;Antwerpen;;'151880,436;'211237,975;';Y;NA;6;4;Unknown;Unknown;;None;;;';IFH_BATCH;'12/07/2019 07:40:09;;Y;;;;'12/07/2019 07:28:35;4;1764018;;LU;1;';';';';';Y;;COMM;HANDELSZAAK - COMMERCE;NA;;;';;';;Y;;;;'12/07/2019 07:28:35
;;;Zoning;6807323;'20200219142313;W03-C-Antwerpen-West-FH07;6807323;'20200219142313;W03-C-Antwerpen-West-FH07;19084;FTTH-Cu;;';';;;;;;;690460;'20191021155012;30243;'1630000;'32984;Volkstraat;'36;';2000;Antwerpen;;'151880,436;'211237,975;';Y;NA;6;4;Unknown;Unknown;;None;;;';IFH_BATCH;'12/07/2019 07:40:09;;Y;;;;'12/07/2019 07:28:35;5;11087018;;LU;1;';';';';';;;;;;;;';;';;Y;;;;'12/07/2019 07:28:35
;;;Zoning;6807323;'20200219142313;W03-C-Antwerpen-West-FH07;6807323;'20200219142313;W03-C-Antwerpen-West-FH07;19084;FTTH-Cu;;';';;;;;;;690460;'20191021155012;30243;'1630000;'32984;Volkstraat;'36;';2000;Antwerpen;;'151880,436;'211237,975;';Y;NA;6;4;Unknown;Unknown;;None;;;';IFH_BATCH;'12/07/2019 07:40:09;;Y;;;;'12/07/2019 07:28:35;6;11087019;;LU;1;';';';';';;;;;;;;';;';;Y;;;;'12/07/2019 07:28:35
;;;Zoning;6807323;'20200219142313;W03-C-Antwerpen-West-FH07;6807323;'20200219142313;W03-C-Antwerpen-West-FH07;19084;FTTH-Cu;;';';;;;;;;690460;'20191021155012;30243;'1630000;'32984;Volkstraat;'36;';2000;Antwerpen;;'151880,436;'211237,975;';Y;NA;6;4;Unknown;Unknown;;None;;;';IFH_BATCH;'12/07/2019 07:40:09;;Y;;;;'12/07/2019 07:28:35;7;11087020;;LU;1;';';';';';;;;;;;;';;';;Y;;;;'12/07/2019 07:28:35
;;;Zoning;6807323;'20200219142313;W03-C-Antwerpen-West-FH07;6807323;'20200219142313;W03-C-Antwerpen-West-FH07;19084;FTTH-Cu;;';';;;;;;;690460;'20191021155012;30243;'1630000;'32984;Volkstraat;'36;';2000;Antwerpen;;'151880,436;'211237,975;';Y;NA;6;4;Unknown;Unknown;;None;;;';IFH_BATCH;'12/07/2019 07:40:09;;Y;;;;'12/07/2019 07:28:35;8;11087021;;LU;1;';';';';';;;;;;;;';;';;Y;;;;'12/07/2019 07:28:35
;;;Zoning;6807323;'20200219142313;W03-C-Antwerpen-West-FH07;6807323;'20200219142313;W03-C-Antwerpen-West-FH07;19084;FTTH-Cu;;';';;;;;;;690460;'20191021155012;30243;'1630000;'32984;Volkstraat;'36;';2000;Antwerpen;;'151880,436;'211237,975;';Y;NA;6;4;Unknown;Unknown;;None;;;';IFH_BATCH;'12/07/2019 07:40:09;;Y;;;;'12/07/2019 07:28:35;9;11087022;;LU;1;';';';';';;;;;;;;';;';;Y;;;;'12/07/2019 07:28:35
;;;Zoning;6807323;'20200219142313;W03-C-Antwerpen-West-FH07;6807323;'20200219142313;W03-C-Antwerpen-West-FH07;19084;FTTH-Cu;;';';;;;;;;690460;'20191021155012;30243;'1630000;'32984;Volkstraat;'36;';2000;Antwerpen;;'151880,436;'211237,975;';Y;NA;6;4;Unknown;Unknown;;None;;;';IFH_BATCH;'12/07/2019 07:40:09;;Y;;;;'12/07/2019 07:28:35;10;11087023;;LU;1;';';';';';;;;;;;;';;';;Y;;;;'12/07/2019 07:28:35
;;;Zoning;6807323;'20200219142313;W03-C-Antwerpen-West-FH07;6807323;'20200219142313;W03-C-Antwerpen-West-FH07;19084;FTTH-Cu;;';';;;;;;;690460;'20191021155012;30243;'1630000;'32984;Volkstraat;'36;';2000;Antwerpen;;'151880,436;'211237,975;';Y;NA;6;4;Unknown;Unknown;;None;;;';IFH_BATCH;'12/07/2019 07:40:09;;Y;;;;'12/07/2019 07:28:35;11;11087024;;LU;1;';';';';';;;;;;;;';;';;Y;;;;'12/07/2019 07:28:35
;;;Zoning;6807323;'20200219142313;W03-C-Antwerpen-West-FH07;6807323;'20200219142313;W03-C-Antwerpen-West-FH07;19084;FTTH-Cu;;';';;;;;;;690460;'20191021155012;30243;'1630000;'32984;Volkstraat;'36;';2000;Antwerpen;;'151880,436;'211237,975;';Y;NA;6;4;Unknown;Unknown;;None;;;';IFH_BATCH;'12/07/2019 07:40:09;;Y;;;;'12/07/2019 07:28:35;12;11087025;;LU;1;';';';';';;;;;;;;';;';;Y;;;;'12/07/2019 07:28:35
;;;Zoning;6807323;'20200219142313;W03-C-Antwerpen-West-FH07;6807323;'20200219142313;W03-C-Antwerpen-West-FH07;19084;FTTH-Cu;;';';;;;;;;690460;'20191021155012;30243;'1630000;'32984;Volkstraat;'36;';2000;Antwerpen;;'151880,436;'211237,975;';Y;NA;6;4;Unknown;Unknown;;None;;;';IFH_BATCH;'12/07/2019 07:40:09;;Y;;;;'12/07/2019 07:28:35;13;11087026;;LU;1;';';';';';;;;;;;;';;';;Y;;;;'12/07/2019 07:28:35
;;;Zoning;6807323;'20200219142313;W03-C-Antwerpen-West-FH07;6807323;'20200219142313;W03-C-Antwerpen-West-FH07;19084;FTTH-Cu;;';';;;;;;;690460;'20191021155012;30243;'1630000;'32984;Volkstraat;'36;';2000;Antwerpen;;'151880,436;'211237,975;';Y;NA;6;4;Unknown;Unknown;;None;;;';IFH_BATCH;'12/07/2019 07:40:09;;Y;;;;'12/07/2019 07:28:35;14;11087027;;LU;1;';';';';';;;;;;;;';;';;Y;;;;'12/07/2019 07:28:35
;;;Zoning;6807323;'20200219142313;W03-C-Antwerpen-West-FH07;6807323;'20200219142313;W03-C-Antwerpen-West-FH07;19084;FTTH-Cu;;';';;;;;;;690460;'20191021155012;30243;'1630000;'32984;Volkstraat;'36;';2000;Antwerpen;;'151880,436;'211237,975;';Y;NA;6;4;Unknown;Unknown;;None;;;';IFH_BATCH;'12/07/2019 07:40:09;;Y;;;;'12/07/2019 07:28:35;15;11087028;;LU;1;';';';';';;;;;;;;';;';;Y;;;;'12/07/2019 07:28:35
;;;Zoning;6807323;'20200219142313;W03-C-Antwerpen-West-FH07;6807323;'20200219142313;W03-C-Antwerpen-West-FH07;19084;FTTH-Cu;;';';;;;;;;690460;'20191021155012;30243;'1630000;'32984;Volkstraat;'36;';2000;Antwerpen;;'151880,436;'211237,975;';Y;NA;6;4;Unknown;Unknown;;None;;;';IFH_BATCH;'12/07/2019 07:40:09;;Y;;;;'12/07/2019 07:28:35;16;11087029;;LU;1;';';';';';;;;;;;;';;';;Y;;;;'12/07/2019 07:28:35
;;;Zoning;6807323;'20200219142313;W03-C-Antwerpen-West-FH07;6807323;'20200219142313;W03-C-Antwerpen-West-FH07;19084;FTTH-Cu;;';';;;;;;;690460;'20191021155012;30243;'1630000;'32984;Volkstraat;'36;';2000;Antwerpen;;'151880,436;'211237,975;';Y;NA;6;4;Unknown;Unknown;;None;;;';IFH_BATCH;'12/07/2019 07:40:09;;Y;;;;'12/07/2019 07:28:35;17;11087030;;LU;1;';';';';';;;;;;;;';;';;Y;;;;'12/07/2019 07:28:35
;;;Zoning;6807323;'20200219142313;W03-C-Antwerpen-West-FH07;6807323;'20200219142313;W03-C-Antwerpen-West-FH07;19084;FTTH-Cu;;';';;;;;;;690460;'20191021155012;30243;'1630000;'32984;Volkstraat;'36;';2000;Antwerpen;;'151880,436;'211237,975;';Y;NA;6;4;Unknown;Unknown;;None;;;';IFH_BATCH;'12/07/2019 07:40:09;;Y;;;;'12/07/2019 07:28:35;18;11087031;;LU;1;';';';';';;;;;;;;';;';;Y;;;;'12/07/2019 07:28:35
;;;Zoning;6807323;'20200219142313;W03-C-Antwerpen-West-FH07;6807323;'20200219142313;W03-C-Antwerpen-West-FH07;19084;FTTH-Cu;;';';;;;;;;690460;'20191021155012;30243;'1630000;'32984;Volkstraat;'36;';2000;Antwerpen;;'151880,436;'211237,975;';Y;NA;6;4;Unknown;Unknown;;None;;;';IFH_BATCH;'12/07/2019 07:40:09;;Y;;;;'12/07/2019 07:28:35;19;11087032;;LU;1;';';';';';;;;;;;;';;';;Y;;;;'12/07/2019 07:28:35
;;;Zoning;6807323;'20200219142313;W03-C-Antwerpen-West-FH07;6807323;'20200219142313;W03-C-Antwerpen-West-FH07;19084;FTTH-Cu;;';';;;;;;;690460;'20191021155012;30243;'1630000;'32984;Volkstraat;'36;';2000;Antwerpen;;'151880,436;'211237,975;';Y;NA;6;4;Unknown;Unknown;;None;;;';IFH_BATCH;'12/07/2019 07:40:09;;Y;;;;'12/07/2019 07:28:35;20;11087033;;LU;1;';';';';';;;;;;;;';;';;Y;;;;'12/07/2019 07:28:35
;;;Zoning;6807323;'20200219142313;W03-C-Antwerpen-West-FH07;6807323;'20200219142313;W03-C-Antwerpen-West-FH07;19084;FTTH-Cu;;';';;;;;;;690460;'20191021155012;30243;'1630000;'32984;Volkstraat;'36;';2000;Antwerpen;;'151880,436;'211237,975;';Y;NA;6;4;Unknown;Unknown;;None;;;';IFH_BATCH;'12/07/2019 07:40:09;;Y;;;;'12/07/2019 07:28:35;21;11087034;;LU;1;';';';';';;;;;;;;';;';;Y;;;;'12/07/2019 07:28:35
;;;Zoning;6807323;'20200219142313;W03-C-Antwerpen-West-FH07;6807323;'20200219142313;W03-C-Antwerpen-West-FH07;19084;FTTH-Cu;;';';;;;;;;683536;'20200110162005;2061611;'1630000;'32984;Volkstraat;'40;';2000;Antwerpen;;'151867,602;'211222,965;';N;MON;4;0;Unknown;Unknown;;None;;;';IFH_BATCH;'12/07/2019 07:40:12;;Y;;;;'12/07/2019 07:28:35;1;1778928;;BU;1;';';';';';Y;;EDUC;ONDERWIJSGEBOUW - BATIMENT D' ENSEIGNEMENT;NA;;;';;';;Y;;;;'12/07/2019 07:28:35
;;;Zoning;6807323;'20200219142313;W03-C-Antwerpen-West-FH07;6807323;'20200219142313;W03-C-Antwerpen-West-FH07;19084;FTTH-Cu;;';';;;;;;;683537;'20191021154057;2061612;'1630000;'32984;Volkstraat;'42;';2000;Antwerpen;;'151861,512;'211212,574;';Y;NA;5;15;Unknown;Unknown;;None;;;';;';;Y;;;;'15/01/2019 12:41:18;1;1783788;;LU;1;';';';';';Y;;HOUSE;WONING - MAISON;NA;;;';;';;Y;;;;'15/01/2019 12:41:18
;;;Zoning;6807323;'20200219142313;W03-C-Antwerpen-West-FH07;6807323;'20200219142313;W03-C-Antwerpen-West-FH07;19084;FTTH-Cu;;';';;;;;;;683537;'20191021154057;2061612;'1630000;'32984;Volkstraat;'42;';2000;Antwerpen;;'151861,512;'211212,574;';Y;NA;5;15;Unknown;Unknown;;None;;;';;';;Y;;;;'15/01/2019 12:41:18;2;1783789;;LU;1;';';';';';Y;;HOUSE;WONING - MAISON;NA;;;';;';;Y;;;;'15/01/2019 12:41:18
;;;Zoning;6807323;'20200219142313;W03-C-Antwerpen-West-FH07;6807323;'20200219142313;W03-C-Antwerpen-West-FH07;19084;FTTH-Cu;;';';;;;;;;683537;'20191021154057;2061612;'1630000;'32984;Volkstraat;'42;';2000;Antwerpen;;'151861,512;'211212,574;';Y;NA;5;15;Unknown;Unknown;;None;;;';;';;Y;;;;'15/01/2019 12:41:18;3;1783790;;LU;1;';';';';';Y;;HOUSE;WONING - MAISON;NA;;;';;';;Y;;;;'15/01/2019 12:41:18
;;;Zoning;6807323;'20200219142313;W03-C-Antwerpen-West-FH07;6807323;'20200219142313;W03-C-Antwerpen-West-FH07;19084;FTTH-Cu;;';';;;;;;;683537;'20191021154057;2061612;'1630000;'32984;Volkstraat;'42;';2000;Antwerpen;;'151861,512;'211212,574;';Y;NA;5;15;Unknown;Unknown;;None;;;';;';;Y;;;;'15/01/2019 12:41:18;4;1783791;;LU;1;';';';';';Y;;HOUSE;WONING - MAISON;NA;;;';;';;Y;;;;'15/01/2019 12:41:18
;;;Zoning;6807323;'20200219142313;W03-C-Antwerpen-West-FH07;6807323;'20200219142313;W03-C-Antwerpen-West-FH07;19084;FTTH-Cu;;';';;;;;;;683537;'20191021154057;2061612;'1630000;'32984;Volkstraat;'42;';2000;Antwerpen;;'151861,512;'211212,574;';Y;NA;5;15;Unknown;Unknown;;None;;;';;';;Y;;;;'15/01/2019 12:41:18;5;1783792;;LU;1;';';';';';Y;;HOUSE;WONING - MAISON;NA;;;';;';;Y;;;;'15/01/2019 12:41:18
;;;Zoning;6807323;'20200219142313;W03-C-Antwerpen-West-FH07;6807323;'20200219142313;W03-C-Antwerpen-West-FH07;19084;FTTH-Cu;;';';;;;;;;683537;'20191021154057;2061612;'1630000;'32984;Volkstraat;'42;';2000;Antwerpen;;'151861,512;'211212,574;';Y;NA;5;15;Unknown;Unknown;;None;;;';;';;Y;;;;'15/01/2019 12:41:18;6;1783793;;LU;1;';';';';';Y;;HOUSE;WONING - MAISON;NA;;;';;';;Y;;;;'15/01/2019 12:41:18
;;;Zoning;6807323;'20200219142313;W03-C-Antwerpen-West-FH07;6807323;'20200219142313;W03-C-Antwerpen-West-FH07;19084;FTTH-Cu;;';';;;;;;;683539;'20191021154058;2061614;'1630000;'32984;Volkstraat;'44;';2000;Antwerpen;;'151857,952;'211208,482;';Y;NA;5;15;Unknown;Unknown;;None;;;';;';;Y;;;;'15/01/2019 12:41:18;1;1786420;;LU;1;';';';';';Y;#A1;APPART;DEEL_APP_GEBOUW - PARTIE_IMMEUBLE_APP;APPART;;;';;';;Y;;;;'15/01/2019 12:41:18
;;;Zoning;6807323;'20200219142313;W03-C-Antwerpen-West-FH07;6807323;'20200219142313;W03-C-Antwerpen-West-FH07;19084;FTTH-Cu;;';';;;;;;;683539;'20191021154058;2061614;'1630000;'32984;Volkstraat;'44;';2000;Antwerpen;;'151857,952;'211208,482;';Y;NA;5;15;Unknown;Unknown;;None;;;';;';;Y;;;;'15/01/2019 12:41:18;2;1786534;;LU;1;';';';';';Y;#A2;APPART;DEEL_APP_GEBOUW - PARTIE_IMMEUBLE_APP;APPART;;;';;';;Y;;;;'15/01/2019 12:41:18
;;;Zoning;6807323;'20200219142313;W03-C-Antwerpen-West-FH07;6807323;'20200219142313;W03-C-Antwerpen-West-FH07;19084;FTTH-Cu;;';';;;;;;;683539;'20191021154058;2061614;'1630000;'32984;Volkstraat;'44;';2000;Antwerpen;;'151857,952;'211208,482;';Y;NA;5;15;Unknown;Unknown;;None;;;';;';;Y;;;;'15/01/2019 12:41:18;3;1786639;;LU;1;';';';';';Y;#A3;APPART;DEEL_APP_GEBOUW - PARTIE_IMMEUBLE_APP;APPART;;;';;';;Y;;;;'15/01/2019 12:41:18
;;;Zoning;6807323;'20200219142313;W03-C-Antwerpen-West-FH07;6807323;'20200219142313;W03-C-Antwerpen-West-FH07;19084;FTTH-Cu;;';';;;;;;;683539;'20191021154058;2061614;'1630000;'32984;Volkstraat;'44;';2000;Antwerpen;;'151857,952;'211208,482;';Y;NA;5;15;Unknown;Unknown;;None;;;';;';;Y;;;;'15/01/2019 12:41:18;4;1786690;;LU;1;';';';';';Y;#A4;APPART;DEEL_APP_GEBOUW - PARTIE_IMMEUBLE_APP;APPART;;;';;';;Y;;;;'15/01/2019 12:41:18
;;;Zoning;6807323;'20200219142313;W03-C-Antwerpen-West-FH07;6807323;'20200219142313;W03-C-Antwerpen-West-FH07;19084;FTTH-Cu;;';';;;;;;;683539;'20191021154058;2061614;'1630000;'32984;Volkstraat;'44;';2000;Antwerpen;;'151857,952;'211208,482;';Y;NA;5;15;Unknown;Unknown;;None;;;';;';;Y;;;;'15/01/2019 12:41:18;5;1786740;;LU;1;';';';';';Y;#A5/DAK/;APPART;DEEL_APP_GEBOUW - PARTIE_IMMEUBLE_APP;APPART;;;';;';;Y;;;;'15/01/2019 12:41:18
;;;Zoning;6807323;'20200219142313;W03-C-Antwerpen-West-FH07;6807323;'20200219142313;W03-C-Antwerpen-West-FH07;19084;FTTH-Cu;;';';;;;;;;683539;'20191021154058;2061614;'1630000;'32984;Volkstraat;'44;';2000;Antwerpen;;'151857,952;'211208,482;';Y;NA;5;15;Unknown;Unknown;;None;;;';;';;Y;;;;'15/01/2019 12:41:18;6;1786861;;BU;1;';';';';';Y;#HAGV.-1;APPART;DEEL_APP_GEBOUW - PARTIE_IMMEUBLE_APP;COMM;;;';;';;Y;;;;'15/01/2019 12:41:18
;;;Zoning;6807323;'20200219142313;W03-C-Antwerpen-West-FH07;6807323;'20200219142313;W03-C-Antwerpen-West-FH07;19084;FTTH-Cu;;';';;;;;;;683541;'20191021154058;2061616;'1630000;'32984;Volkstraat;'46;';2000;Antwerpen;;'151854,399;'211203,899;';Y;NA;5;4;Unknown;Unknown;;None;;;';IFH_BATCH;'12/07/2019 07:40:15;;Y;;;;'12/07/2019 07:28:35;1;1793025;;LU;1;';';';';';Y;;HOUSE;WONING - MAISON;NA;;;';;';;Y;;;;'12/07/2019 07:28:35
;;;Zoning;6807323;'20200219142313;W03-C-Antwerpen-West-FH07;6807323;'20200219142313;W03-C-Antwerpen-West-FH07;19084;FTTH-Cu;;';';;;;;;;683541;'20191021154058;2061616;'1630000;'32984;Volkstraat;'46;';2000;Antwerpen;;'151854,399;'211203,899;';Y;NA;5;4;Unknown;Unknown;;None;;;';IFH_BATCH;'12/07/2019 07:40:15;;Y;;;;'12/07/2019 07:28:35;2;1793026;;LU;1;';';';';';Y;;HOUSE;WONING - MAISON;NA;;;';;';;Y;;;;'12/07/2019 07:28:35
;;;Zoning;6807323;'20200219142313;W03-C-Antwerpen-West-FH07;6807323;'20200219142313;W03-C-Antwerpen-West-FH07;19084;FTTH-Cu;;';';;;;;;;683541;'20191021154058;2061616;'1630000;'32984;Volkstraat;'46;';2000;Antwerpen;;'151854,399;'211203,899;';Y;NA;5;4;Unknown;Unknown;;None;;;';IFH_BATCH;'12/07/2019 07:40:15;;Y;;;;'12/07/2019 07:28:35;3;1793027;;BU;1;';';';';';Y;;HOUSE;WONING - MAISON;NA;;;';;';;Y;;;;'12/07/2019 07:28:35
;;;Zoning;6807323;'20200219142313;W03-C-Antwerpen-West-FH07;6807323;'20200219142313;W03-C-Antwerpen-West-FH07;19084;FTTH-Cu;;';';;;;;;;683541;'20191021154058;2061616;'1630000;'32984;Volkstraat;'46;';2000;Antwerpen;;'151854,399;'211203,899;';Y;NA;5;4;Unknown;Unknown;;None;;;';IFH_BATCH;'12/07/2019 07:40:15;;Y;;;;'12/07/2019 07:28:35;4;1793028;;BU;1;';';';';';Y;;HOUSE;WONING - MAISON;NA;;;';;';;Y;;;;'12/07/2019 07:28:35
;;;Zoning;6807323;'20200219142313;W03-C-Antwerpen-West-FH07;6807323;'20200219142313;W03-C-Antwerpen-West-FH07;19084;FTTH-Cu;;';';;;;;;;683541;'20191021154058;2061616;'1630000;'32984;Volkstraat;'46;';2000;Antwerpen;;'151854,399;'211203,899;';Y;NA;5;4;Unknown;Unknown;;None;;;';IFH_BATCH;'12/07/2019 07:40:15;;Y;;;;'12/07/2019 07:28:35;5;1793029;;BU;1;';';';';';Y;;HOUSE;WONING - MAISON;NA;;;';;';;Y;;;;'12/07/2019 07:28:35
;;;Zoning;6807323;'20200219142313;W03-C-Antwerpen-West-FH07;6807323;'20200219142313;W03-C-Antwerpen-West-FH07;19084;FTTH-Cu;;';';;;;;;;683541;'20191021154058;2061616;'1630000;'32984;Volkstraat;'46;';2000;Antwerpen;;'151854,399;'211203,899;';Y;NA;5;4;Unknown;Unknown;;None;;;';IFH_BATCH;'12/07/2019 07:40:15;;Y;;;;'12/07/2019 07:28:35;6;11087035;;SU;1;';';';';';;;;;;;;';;';;Y;;;;'12/07/2019 07:28:35
;;;Zoning;6807323;'20200219142313;W03-C-Antwerpen-West-FH07;6807323;'20200219142313;W03-C-Antwerpen-West-FH07;19084;FTTH-Cu;;';';;;;;;;683543;'20190115201300;2061618;'1630000;'32984;Volkstraat;'48;';2000;Antwerpen;;'151851,486;'211199,518;';Y;NA;4;12;Unknown;Unknown;;None;;;';;';;Y;;;;'15/01/2019 12:41:18;1;1796690;;LU;1;';';';';';Y;;HOUSE;WONING - MAISON;NA;;;';;';;Y;;;;'15/01/2019 12:41:18
;;;Zoning;6807323;'20200219142313;W03-C-Antwerpen-West-FH07;6807323;'20200219142313;W03-C-Antwerpen-West-FH07;19084;FTTH-Cu;;';';;;;;;;683543;'20190115201300;2061618;'1630000;'32984;Volkstraat;'48;';2000;Antwerpen;;'151851,486;'211199,518;';Y;NA;4;12;Unknown;Unknown;;None;;;';;';;Y;;;;'15/01/2019 12:41:18;2;1796691;;LU;1;';';';';';Y;;HOUSE;WONING - MAISON;NA;;;';;';;Y;;;;'15/01/2019 12:41:18
;;;Zoning;6807323;'20200219142313;W03-C-Antwerpen-West-FH07;6807323;'20200219142313;W03-C-Antwerpen-West-FH07;19084;FTTH-Cu;;';';;;;;;;683543;'20190115201300;2061618;'1630000;'32984;Volkstraat;'48;';2000;Antwerpen;;'151851,486;'211199,518;';Y;NA;4;12;Unknown;Unknown;;None;;;';;';;Y;;;;'15/01/2019 12:41:18;3;1796692;;LU;1;';';';';';Y;;HOUSE;WONING - MAISON;NA;;;';;';;Y;;;;'15/01/2019 12:41:18
;;;Zoning;6807323;'20200219142313;W03-C-Antwerpen-West-FH07;6807323;'20200219142313;W03-C-Antwerpen-West-FH07;19084;FTTH-Cu;;';';;;;;;;683545;'20191021154045;2061620;'1630000;'32984;Volkstraat;'50;';2000;Antwerpen;;'151847,905;'211194,796;';Y;NA;4;12;Unknown;Unknown;;None;;;';;';;Y;;;;'15/01/2019 12:41:18;1;1805978;;BU;1;';';';';';Y;;COMM;HANDELSZAAK - COMMERCE;NA;;;';;';;Y;;;;'15/01/2019 12:41:18
;;;Zoning;6807323;'20200219142313;W03-C-Antwerpen-West-FH07;6807323;'20200219142313;W03-C-Antwerpen-West-FH07;19084;FTTH-Cu;;';';;;;;;;683545;'20191021154045;2061620;'1630000;'32984;Volkstraat;'50;';2000;Antwerpen;;'151847,905;'211194,796;';Y;NA;4;12;Unknown;Unknown;;None;;;';;';;Y;;;;'15/01/2019 12:41:18;2;1805979;;LU;1;';';';';';Y;;COMM;HANDELSZAAK - COMMERCE;NA;;;';;';;Y;;;;'15/01/2019 12:41:18
;;;Zoning;6807323;'20200219142313;W03-C-Antwerpen-West-FH07;6807323;'20200219142313;W03-C-Antwerpen-West-FH07;19084;FTTH-Cu;;';';;;;;;;683545;'20191021154045;2061620;'1630000;'32984;Volkstraat;'50;';2000;Antwerpen;;'151847,905;'211194,796;';Y;NA;4;12;Unknown;Unknown;;None;;;';;';;Y;;;;'15/01/2019 12:41:18;3;1805980;;LU;1;';';';';';Y;;COMM;HANDELSZAAK - COMMERCE;NA;;;';;';;Y;;;;'15/01/2019 12:41:18
;;;Zoning;6807323;'20200219142313;W03-C-Antwerpen-West-FH07;6807323;'20200219142313;W03-C-Antwerpen-West-FH07;19084;FTTH-Cu;;';';;;;;;;683545;'20191021154045;2061620;'1630000;'32984;Volkstraat;'50;';2000;Antwerpen;;'151847,905;'211194,796;';Y;NA;4;12;Unknown;Unknown;;None;;;';;';;Y;;;;'15/01/2019 12:41:18;4;1805981;;LU;1;';';';';';Y;;COMM;HANDELSZAAK - COMMERCE;NA;;;';;';;Y;;;;'15/01/2019 12:41:18
;;;Zoning;6807323;'20200219142313;W03-C-Antwerpen-West-FH07;6807323;'20200219142313;W03-C-Antwerpen-West-FH07;19084;FTTH-Cu;;';';;;;;;;683545;'20191021154045;2061620;'1630000;'32984;Volkstraat;'50;';2000;Antwerpen;;'151847,905;'211194,796;';Y;NA;4;12;Unknown;Unknown;;None;;;';;';;Y;;;;'15/01/2019 12:41:18;5;11087036;;LU;1;';';';';';;;;;;;;';;';;Y;;;;'15/01/2019 12:41:18
;;;Zoning;6807323;'20200219142313;W03-C-Antwerpen-West-FH07;6807323;'20200219142313;W03-C-Antwerpen-West-FH07;19084;FTTH-Cu;;';';;;;;;;683545;'20191021154045;2061620;'1630000;'32984;Volkstraat;'50;';2000;Antwerpen;;'151847,905;'211194,796;';Y;NA;4;12;Unknown;Unknown;;None;;;';;';;Y;;;;'15/01/2019 12:41:18;6;11087037;;LU;1;';';';';';;;;;;;;';;';;Y;;;;'15/01/2019 12:41:18
;;;Zoning;6807323;'20200219142313;W03-C-Antwerpen-West-FH07;6807323;'20200219142313;W03-C-Antwerpen-West-FH07;19084;FTTH-Cu;;';';;;;;;;11378778;'20200113101323;3971353;'1630000;'32984;Volkstraat;'54;';2000;Antwerpen;;'151841;'211185;';N;ORN;5;15;Unknown;Unknown;;None;;;';;';;Y;;;;'15/01/2019 12:41:18;1;11086255;;BU;1;';';';';';;;;;;;;';;';;Y;;;;'15/01/2019 12:41:18
;;;Zoning;6807323;'20200219142313;W03-C-Antwerpen-West-FH07;6807323;'20200219142313;W03-C-Antwerpen-West-FH07;19084;FTTH-Cu;;';';;;;;;;11378778;'20200113101323;3971353;'1630000;'32984;Volkstraat;'54;';2000;Antwerpen;;'151841;'211185;';N;ORN;5;15;Unknown;Unknown;;None;;;';;';;Y;;;;'15/01/2019 12:41:18;2;11086256;;BU;1;';';';';';;;;;;;;';;';;Y;;;;'15/01/2019 12:41:18
;;;Zoning;6807323;'20200219142313;W03-C-Antwerpen-West-FH07;6807323;'20200219142313;W03-C-Antwerpen-West-FH07;19084;FTTH-Cu;;';';;;;;;;11378778;'20200113101323;3971353;'1630000;'32984;Volkstraat;'54;';2000;Antwerpen;;'151841;'211185;';N;ORN;5;15;Unknown;Unknown;;None;;;';;';;Y;;;;'15/01/2019 12:41:18;3;11086257;;LU;1;';';';';';;;;;;;;';;';;Y;;;;'15/01/2019 12:41:18
;;;Zoning;6807323;'20200219142313;W03-C-Antwerpen-West-FH07;6807323;'20200219142313;W03-C-Antwerpen-West-FH07;19084;FTTH-Cu;;';';;;;;;;11378778;'20200113101323;3971353;'1630000;'32984;Volkstraat;'54;';2000;Antwerpen;;'151841;'211185;';N;ORN;5;15;Unknown;Unknown;;None;;;';;';;Y;;;;'15/01/2019 12:41:18;4;11086258;;LU;1;';';';';';;;;;;;;';;';;Y;;;;'15/01/2019 12:41:18
;;;Zoning;6807323;'20200219142313;W03-C-Antwerpen-West-FH07;6807323;'20200219142313;W03-C-Antwerpen-West-FH07;19084;FTTH-Cu;;';';;;;;;;11378778;'20200113101323;3971353;'1630000;'32984;Volkstraat;'54;';2000;Antwerpen;;'151841;'211185;';N;ORN;5;15;Unknown;Unknown;;None;;;';;';;Y;;;;'15/01/2019 12:41:18;5;11086259;;LU;1;';';';';';;;;;;;;';;';;Y;;;;'15/01/2019 12:41:18
;;;Zoning;6807323;'20200219142313;W03-C-Antwerpen-West-FH07;6807323;'20200219142313;W03-C-Antwerpen-West-FH07;19084;FTTH-Cu;;';';;;;;;;11378778;'20200113101323;3971353;'1630000;'32984;Volkstraat;'54;';2000;Antwerpen;;'151841;'211185;';N;ORN;5;15;Unknown;Unknown;;None;;;';;';;Y;;;;'15/01/2019 12:41:18;6;11086260;;LU;1;';';';';';;;;;;;;';;';;Y;;;;'15/01/2019 12:41:18
;;;Zoning;6807323;'20200219142313;W03-C-Antwerpen-West-FH07;6807323;'20200219142313;W03-C-Antwerpen-West-FH07;19084;FTTH-Cu;;';';;;;;;;11378778;'20200113101323;3971353;'1630000;'32984;Volkstraat;'54;';2000;Antwerpen;;'151841;'211185;';N;ORN;5;15;Unknown;Unknown;;None;;;';;';;Y;;;;'15/01/2019 12:41:18;7;11086261;;LU;1;';';';';';;;;;;;;';;';;Y;;;;'15/01/2019 12:41:18
;;;Zoning;6807323;'20200219142313;W03-C-Antwerpen-West-FH07;6807323;'20200219142313;W03-C-Antwerpen-West-FH07;19084;FTTH-Cu;;';';;;;;;;11378778;'20200113101323;3971353;'1630000;'32984;Volkstraat;'54;';2000;Antwerpen;;'151841;'211185;';N;ORN;5;15;Unknown;Unknown;;None;;;';;';;Y;;;;'15/01/2019 12:41:18;8;11086262;;LU;1;';';';';';;;;;;;;';;';;Y;;;;'15/01/2019 12:41:18
;;;Zoning;6807323;'20200219142313;W03-C-Antwerpen-West-FH07;6807323;'20200219142313;W03-C-Antwerpen-West-FH07;19084;FTTH-Cu;;';';;;;;;;11378778;'20200113101323;3971353;'1630000;'32984;Volkstraat;'54;';2000;Antwerpen;;'151841;'211185;';N;ORN;5;15;Unknown;Unknown;;None;;;';;';;Y;;;;'15/01/2019 12:41:18;9;11086263;;LU;1;';';';';';;;;;;;;';;';;Y;;;;'15/01/2019 12:41:18
;;;Zoning;6807323;'20200219142313;W03-C-Antwerpen-West-FH07;6807323;'20200219142313;W03-C-Antwerpen-West-FH07;19084;FTTH-Cu;;';';;;;;;;11378778;'20200113101323;3971353;'1630000;'32984;Volkstraat;'54;';2000;Antwerpen;;'151841;'211185;';N;ORN;5;15;Unknown;Unknown;;None;;;';;';;Y;;;;'15/01/2019 12:41:18;10;11086264;;LU;1;';';';';';;;;;;;;';;';;Y;;;;'15/01/2019 12:41:18
;;;Zoning;6807323;'20200219142313;W03-C-Antwerpen-West-FH07;6807323;'20200219142313;W03-C-Antwerpen-West-FH07;19084;FTTH-Cu;;';';;;;;;;11378778;'20200113101323;3971353;'1630000;'32984;Volkstraat;'54;';2000;Antwerpen;;'151841;'211185;';N;ORN;5;15;Unknown;Unknown;;None;;;';;';;Y;;;;'15/01/2019 12:41:18;11;11086265;;LU;1;';';';';';;;;;;;;';;';;Y;;;;'15/01/2019 12:41:18
;;;Zoning;6807323;'20200219142313;W03-C-Antwerpen-West-FH07;6807323;'20200219142313;W03-C-Antwerpen-West-FH07;19084;FTTH-Cu;;';';;;;;;;11378778;'20200113101323;3971353;'1630000;'32984;Volkstraat;'54;';2000;Antwerpen;;'151841;'211185;';N;ORN;5;15;Unknown;Unknown;;None;;;';;';;Y;;;;'15/01/2019 12:41:18;12;11086266;;LU;1;';';';';';;;;;;;;';;';;Y;;;;'15/01/2019 12:41:18
;;;Zoning;6807323;'20200219142313;W03-C-Antwerpen-West-FH07;6807323;'20200219142313;W03-C-Antwerpen-West-FH07;19084;FTTH-Cu;;';';;;;;;;11378778;'20200113101323;3971353;'1630000;'32984;Volkstraat;'54;';2000;Antwerpen;;'151841;'211185;';N;ORN;5;15;Unknown;Unknown;;None;;;';;';;Y;;;;'15/01/2019 12:41:18;13;11086267;;LU;1;';';';';';;;;;;;;';;';;Y;;;;'15/01/2019 12:41:18
;;;Zoning;6807323;'20200219142313;W03-C-Antwerpen-West-FH07;6807323;'20200219142313;W03-C-Antwerpen-West-FH07;19084;FTTH-Cu;;';';;;;;;;11378778;'20200113101323;3971353;'1630000;'32984;Volkstraat;'54;';2000;Antwerpen;;'151841;'211185;';N;ORN;5;15;Unknown;Unknown;;None;;;';;';;Y;;;;'15/01/2019 12:41:18;14;11086268;;LU;1;';';';';';;;;;;;;';;';;Y;;;;'15/01/2019 12:41:18
;;;Zoning;6807323;'20200219142313;W03-C-Antwerpen-West-FH07;6807323;'20200219142313;W03-C-Antwerpen-West-FH07;19084;FTTH-Cu;;';';;;;;;;11378778;'20200113101323;3971353;'1630000;'32984;Volkstraat;'54;';2000;Antwerpen;;'151841;'211185;';N;ORN;5;15;Unknown;Unknown;;None;;;';;';;Y;;;;'15/01/2019 12:41:18;15;11086269;;LU;1;';';';';';;;;;;;;';;';;Y;;;;'15/01/2019 12:41:18
;;;Zoning;6807323;'20200219142313;W03-C-Antwerpen-West-FH07;6807323;'20200219142313;W03-C-Antwerpen-West-FH07;19084;FTTH-Cu;;';';;;;;;;11378778;'20200113101323;3971353;'1630000;'32984;Volkstraat;'54;';2000;Antwerpen;;'151841;'211185;';N;ORN;5;15;Unknown;Unknown;;None;;;';;';;Y;;;;'15/01/2019 12:41:18;16;11086270;;LU;1;';';';';';;;;;;;;';;';;Y;;;;'15/01/2019 12:41:18
;;;Zoning;6807323;'20200219142313;W03-C-Antwerpen-West-FH07;6807323;'20200219142313;W03-C-Antwerpen-West-FH07;19084;FTTH-Cu;;';';;;;;;;11378778;'20200113101323;3971353;'1630000;'32984;Volkstraat;'54;';2000;Antwerpen;;'151841;'211185;';N;ORN;5;15;Unknown;Unknown;;None;;;';;';;Y;;;;'15/01/2019 12:41:18;17;11086271;;LU;1;';';';';';;;;;;;;';;';;Y;;;;'15/01/2019 12:41:18
;;;Zoning;6807323;'20200219142313;W03-C-Antwerpen-West-FH07;6807323;'20200219142313;W03-C-Antwerpen-West-FH07;19084;FTTH-Cu;;';';;;;;;;11378778;'20200113101323;3971353;'1630000;'32984;Volkstraat;'54;';2000;Antwerpen;;'151841;'211185;';N;ORN;5;15;Unknown;Unknown;;None;;;';;';;Y;;;;'15/01/2019 12:41:18;18;11086272;;LU;1;';';';';';;;;;;;;';;';;Y;;;;'15/01/2019 12:41:18
;;;Zoning;6807323;'20200219142313;W03-C-Antwerpen-West-FH07;6807323;'20200219142313;W03-C-Antwerpen-West-FH07;19084;FTTH-Cu;;';';;;;;;;11378778;'20200113101323;3971353;'1630000;'32984;Volkstraat;'54;';2000;Antwerpen;;'151841;'211185;';N;ORN;5;15;Unknown;Unknown;;None;;;';;';;Y;;;;'15/01/2019 12:41:18;19;11086273;;LU;1;';';';';';;;;;;;;';;';;Y;;;;'15/01/2019 12:41:18
;;;Zoning;6807323;'20200219142313;W03-C-Antwerpen-West-FH07;6807323;'20200219142313;W03-C-Antwerpen-West-FH07;19084;FTTH-Cu;;';';;;;;;;11378778;'20200113101323;3971353;'1630000;'32984;Volkstraat;'54;';2000;Antwerpen;;'151841;'211185;';N;ORN;5;15;Unknown;Unknown;;None;;;';;';;Y;;;;'15/01/2019 12:41:18;20;11086274;;LU;1;';';';';';;;;;;;;';;';;Y;;;;'15/01/2019 12:41:18
;;;Zoning;6807323;'20200219142313;W03-C-Antwerpen-West-FH07;6807323;'20200219142313;W03-C-Antwerpen-West-FH07;19084;FTTH-Cu;;';';;;;;;;11378778;'20200113101323;3971353;'1630000;'32984;Volkstraat;'54;';2000;Antwerpen;;'151841;'211185;';N;ORN;5;15;Unknown;Unknown;;None;;;';;';;Y;;;;'15/01/2019 12:41:18;21;11086275;;LU;1;';';';';';;;;;;;;';;';;Y;;;;'15/01/2019 12:41:18
;;;Zoning;6807323;'20200219142313;W03-C-Antwerpen-West-FH07;6807323;'20200219142313;W03-C-Antwerpen-West-FH07;19084;FTTH-Cu;;';';;;;;;;11378778;'20200113101323;3971353;'1630000;'32984;Volkstraat;'54;';2000;Antwerpen;;'151841;'211185;';N;ORN;5;15;Unknown;Unknown;;None;;;';;';;Y;;;;'15/01/2019 12:41:18;22;11086276;;LU;1;';';';';';;;;;;;;';;';;Y;;;;'15/01/2019 12:41:18
;;;Zoning;6807323;'20200219142313;W03-C-Antwerpen-West-FH07;6807323;'20200219142313;W03-C-Antwerpen-West-FH07;19084;FTTH-Cu;;';';;;;;;;11378772;'20200113101306;2061625;'1630000;'32984;Volkstraat;'56;';2000;Antwerpen;;'151835,837;'211180,925;';N;ORN;5;15;Unknown;Unknown;;None;;;';;';;Y;;;;'15/01/2019 12:41:18;1;11086248;;BU;1;';';';';';;;;;;;;';;';;Y;;;;'15/01/2019 12:41:18
;;;Zoning;6807323;'20200219142313;W03-C-Antwerpen-West-FH07;6807323;'20200219142313;W03-C-Antwerpen-West-FH07;19084;FTTH-Cu;;';';;;;;;;11378772;'20200113101306;2061625;'1630000;'32984;Volkstraat;'56;';2000;Antwerpen;;'151835,837;'211180,925;';N;ORN;5;15;Unknown;Unknown;;None;;;';;';;Y;;;;'15/01/2019 12:41:18;2;11086249;;LU;1;';';';';';;;;;;;;';;';;Y;;;;'15/01/2019 12:41:18
;;;Zoning;6807323;'20200219142313;W03-C-Antwerpen-West-FH07;6807323;'20200219142313;W03-C-Antwerpen-West-FH07;19084;FTTH-Cu;;';';;;;;;;11378772;'20200113101306;2061625;'1630000;'32984;Volkstraat;'56;';2000;Antwerpen;;'151835,837;'211180,925;';N;ORN;5;15;Unknown;Unknown;;None;;;';;';;Y;;;;'15/01/2019 12:41:18;3;11086250;;LU;1;';';';';';;;;;;;;';;';;Y;;;;'15/01/2019 12:41:18
;;;Zoning;6807323;'20200219142313;W03-C-Antwerpen-West-FH07;6807323;'20200219142313;W03-C-Antwerpen-West-FH07;19084;FTTH-Cu;;';';;;;;;;11378772;'20200113101306;2061625;'1630000;'32984;Volkstraat;'56;';2000;Antwerpen;;'151835,837;'211180,925;';N;ORN;5;15;Unknown;Unknown;;None;;;';;';;Y;;;;'15/01/2019 12:41:18;4;11086251;;LU;1;';';';';';;;;;;;;';;';;Y;;;;'15/01/2019 12:41:18
;;;Zoning;6807323;'20200219142313;W03-C-Antwerpen-West-FH07;6807323;'20200219142313;W03-C-Antwerpen-West-FH07;19084;FTTH-Cu;;';';;;;;;;11378772;'20200113101306;2061625;'1630000;'32984;Volkstraat;'56;';2000;Antwerpen;;'151835,837;'211180,925;';N;ORN;5;15;Unknown;Unknown;;None;;;';;';;Y;;;;'15/01/2019 12:41:18;5;11086253;;LU;1;';';';';';;;;;;;;';;';;Y;;;;'15/01/2019 12:41:18
;;;Zoning;6807323;'20200219142313;W03-C-Antwerpen-West-FH07;6807323;'20200219142313;W03-C-Antwerpen-West-FH07;19084;FTTH-Cu;;';';;;;;;;11378772;'20200113101306;2061625;'1630000;'32984;Volkstraat;'56;';2000;Antwerpen;;'151835,837;'211180,925;';N;ORN;5;15;Unknown;Unknown;;None;;;';;';;Y;;;;'15/01/2019 12:41:18;6;11086254;;LU;1;';';';';';;;;;;;;';;';;Y;;;;'15/01/2019 12:41:18
;;;Zoning;6807323;'20200219142313;W03-C-Antwerpen-West-FH07;6807323;'20200219142313;W03-C-Antwerpen-West-FH07;19084;FTTH-Cu;;';';;;;;;;683550;'20191021153924;2061627;'1630000;'32984;Volkstraat;'58;';2000;Antwerpen;;'151831,89;'211173,501;';Y;NA;4;4;Unknown;Unknown;;None;;;';IFH_BATCH;'12/07/2019 07:40:18;;Y;;;;'12/07/2019 07:28:35;1;1819043;;BU;1;';';';';';Y;;HOUSE;WONING - MAISON;NA;;;';;';;Y;;;;'12/07/2019 07:28:35
;;;Zoning;6807323;'20200219142313;W03-C-Antwerpen-West-FH07;6807323;'20200219142313;W03-C-Antwerpen-West-FH07;19084;FTTH-Cu;;';';;;;;;;683552;'20191021153924;2061630;'1630000;'32984;Volkstraat;'60;';2000;Antwerpen;;'151826,674;'211168,16;';Y;NA;4;4;Unknown;Unknown;;None;;;';IFH_BATCH;'12/07/2019 07:40:21;;Y;;;;'12/07/2019 07:28:35;1;1826915;;LU;1;';';';';';Y;;HOUSE;WONING - MAISON;NA;;;';;';;Y;;;;'12/07/2019 07:28:35
;;;Zoning;6807323;'20200219142313;W03-C-Antwerpen-West-FH07;6807323;'20200219142313;W03-C-Antwerpen-West-FH07;19084;FTTH-Cu;;';';;;;;;;683552;'20191021153924;2061630;'1630000;'32984;Volkstraat;'60;';2000;Antwerpen;;'151826,674;'211168,16;';Y;NA;4;4;Unknown;Unknown;;None;;;';IFH_BATCH;'12/07/2019 07:40:21;;Y;;;;'12/07/2019 07:28:35;2;1826916;;LU;1;';';';';';Y;;HOUSE;WONING - MAISON;NA;;;';;';;Y;;;;'12/07/2019 07:28:35
;;;Zoning;6807323;'20200219142313;W03-C-Antwerpen-West-FH07;6807323;'20200219142313;W03-C-Antwerpen-West-FH07;19084;FTTH-Cu;;';';;;;;;;683552;'20191021153924;2061630;'1630000;'32984;Volkstraat;'60;';2000;Antwerpen;;'151826,674;'211168,16;';Y;NA;4;4;Unknown;Unknown;;None;;;';IFH_BATCH;'12/07/2019 07:40:21;;Y;;;;'12/07/2019 07:28:35;3;1826917;;LU;1;';';';';';Y;;HOUSE;WONING - MAISON;NA;;;';;';;Y;;;;'12/07/2019 07:28:35
;;;Zoning;6807323;'20200219142313;W03-C-Antwerpen-West-FH07;6807323;'20200219142313;W03-C-Antwerpen-West-FH07;19084;FTTH-Cu;;';';;;;;;;683552;'20191021153924;2061630;'1630000;'32984;Volkstraat;'60;';2000;Antwerpen;;'151826,674;'211168,16;';Y;NA;4;4;Unknown;Unknown;;None;;;';IFH_BATCH;'12/07/2019 07:40:21;;Y;;;;'12/07/2019 07:28:35;4;1826918;;LU;1;';';';';';Y;;HOUSE;WONING - MAISON;NA;;;';;';;Y;;;;'12/07/2019 07:28:35
;;;Zoning;6807323;'20200219142313;W03-C-Antwerpen-West-FH07;6807323;'20200219142313;W03-C-Antwerpen-West-FH07;19084;FTTH-Cu;;';';;;;;;;683552;'20191021153924;2061630;'1630000;'32984;Volkstraat;'60;';2000;Antwerpen;;'151826,674;'211168,16;';Y;NA;4;4;Unknown;Unknown;;None;;;';IFH_BATCH;'12/07/2019 07:40:21;;Y;;;;'12/07/2019 07:28:35;5;11087038;;BU;1;';';';';';;;;;;;;';;';;Y;;;;'12/07/2019 07:28:35
;;;Zoning;6807323;'20200219142313;W03-C-Antwerpen-West-FH07;6807323;'20200219142313;W03-C-Antwerpen-West-FH07;19084;FTTH-Cu;;';';;;;;;;683552;'20191021153924;2061630;'1630000;'32984;Volkstraat;'60;';2000;Antwerpen;;'151826,674;'211168,16;';Y;NA;4;4;Unknown;Unknown;;None;;;';IFH_BATCH;'12/07/2019 07:40:21;;Y;;;;'12/07/2019 07:28:35;6;11087039;;LU;1;';';';';';;;;;;;;';;';;Y;;;;'12/07/2019 07:28:35
;;;Zoning;6807323;'20200219142313;W03-C-Antwerpen-West-FH07;6807323;'20200219142313;W03-C-Antwerpen-West-FH07;19084;FTTH-Cu;;';';;;;;;;683552;'20191021153924;2061630;'1630000;'32984;Volkstraat;'60;';2000;Antwerpen;;'151826,674;'211168,16;';Y;NA;4;4;Unknown;Unknown;;None;;;';IFH_BATCH;'12/07/2019 07:40:21;;Y;;;;'12/07/2019 07:28:35;7;11087040;;LU;1;';';';';';;;;;;;;';;';;Y;;;;'12/07/2019 07:28:35
;;;Zoning;6807323;'20200219142313;W03-C-Antwerpen-West-FH07;6807323;'20200219142313;W03-C-Antwerpen-West-FH07;19084;FTTH-Cu;11382583;'20191021153809;'Volkstraat 62 - 64;;;;;;;619224;'20191021153733;1502910;'1630000;'32984;Volkstraat;'62;';2000;Antwerpen;;'151822,791;'211162,417;';Y;NA;5;15;Unknown;Unknown;;None;;;';;';;Y;;;;'15/01/2019 12:41:18;1;1829940;;BU;1;';';';';';Y;;COMM;HANDELSZAAK - COMMERCE;NA;;;';;';;Y;;;;'15/01/2019 12:41:18
;;;Zoning;6807323;'20200219142313;W03-C-Antwerpen-West-FH07;6807323;'20200219142313;W03-C-Antwerpen-West-FH07;19084;FTTH-Cu;11382583;'20191021153809;'Volkstraat 62 - 64;;;;;;;619224;'20191021153733;1502910;'1630000;'32984;Volkstraat;'62;';2000;Antwerpen;;'151822,791;'211162,417;';Y;NA;5;15;Unknown;Unknown;;None;;;';;';;Y;;;;'15/01/2019 12:41:18;2;1829941;;BU;1;';';';';';Y;;COMM;HANDELSZAAK - COMMERCE;NA;;;';;';;N;;;;'
;;;Zoning;6807323;'20200219142313;W03-C-Antwerpen-West-FH07;6807323;'20200219142313;W03-C-Antwerpen-West-FH07;19084;FTTH-Cu;11382583;'20191021153809;'Volkstraat 62 - 64;;;;;;;619224;'20191021153733;1502910;'1630000;'32984;Volkstraat;'62;';2000;Antwerpen;;'151822,791;'211162,417;';Y;NA;5;15;Unknown;Unknown;;None;;;';;';;Y;;;;'15/01/2019 12:41:18;3;11087041;;LU;1;';';';';';;;;;;;;';;';;Y;;;;'15/01/2019 12:41:18
;;;Zoning;6807323;'20200219142313;W03-C-Antwerpen-West-FH07;6807323;'20200219142313;W03-C-Antwerpen-West-FH07;19084;FTTH-Cu;11382583;'20191021153809;'Volkstraat 62 - 64;;;;;;;619224;'20191021153733;1502910;'1630000;'32984;Volkstraat;'62;';2000;Antwerpen;;'151822,791;'211162,417;';Y;NA;5;15;Unknown;Unknown;;None;;;';;';;Y;;;;'15/01/2019 12:41:18;4;11087042;;LU;1;';';';';';;;;;;;;';;';;Y;;;;'15/01/2019 12:41:18
;;;Zoning;6807323;'20200219142313;W03-C-Antwerpen-West-FH07;6807323;'20200219142313;W03-C-Antwerpen-West-FH07;19084;FTTH-Cu;11382583;'20191021153809;'Volkstraat 62 - 64;;;;;;;619224;'20191021153733;1502910;'1630000;'32984;Volkstraat;'62;';2000;Antwerpen;;'151822,791;'211162,417;';Y;NA;5;15;Unknown;Unknown;;None;;;';;';;Y;;;;'15/01/2019 12:41:18;5;11087043;;LU;1;';';';';';;;;;;;;';;';;Y;;;;'15/01/2019 12:41:18
;;;Zoning;6807323;'20200219142313;W03-C-Antwerpen-West-FH07;6807323;'20200219142313;W03-C-Antwerpen-West-FH07;19084;FTTH-Cu;11382583;'20191021153809;'Volkstraat 62 - 64;;;;;;;619224;'20191021153733;1502910;'1630000;'32984;Volkstraat;'62;';2000;Antwerpen;;'151822,791;'211162,417;';Y;NA;5;15;Unknown;Unknown;;None;;;';;';;Y;;;;'15/01/2019 12:41:18;6;11087044;;LU;1;';';';';';;;;;;;;';;';;Y;;;;'15/01/2019 12:41:18
;;;Zoning;6807323;'20200219142313;W03-C-Antwerpen-West-FH07;6807323;'20200219142313;W03-C-Antwerpen-West-FH07;19084;FTTH-Cu;11382583;'20191021153809;'Volkstraat 62 - 64;;;;;;;619224;'20191021153733;1502910;'1630000;'32984;Volkstraat;'62;';2000;Antwerpen;;'151822,791;'211162,417;';Y;NA;5;15;Unknown;Unknown;;None;;;';;';;Y;;;;'15/01/2019 12:41:18;7;11087045;;LU;1;';';';';';;;;;;;;';;';;Y;;;;'15/01/2019 12:41:18
;;;Zoning;6807323;'20200219142313;W03-C-Antwerpen-West-FH07;6807323;'20200219142313;W03-C-Antwerpen-West-FH07;19084;FTTH-Cu;11382583;'20191021153809;'Volkstraat 62 - 64;;;;;;;11378828;'20191021152111;2061632;'1630000;'32984;Volkstraat;'64;';2000;Antwerpen;;'151820;'211158;';Y;NA;5;15;Unknown;Unknown;;None;;;';;';;Y;;;;'15/01/2019 12:41:18;1;11086277;;BU;1;';';';';';;;;;;;;';;';;Y;;;;'15/01/2019 12:41:18
;;;Zoning;6807323;'20200219142313;W03-C-Antwerpen-West-FH07;6807323;'20200219142313;W03-C-Antwerpen-West-FH07;19084;FTTH-Cu;11382583;'20191021153809;'Volkstraat 62 - 64;;;;;;;11378828;'20191021152111;2061632;'1630000;'32984;Volkstraat;'64;';2000;Antwerpen;;'151820;'211158;';Y;NA;5;15;Unknown;Unknown;;None;;;';;';;Y;;;;'15/01/2019 12:41:18;2;11086278;;LU;1;';';';';';;;;;;;;';;';;Y;;;;'15/01/2019 12:41:18
;;;Zoning;6807323;'20200219142313;W03-C-Antwerpen-West-FH07;6807323;'20200219142313;W03-C-Antwerpen-West-FH07;19084;FTTH-Cu;11382583;'20191021153809;'Volkstraat 62 - 64;;;;;;;11378828;'20191021152111;2061632;'1630000;'32984;Volkstraat;'64;';2000;Antwerpen;;'151820;'211158;';Y;NA;5;15;Unknown;Unknown;;None;;;';;';;Y;;;;'15/01/2019 12:41:18;3;11086279;;LU;1;';';';';';;;;;;;;';;';;Y;;;;'15/01/2019 12:41:18
;;;Zoning;6807323;'20200219142313;W03-C-Antwerpen-West-FH07;6807323;'20200219142313;W03-C-Antwerpen-West-FH07;19084;FTTH-Cu;11382583;'20191021153809;'Volkstraat 62 - 64;;;;;;;11378828;'20191021152111;2061632;'1630000;'32984;Volkstraat;'64;';2000;Antwerpen;;'151820;'211158;';Y;NA;5;15;Unknown;Unknown;;None;;;';;';;Y;;;;'15/01/2019 12:41:18;4;11086280;;LU;1;';';';';';;;;;;;;';;';;Y;;;;'15/01/2019 12:41:18
;;;Zoning;6807323;'20200219142313;W03-C-Antwerpen-West-FH07;6807323;'20200219142313;W03-C-Antwerpen-West-FH07;19084;FTTH-Cu;11382583;'20191021153809;'Volkstraat 62 - 64;;;;;;;11378828;'20191021152111;2061632;'1630000;'32984;Volkstraat;'64;';2000;Antwerpen;;'151820;'211158;';Y;NA;5;15;Unknown;Unknown;;None;;;';;';;Y;;;;'15/01/2019 12:41:18;5;11086281;;LU;1;';';';';';;;;;;;;';;';;Y;;;;'15/01/2019 12:41:18
;;;Zoning;6807323;'20200219142313;W03-C-Antwerpen-West-FH07;6807323;'20200219142313;W03-C-Antwerpen-West-FH07;19084;FTTH-Cu;11382583;'20191021153809;'Volkstraat 62 - 64;;;;;;;11378828;'20191021152111;2061632;'1630000;'32984;Volkstraat;'64;';2000;Antwerpen;;'151820;'211158;';Y;NA;5;15;Unknown;Unknown;;None;;;';;';;Y;;;;'15/01/2019 12:41:18;6;11086282;;LU;1;';';';';';;;;;;;;';;';;Y;;;;'15/01/2019 12:41:18
;;;Zoning;6807323;'20200219142313;W03-C-Antwerpen-West-FH07;6807323;'20200219142313;W03-C-Antwerpen-West-FH07;19084;FTTH-Cu;;';';;;;;;;683554;'20200219130354;2061634;'1630000;'32984;Volkstraat;'66;';2000;Antwerpen;;'151817,148;'211152,051;';Y;NA;6;4;Unknown;Unknown;;None;;;';IFH_BATCH;'12/07/2019 07:40:23;;Y;;;;'12/07/2019 07:28:35;1;1835351;;LU;1;';';';';';Y;;HOUSE;WONING - MAISON;NA;;;';;';;Y;;;;'12/07/2019 07:28:35
;;;Zoning;6807323;'20200219142313;W03-C-Antwerpen-West-FH07;6807323;'20200219142313;W03-C-Antwerpen-West-FH07;19084;FTTH-Cu;;';';;;;;;;683554;'20200219130354;2061634;'1630000;'32984;Volkstraat;'66;';2000;Antwerpen;;'151817,148;'211152,051;';Y;NA;6;4;Unknown;Unknown;;None;;;';IFH_BATCH;'12/07/2019 07:40:23;;Y;;;;'12/07/2019 07:28:35;2;1835352;;LU;1;';';';';';Y;;HOUSE;WONING - MAISON;NA;;;';;';;Y;;;;'12/07/2019 07:28:35
;;;Zoning;6807323;'20200219142313;W03-C-Antwerpen-West-FH07;6807323;'20200219142313;W03-C-Antwerpen-West-FH07;19084;FTTH-Cu;;';';;;;;;;683554;'20200219130354;2061634;'1630000;'32984;Volkstraat;'66;';2000;Antwerpen;;'151817,148;'211152,051;';Y;NA;6;4;Unknown;Unknown;;None;;;';IFH_BATCH;'12/07/2019 07:40:23;;Y;;;;'12/07/2019 07:28:35;3;1835353;;BU;1;';';';';';Y;;HOUSE;WONING - MAISON;NA;;;';;';;Y;;;;'12/07/2019 07:28:35
;;;Zoning;6807323;'20200219142313;W03-C-Antwerpen-West-FH07;6807323;'20200219142313;W03-C-Antwerpen-West-FH07;19084;FTTH-Cu;;';';;;;;;;11377984;'20200219130344;3928595;'1630000;'32984;Volkstraat;'66;'A;2000;Antwerpen;;'151814,787;'211149,647;';Y;NA;5;15;Unknown;Unknown;;None;;;';;';;Y;;;;'15/01/2019 12:41:18;1;11086073;;LU;1;';';';';';;;;;;;;';;';;Y;;;;'15/01/2019 12:41:18
;;;Zoning;6807323;'20200219142313;W03-C-Antwerpen-West-FH07;6807323;'20200219142313;W03-C-Antwerpen-West-FH07;19084;FTTH-Cu;;';';;;;;;;11377984;'20200219130344;3928595;'1630000;'32984;Volkstraat;'66;'A;2000;Antwerpen;;'151814,787;'211149,647;';Y;NA;5;15;Unknown;Unknown;;None;;;';;';;Y;;;;'15/01/2019 12:41:18;2;11086074;;LU;1;';';';';';;;;;;;;';;';;Y;;;;'15/01/2019 12:41:18
;;;Zoning;6807323;'20200219142313;W03-C-Antwerpen-West-FH07;6807323;'20200219142313;W03-C-Antwerpen-West-FH07;19084;FTTH-Cu;;';';;;;;;;11377984;'20200219130344;3928595;'1630000;'32984;Volkstraat;'66;'A;2000;Antwerpen;;'151814,787;'211149,647;';Y;NA;5;15;Unknown;Unknown;;None;;;';;';;Y;;;;'15/01/2019 12:41:18;3;11086075;;LU;1;';';';';';;;;;;;;';;';;Y;;;;'15/01/2019 12:41:18
;;;Zoning;6807323;'20200219142313;W03-C-Antwerpen-West-FH07;6807323;'20200219142313;W03-C-Antwerpen-West-FH07;19084;FTTH-Cu;;';';;;;;;;11377984;'20200219130344;3928595;'1630000;'32984;Volkstraat;'66;'A;2000;Antwerpen;;'151814,787;'211149,647;';Y;NA;5;15;Unknown;Unknown;;None;;;';;';;Y;;;;'15/01/2019 12:41:18;4;11086076;;LU;1;';';';';';;;;;;;;';;';;Y;;;;'15/01/2019 12:41:18
;;;Zoning;6807323;'20200219142313;W03-C-Antwerpen-West-FH07;6807323;'20200219142313;W03-C-Antwerpen-West-FH07;19084;FTTH-Cu;;';';;;;;;;11377984;'20200219130344;3928595;'1630000;'32984;Volkstraat;'66;'A;2000;Antwerpen;;'151814,787;'211149,647;';Y;NA;5;15;Unknown;Unknown;;None;;;';;';;Y;;;;'15/01/2019 12:41:18;5;11086077;;SU;1;';';';';';;;;;;;;';;';;Y;;;;'15/01/2019 12:41:18
;;;Zoning;6807323;'20200219142313;W03-C-Antwerpen-West-FH07;6807323;'20200219142313;W03-C-Antwerpen-West-FH07;19084;FTTH-Cu;;';';;;;;;;617128;'20190712080953;1351543;'1630000;'32984;Volkstraat;'68;';2000;Antwerpen;;'151810,434;'211147,86;';Y;NA;4;4;Unknown;Unknown;;None;;;';IFH_BATCH;'12/07/2019 07:40:30;;Y;;;;'12/07/2019 07:28:35;1;1837524;;LU;1;';';';';';Y;;HOUSE;WONING - MAISON;NA;;;';;';;Y;;;;'12/07/2019 07:28:35
;;;Zoning;6807323;'20200219142313;W03-C-Antwerpen-West-FH07;6807323;'20200219142313;W03-C-Antwerpen-West-FH07;19084;FTTH-Cu;;';';;;;;;;617128;'20190712080953;1351543;'1630000;'32984;Volkstraat;'68;';2000;Antwerpen;;'151810,434;'211147,86;';Y;NA;4;4;Unknown;Unknown;;None;;;';IFH_BATCH;'12/07/2019 07:40:30;;Y;;;;'12/07/2019 07:28:35;2;1837525;;LU;1;';';';';';Y;;HOUSE;WONING - MAISON;NA;;;';;';;Y;;;;'12/07/2019 07:28:35
;;;Zoning;6807323;'20200219142313;W03-C-Antwerpen-West-FH07;6807323;'20200219142313;W03-C-Antwerpen-West-FH07;19084;FTTH-Cu;;';';;;;;;;617128;'20190712080953;1351543;'1630000;'32984;Volkstraat;'68;';2000;Antwerpen;;'151810,434;'211147,86;';Y;NA;4;4;Unknown;Unknown;;None;;;';IFH_BATCH;'12/07/2019 07:40:30;;Y;;;;'12/07/2019 07:28:35;3;1837526;;LU;1;';';';';';Y;;HOUSE;WONING - MAISON;NA;;;';;';;Y;;;;'12/07/2019 07:28:35
;;;Zoning;6807323;'20200219142313;W03-C-Antwerpen-West-FH07;6807323;'20200219142313;W03-C-Antwerpen-West-FH07;19084;FTTH-Cu;;';';;;;;;;617128;'20190712080953;1351543;'1630000;'32984;Volkstraat;'68;';2000;Antwerpen;;'151810,434;'211147,86;';Y;NA;4;4;Unknown;Unknown;;None;;;';IFH_BATCH;'12/07/2019 07:40:30;;Y;;;;'12/07/2019 07:28:35;4;1837527;;LU;1;';';';';';Y;;HOUSE;WONING - MAISON;NA;;;';;';;Y;;;;'12/07/2019 07:28:35
;;;Zoning;6807323;'20200219142313;W03-C-Antwerpen-West-FH07;6807323;'20200219142313;W03-C-Antwerpen-West-FH07;19084;FTTH-Cu;;';';;;;;;;683556;'20190115201300;2061637;'1630000;'32984;Volkstraat;'70;';2000;Antwerpen;;'151807,157;'211143,01;';Y;NA;4;12;Unknown;Unknown;;None;;;';;';;Y;;;;'15/01/2019 12:41:18;1;1843723;;BU;1;';';';';';Y;;COMM;HANDELSZAAK - COMMERCE;NA;;;';;';;Y;;;;'15/01/2019 12:41:18
;;;Zoning;6807323;'20200219142313;W03-C-Antwerpen-West-FH07;6807323;'20200219142313;W03-C-Antwerpen-West-FH07;19084;FTTH-Cu;;';';;;;;;;683556;'20190115201300;2061637;'1630000;'32984;Volkstraat;'70;';2000;Antwerpen;;'151807,157;'211143,01;';Y;NA;4;12;Unknown;Unknown;;None;;;';;';;Y;;;;'15/01/2019 12:41:18;2;1843724;;LU;1;';';';';';Y;;COMM;HANDELSZAAK - COMMERCE;NA;;;';;';;Y;;;;'15/01/2019 12:41:18
;;;Zoning;6807323;'20200219142313;W03-C-Antwerpen-West-FH07;6807323;'20200219142313;W03-C-Antwerpen-West-FH07;19084;FTTH-Cu;;';';;;;;;;683556;'20190115201300;2061637;'1630000;'32984;Volkstraat;'70;';2000;Antwerpen;;'151807,157;'211143,01;';Y;NA;4;12;Unknown;Unknown;;None;;;';;';;Y;;;;'15/01/2019 12:41:18;3;1843725;;LU;1;';';';';';Y;;COMM;HANDELSZAAK - COMMERCE;NA;;;';;';;Y;;;;'15/01/2019 12:41:18
;;;Zoning;6807323;'20200219142313;W03-C-Antwerpen-West-FH07;6807323;'20200219142313;W03-C-Antwerpen-West-FH07;19084;FTTH-Cu;;';';;;;;;;683556;'20190115201300;2061637;'1630000;'32984;Volkstraat;'70;';2000;Antwerpen;;'151807,157;'211143,01;';Y;NA;4;12;Unknown;Unknown;;None;;;';;';;Y;;;;'15/01/2019 12:41:18;4;11087046;;LU;1;';';';';';;;;;;;;';;';;Y;;;;'15/01/2019 12:41:18
;;;Zoning;6807323;'20200219142313;W03-C-Antwerpen-West-FH07;6807323;'20200219142313;W03-C-Antwerpen-West-FH07;19084;FTTH-Cu;;';';;;;;;;683556;'20190115201300;2061637;'1630000;'32984;Volkstraat;'70;';2000;Antwerpen;;'151807,157;'211143,01;';Y;NA;4;12;Unknown;Unknown;;None;;;';;';;Y;;;;'15/01/2019 12:41:18;5;11087047;;LU;1;';';';';';;;;;;;;';;';;Y;;;;'15/01/2019 12:41:18
;;;Zoning;6807323;'20200219142313;W03-C-Antwerpen-West-FH07;6807323;'20200219142313;W03-C-Antwerpen-West-FH07;19084;FTTH-Cu;;';';;;;;;;683557;'20190115201300;2061638;'1630000;'32984;Volkstraat;'72;';2000;Antwerpen;;'151803,88;'211137,666;';Y;NA;5;15;Unknown;Unknown;;None;;;';;';;Y;;;;'15/01/2019 12:41:18;1;1845798;;BU;1;';';';';';Y;;COMM;HANDELSZAAK - COMMERCE;NA;;;';;';;Y;;;;'15/01/2019 12:41:18
;;;Zoning;6807323;'20200219142313;W03-C-Antwerpen-West-FH07;6807323;'20200219142313;W03-C-Antwerpen-West-FH07;19084;FTTH-Cu;;';';;;;;;;683557;'20190115201300;2061638;'1630000;'32984;Volkstraat;'72;';2000;Antwerpen;;'151803,88;'211137,666;';Y;NA;5;15;Unknown;Unknown;;None;;;';;';;Y;;;;'15/01/2019 12:41:18;2;1845799;;LU;1;';';';';';Y;;COMM;HANDELSZAAK - COMMERCE;NA;;;';;';;Y;;;;'15/01/2019 12:41:18
;;;Zoning;6807323;'20200219142313;W03-C-Antwerpen-West-FH07;6807323;'20200219142313;W03-C-Antwerpen-West-FH07;19084;FTTH-Cu;;';';;;;;;;683557;'20190115201300;2061638;'1630000;'32984;Volkstraat;'72;';2000;Antwerpen;;'151803,88;'211137,666;';Y;NA;5;15;Unknown;Unknown;;None;;;';;';;Y;;;;'15/01/2019 12:41:18;3;1845800;;LU;1;';';';';';Y;;COMM;HANDELSZAAK - COMMERCE;NA;;;';;';;Y;;;;'15/01/2019 12:41:18
;;;Zoning;6807323;'20200219142313;W03-C-Antwerpen-West-FH07;6807323;'20200219142313;W03-C-Antwerpen-West-FH07;19084;FTTH-Cu;;';';;;;;;;683557;'20190115201300;2061638;'1630000;'32984;Volkstraat;'72;';2000;Antwerpen;;'151803,88;'211137,666;';Y;NA;5;15;Unknown;Unknown;;None;;;';;';;Y;;;;'15/01/2019 12:41:18;4;1845801;;LU;1;';';';';';Y;;COMM;HANDELSZAAK - COMMERCE;NA;;;';;';;Y;;;;'15/01/2019 12:41:18
;;;Zoning;6807323;'20200219142313;W03-C-Antwerpen-West-FH07;6807323;'20200219142313;W03-C-Antwerpen-West-FH07;19084;FTTH-Cu;;';';;;;;;;683557;'20190115201300;2061638;'1630000;'32984;Volkstraat;'72;';2000;Antwerpen;;'151803,88;'211137,666;';Y;NA;5;15;Unknown;Unknown;;None;;;';;';;Y;;;;'15/01/2019 12:41:18;5;1845802;;LU;1;';';';';';Y;;COMM;HANDELSZAAK - COMMERCE;NA;;;';;';;Y;;;;'15/01/2019 12:41:18
;;;Zoning;6807323;'20200219142313;W03-C-Antwerpen-West-FH07;6807323;'20200219142313;W03-C-Antwerpen-West-FH07;19084;FTTH-Cu;;';';;;;;;;683558;'20190115201300;2061639;'1630000;'32984;Volkstraat;'74;';2000;Antwerpen;;'151801,073;'211132,17;';Y;NA;4;12;Unknown;Unknown;;None;;;';;';;Y;;;;'15/01/2019 12:41:18;1;1847787;;BU;1;';';';';';Y;;COMM;HANDELSZAAK - COMMERCE;NA;;;';;';;Y;;;;'15/01/2019 12:41:18
;;;Zoning;6807323;'20200219142313;W03-C-Antwerpen-West-FH07;6807323;'20200219142313;W03-C-Antwerpen-West-FH07;19084;FTTH-Cu;;';';;;;;;;683558;'20190115201300;2061639;'1630000;'32984;Volkstraat;'74;';2000;Antwerpen;;'151801,073;'211132,17;';Y;NA;4;12;Unknown;Unknown;;None;;;';;';;Y;;;;'15/01/2019 12:41:18;2;1847788;;LU;1;';';';';';Y;;COMM;HANDELSZAAK - COMMERCE;NA;;;';;';;Y;;;;'15/01/2019 12:41:18
;;;Zoning;6807323;'20200219142313;W03-C-Antwerpen-West-FH07;6807323;'20200219142313;W03-C-Antwerpen-West-FH07;19084;FTTH-Cu;;';';;;;;;;683558;'20190115201300;2061639;'1630000;'32984;Volkstraat;'74;';2000;Antwerpen;;'151801,073;'211132,17;';Y;NA;4;12;Unknown;Unknown;;None;;;';;';;Y;;;;'15/01/2019 12:41:18;3;1847789;;LU;1;';';';';';Y;;COMM;HANDELSZAAK - COMMERCE;NA;;;';;';;Y;;;;'15/01/2019 12:41:18
;;;Zoning;6807323;'20200219142313;W03-C-Antwerpen-West-FH07;6807323;'20200219142313;W03-C-Antwerpen-West-FH07;19084;FTTH-Cu;;';';;;;;;;683558;'20190115201300;2061639;'1630000;'32984;Volkstraat;'74;';2000;Antwerpen;;'151801,073;'211132,17;';Y;NA;4;12;Unknown;Unknown;;None;;;';;';;Y;;;;'15/01/2019 12:41:18;4;11087048;;LU;1;';';';';';;;;;;;;';;';;Y;;;;'15/01/2019 12:41:18
;;;Zoning;6807323;'20200219142313;W03-C-Antwerpen-West-FH07;6807323;'20200219142313;W03-C-Antwerpen-West-FH07;19084;FTTH-Cu;;';';;;;;;;726188;'20191021153705;976235;'1630000;'32984;Volkstraat;'76;';2000;Antwerpen;;'151795,46;'211126,005;';Y;NA;3;12;Unknown;Unknown;;None;;;';;';;Y;;;;'15/01/2019 12:41:18;1;1849923;;BU;1;';';';';';Y;;COMM;HANDELSZAAK - COMMERCE;NA;;;';;';;Y;;;;'15/01/2019 12:41:18
;;;Zoning;6807323;'20200219142313;W03-C-Antwerpen-West-FH07;6807323;'20200219142313;W03-C-Antwerpen-West-FH07;19084;FTTH-Cu;;';';;;;;;;726188;'20191021153705;976235;'1630000;'32984;Volkstraat;'76;';2000;Antwerpen;;'151795,46;'211126,005;';Y;NA;3;12;Unknown;Unknown;;None;;;';;';;Y;;;;'15/01/2019 12:41:18;2;11087049;;SU;1;';';';';';;;;;;;;';;';;Y;;;;'15/01/2019 12:41:18
;;;Zoning;6807323;'20200219142313;W03-C-Antwerpen-West-FH07;6807323;'20200219142313;W03-C-Antwerpen-West-FH07;19084;FTTH-Cu;;';';;;;;;;714436;'20191016101212;60719;'1630000;'33270;Vrijdagmarkt;'1;';2000;Antwerpen;;'152085,547;'212072,14;';N;ORN;4;12;Unknown;Unknown;;None;;;';;';;Y;;;;'15/01/2019 12:41:18;1;10368274;;BU;1;';';';';';Y;#A1/A2/;APPART;DEEL_APP_GEBOUW - PARTIE_IMMEUBLE_APP;APPART;;;';;';;Y;;;;'15/01/2019 12:41:18
;;;Zoning;6807323;'20200219142313;W03-C-Antwerpen-West-FH07;6807323;'20200219142313;W03-C-Antwerpen-West-FH07;19084;FTTH-Cu;;';';;;;;;;714436;'20191016101212;60719;'1630000;'33270;Vrijdagmarkt;'1;';2000;Antwerpen;;'152085,547;'212072,14;';N;ORN;4;12;Unknown;Unknown;;None;;;';;';;Y;;;;'15/01/2019 12:41:18;2;10368473;;BU;1;';';';';';Y;#A2/A3/;APPART;DEEL_APP_GEBOUW - PARTIE_IMMEUBLE_APP;APPART;;;';;';;Y;;;;'15/01/2019 12:41:18
;;;Zoning;6807323;'20200219142313;W03-C-Antwerpen-West-FH07;6807323;'20200219142313;W03-C-Antwerpen-West-FH07;19084;FTTH-Cu;;';';;;;;;;684042;'20191016100331;2062207;'1630000;'33270;Vrijdagmarkt;'2;';2000;Antwerpen;;'152092,186;'212068,583;';Y;NA;4;12;Unknown;Unknown;;None;;;';;';;Y;;;;'15/01/2019 12:41:18;1;1693611;;LU;1;';';';';';Y;;COMM;HANDELSZAAK - COMMERCE;NA;;;';;';;Y;;;;'15/01/2019 12:41:18
;;;Zoning;6807323;'20200219142313;W03-C-Antwerpen-West-FH07;6807323;'20200219142313;W03-C-Antwerpen-West-FH07;19084;FTTH-Cu;;';';;;;;;;684042;'20191016100331;2062207;'1630000;'33270;Vrijdagmarkt;'2;';2000;Antwerpen;;'152092,186;'212068,583;';Y;NA;4;12;Unknown;Unknown;;None;;;';;';;Y;;;;'15/01/2019 12:41:18;2;1693612;;LU;1;';';';';';Y;;COMM;HANDELSZAAK - COMMERCE;NA;;;';;';;Y;;;;'15/01/2019 12:41:18
;;;Zoning;6807323;'20200219142313;W03-C-Antwerpen-West-FH07;6807323;'20200219142313;W03-C-Antwerpen-West-FH07;19084;FTTH-Cu;;';';;;;;;;684042;'20191016100331;2062207;'1630000;'33270;Vrijdagmarkt;'2;';2000;Antwerpen;;'152092,186;'212068,583;';Y;NA;4;12;Unknown;Unknown;;None;;;';;';;Y;;;;'15/01/2019 12:41:18;3;1693613;;LU;1;';';';';';Y;;COMM;HANDELSZAAK - COMMERCE;NA;;;';;';;Y;;;;'15/01/2019 12:41:18
;;;Zoning;6807323;'20200219142313;W03-C-Antwerpen-West-FH07;6807323;'20200219142313;W03-C-Antwerpen-West-FH07;19084;FTTH-Cu;;';';;;;;;;684042;'20191016100331;2062207;'1630000;'33270;Vrijdagmarkt;'2;';2000;Antwerpen;;'152092,186;'212068,583;';Y;NA;4;12;Unknown;Unknown;;None;;;';;';;Y;;;;'15/01/2019 12:41:18;4;11087050;;LU;1;';';';';';;;;;;;;';;';;Y;;;;'15/01/2019 12:41:18
;;;Zoning;6807323;'20200219142313;W03-C-Antwerpen-West-FH07;6807323;'20200219142313;W03-C-Antwerpen-West-FH07;19084;FTTH-Cu;;';';;;;;;;684043;'20191016100331;2062208;'1630000;'33270;Vrijdagmarkt;'3;';2000;Antwerpen;;'152098,504;'212066,327;';Y;NA;4;12;Unknown;Unknown;;None;;;';;';;Y;;;;'15/01/2019 12:41:18;1;1738270;;LU;1;';';';';';Y;#A1/L/K5;APPART;DEEL_APP_GEBOUW - PARTIE_IMMEUBLE_APP;APPART;;;';;';;Y;;;;'15/01/2019 12:41:18
;;;Zoning;6807323;'20200219142313;W03-C-Antwerpen-West-FH07;6807323;'20200219142313;W03-C-Antwerpen-West-FH07;19084;FTTH-Cu;;';';;;;;;;684043;'20191016100331;2062208;'1630000;'33270;Vrijdagmarkt;'3;';2000;Antwerpen;;'152098,504;'212066,327;';Y;NA;4;12;Unknown;Unknown;;None;;;';;';;Y;;;;'15/01/2019 12:41:18;2;1738318;;LU;1;';';';';';Y;#A1/R/K6;APPART;DEEL_APP_GEBOUW - PARTIE_IMMEUBLE_APP;APPART;;;';;';;Y;;;;'15/01/2019 12:41:18
;;;Zoning;6807323;'20200219142313;W03-C-Antwerpen-West-FH07;6807323;'20200219142313;W03-C-Antwerpen-West-FH07;19084;FTTH-Cu;;';';;;;;;;684043;'20191016100331;2062208;'1630000;'33270;Vrijdagmarkt;'3;';2000;Antwerpen;;'152098,504;'212066,327;';Y;NA;4;12;Unknown;Unknown;;None;;;';;';;Y;;;;'15/01/2019 12:41:18;3;1738788;;LU;1;';';';';';Y;#A2/L/K4;APPART;DEEL_APP_GEBOUW - PARTIE_IMMEUBLE_APP;APPART;;;';;';;Y;;;;'15/01/2019 12:41:18
;;;Zoning;6807323;'20200219142313;W03-C-Antwerpen-West-FH07;6807323;'20200219142313;W03-C-Antwerpen-West-FH07;19084;FTTH-Cu;;';';;;;;;;684043;'20191016100331;2062208;'1630000;'33270;Vrijdagmarkt;'3;';2000;Antwerpen;;'152098,504;'212066,327;';Y;NA;4;12;Unknown;Unknown;;None;;;';;';;Y;;;;'15/01/2019 12:41:18;4;1738833;;LU;1;';';';';';Y;#A2/R/K3;APPART;DEEL_APP_GEBOUW - PARTIE_IMMEUBLE_APP;APPART;;;';;';;Y;;;;'15/01/2019 12:41:18
;;;Zoning;6807323;'20200219142313;W03-C-Antwerpen-West-FH07;6807323;'20200219142313;W03-C-Antwerpen-West-FH07;19084;FTTH-Cu;;';';;;;;;;684043;'20191016100331;2062208;'1630000;'33270;Vrijdagmarkt;'3;';2000;Antwerpen;;'152098,504;'212066,327;';Y;NA;4;12;Unknown;Unknown;;None;;;';;';;Y;;;;'15/01/2019 12:41:18;5;1739040;;LU;1;';';';';';Y;#A3/K2;APPART;DEEL_APP_GEBOUW - PARTIE_IMMEUBLE_APP;APPART;;;';;';;Y;;;;'15/01/2019 12:41:18
;;;Zoning;6807323;'20200219142313;W03-C-Antwerpen-West-FH07;6807323;'20200219142313;W03-C-Antwerpen-West-FH07;19084;FTTH-Cu;;';';;;;;;;684043;'20191016100331;2062208;'1630000;'33270;Vrijdagmarkt;'3;';2000;Antwerpen;;'152098,504;'212066,327;';Y;NA;4;12;Unknown;Unknown;;None;;;';;';;Y;;;;'15/01/2019 12:41:18;6;1739689;;LU;1;';';';';';Y;#AGV/K1.7.8;APPART;DEEL_APP_GEBOUW - PARTIE_IMMEUBLE_APP;APPART;;;';;';;Y;;;;'15/01/2019 12:41:18
;;;Zoning;6807323;'20200219142313;W03-C-Antwerpen-West-FH07;6807323;'20200219142313;W03-C-Antwerpen-West-FH07;19084;FTTH-Cu;;';';;;;;;;684043;'20191016100331;2062208;'1630000;'33270;Vrijdagmarkt;'3;';2000;Antwerpen;;'152098,504;'212066,327;';Y;NA;4;12;Unknown;Unknown;;None;;;';;';;Y;;;;'15/01/2019 12:41:18;7;11087051;;LU;1;';';';';';;;;;;;;';;';;Y;;;;'15/01/2019 12:41:18
;;;Zoning;6807323;'20200219142313;W03-C-Antwerpen-West-FH07;6807323;'20200219142313;W03-C-Antwerpen-West-FH07;19084;FTTH-Cu;;';';;;;;;;617082;'20191016100331;1349608;'1630000;'33270;Vrijdagmarkt;'4;';2000;Antwerpen;;'152105,725;'212063,077;';Y;NA;4;12;Unknown;Unknown;;None;;;';;';;Y;;;;'15/01/2019 12:41:18;1;1775789;;LU;1;';';';';';Y;;COMM;HANDELSZAAK - COMMERCE;NA;;;';;';;Y;;;;'15/01/2019 12:41:18
;;;Zoning;6807323;'20200219142313;W03-C-Antwerpen-West-FH07;6807323;'20200219142313;W03-C-Antwerpen-West-FH07;19084;FTTH-Cu;;';';;;;;;;617082;'20191016100331;1349608;'1630000;'33270;Vrijdagmarkt;'4;';2000;Antwerpen;;'152105,725;'212063,077;';Y;NA;4;12;Unknown;Unknown;;None;;;';;';;Y;;;;'15/01/2019 12:41:18;2;1775790;;LU;1;';';';';';Y;;COMM;HANDELSZAAK - COMMERCE;NA;;;';;';;Y;;;;'15/01/2019 12:41:18
;;;Zoning;6807323;'20200219142313;W03-C-Antwerpen-West-FH07;6807323;'20200219142313;W03-C-Antwerpen-West-FH07;19084;FTTH-Cu;;';';;;;;;;617082;'20191016100331;1349608;'1630000;'33270;Vrijdagmarkt;'4;';2000;Antwerpen;;'152105,725;'212063,077;';Y;NA;4;12;Unknown;Unknown;;None;;;';;';;Y;;;;'15/01/2019 12:41:18;3;1775791;;LU;1;';';';';';Y;;COMM;HANDELSZAAK - COMMERCE;NA;;;';;';;Y;;;;'15/01/2019 12:41:18
;;;Zoning;6807323;'20200219142313;W03-C-Antwerpen-West-FH07;6807323;'20200219142313;W03-C-Antwerpen-West-FH07;19084;FTTH-Cu;;';';;;;;;;617082;'20191016100331;1349608;'1630000;'33270;Vrijdagmarkt;'4;';2000;Antwerpen;;'152105,725;'212063,077;';Y;NA;4;12;Unknown;Unknown;;None;;;';;';;Y;;;;'15/01/2019 12:41:18;4;1775792;;LU;1;';';';';';Y;;COMM;HANDELSZAAK - COMMERCE;NA;;;';;';;Y;;;;'15/01/2019 12:41:18
;;;Zoning;6807323;'20200219142313;W03-C-Antwerpen-West-FH07;6807323;'20200219142313;W03-C-Antwerpen-West-FH07;19084;FTTH-Cu;;';';;;;;;;617082;'20191016100331;1349608;'1630000;'33270;Vrijdagmarkt;'4;';2000;Antwerpen;;'152105,725;'212063,077;';Y;NA;4;12;Unknown;Unknown;;None;;;';;';;Y;;;;'15/01/2019 12:41:18;5;1775793;;LU;1;';';';';';Y;;COMM;HANDELSZAAK - COMMERCE;NA;;;';;';;Y;;;;'15/01/2019 12:41:18
;;;Zoning;6807323;'20200219142313;W03-C-Antwerpen-West-FH07;6807323;'20200219142313;W03-C-Antwerpen-West-FH07;19084;FTTH-Cu;;';';;;;;;;684044;'20191016100332;2062210;'1630000;'33270;Vrijdagmarkt;'5;';2000;Antwerpen;;'152110,599;'212059,918;';Y;NA;4;12;Unknown;Unknown;;None;;;';;';;Y;;;;'15/01/2019 12:41:18;1;1802909;;BU;1;';';';';';Y;;COMM;HANDELSZAAK - COMMERCE;NA;;;';;';;Y;;;;'15/01/2019 12:41:18
;;;Zoning;6807323;'20200219142313;W03-C-Antwerpen-West-FH07;6807323;'20200219142313;W03-C-Antwerpen-West-FH07;19084;FTTH-Cu;;';';;;;;;;684044;'20191016100332;2062210;'1630000;'33270;Vrijdagmarkt;'5;';2000;Antwerpen;;'152110,599;'212059,918;';Y;NA;4;12;Unknown;Unknown;;None;;;';;';;Y;;;;'15/01/2019 12:41:18;2;1802910;;LU;1;';';';';';Y;;COMM;HANDELSZAAK - COMMERCE;NA;;;';;';;Y;;;;'15/01/2019 12:41:18
;;;Zoning;6807323;'20200219142313;W03-C-Antwerpen-West-FH07;6807323;'20200219142313;W03-C-Antwerpen-West-FH07;19084;FTTH-Cu;;';';;;;;;;684044;'20191016100332;2062210;'1630000;'33270;Vrijdagmarkt;'5;';2000;Antwerpen;;'152110,599;'212059,918;';Y;NA;4;12;Unknown;Unknown;;None;;;';;';;Y;;;;'15/01/2019 12:41:18;3;1802911;;LU;1;';';';';';Y;;COMM;HANDELSZAAK - COMMERCE;NA;;;';;';;Y;;;;'15/01/2019 12:41:18
;;;Zoning;6807323;'20200219142313;W03-C-Antwerpen-West-FH07;6807323;'20200219142313;W03-C-Antwerpen-West-FH07;19084;FTTH-Cu;;';';;;;;;;684044;'20191016100332;2062210;'1630000;'33270;Vrijdagmarkt;'5;';2000;Antwerpen;;'152110,599;'212059,918;';Y;NA;4;12;Unknown;Unknown;;None;;;';;';;Y;;;;'15/01/2019 12:41:18;4;1802912;;LU;1;';';';';';Y;;COMM;HANDELSZAAK - COMMERCE;NA;;;';;';;Y;;;;'15/01/2019 12:41:18
;;;Zoning;6807323;'20200219142313;W03-C-Antwerpen-West-FH07;6807323;'20200219142313;W03-C-Antwerpen-West-FH07;19084;FTTH-Cu;;';';;;;;;;684045;'20191016100332;2062211;'1630000;'33270;Vrijdagmarkt;'6;';2000;Antwerpen;;'152116,079;'212059,146;';Y;NA;4;12;Unknown;Unknown;;None;;;';;';;Y;;;;'15/01/2019 12:41:18;1;1824163;;BU;1;';';';';';Y;;COMM;HANDELSZAAK - COMMERCE;NA;;;';;';;Y;;;;'15/01/2019 12:41:18
;;;Zoning;6807323;'20200219142313;W03-C-Antwerpen-West-FH07;6807323;'20200219142313;W03-C-Antwerpen-West-FH07;19084;FTTH-Cu;;';';;;;;;;684045;'20191016100332;2062211;'1630000;'33270;Vrijdagmarkt;'6;';2000;Antwerpen;;'152116,079;'212059,146;';Y;NA;4;12;Unknown;Unknown;;None;;;';;';;Y;;;;'15/01/2019 12:41:18;2;1824164;;LU;1;';';';';';Y;;COMM;HANDELSZAAK - COMMERCE;NA;;;';;';;Y;;;;'15/01/2019 12:41:18
;;;Zoning;6807323;'20200219142313;W03-C-Antwerpen-West-FH07;6807323;'20200219142313;W03-C-Antwerpen-West-FH07;19084;FTTH-Cu;;';';;;;;;;684045;'20191016100332;2062211;'1630000;'33270;Vrijdagmarkt;'6;';2000;Antwerpen;;'152116,079;'212059,146;';Y;NA;4;12;Unknown;Unknown;;None;;;';;';;Y;;;;'15/01/2019 12:41:18;3;1824165;;LU;1;';';';';';Y;;COMM;HANDELSZAAK - COMMERCE;NA;;;';;';;Y;;;;'15/01/2019 12:41:18
;;;Zoning;6807323;'20200219142313;W03-C-Antwerpen-West-FH07;6807323;'20200219142313;W03-C-Antwerpen-West-FH07;19084;FTTH-Cu;;';';;;;;;;684045;'20191016100332;2062211;'1630000;'33270;Vrijdagmarkt;'6;';2000;Antwerpen;;'152116,079;'212059,146;';Y;NA;4;12;Unknown;Unknown;;None;;;';;';;Y;;;;'15/01/2019 12:41:18;4;11087052;;LU;1;';';';';';;;;;;;;';;';;Y;;;;'15/01/2019 12:41:18
;;;Zoning;6807323;'20200219142313;W03-C-Antwerpen-West-FH07;6807323;'20200219142313;W03-C-Antwerpen-West-FH07;19084;FTTH-Cu;;';';;;;;;;715061;'20200110140142;61103;'1630000;'33270;Vrijdagmarkt;'9;';2000;Antwerpen;;'152134,92;'212032,716;';Y;NA;4;12;Unknown;Unknown;;None;;;';;';;Y;;;;'15/01/2019 12:41:18;1;1867603;;BU;1;';';';';';Y;;COMM;HANDELSZAAK - COMMERCE;NA;;;';;';;Y;;;;'15/01/2019 12:41:18
;;;Zoning;6807323;'20200219142313;W03-C-Antwerpen-West-FH07;6807323;'20200219142313;W03-C-Antwerpen-West-FH07;19084;FTTH-Cu;;';';;;;;;;715061;'20200110140142;61103;'1630000;'33270;Vrijdagmarkt;'9;';2000;Antwerpen;;'152134,92;'212032,716;';Y;NA;4;12;Unknown;Unknown;;None;;;';;';;Y;;;;'15/01/2019 12:41:18;2;11087053;;LU;1;';';';';';;;;;;;;';;';;Y;;;;'15/01/2019 12:41:18
;;;Zoning;6807323;'20200219142313;W03-C-Antwerpen-West-FH07;6807323;'20200219142313;W03-C-Antwerpen-West-FH07;19084;FTTH-Cu;;';';;;;;;;715061;'20200110140142;61103;'1630000;'33270;Vrijdagmarkt;'9;';2000;Antwerpen;;'152134,92;'212032,716;';Y;NA;4;12;Unknown;Unknown;;None;;;';;';;Y;;;;'15/01/2019 12:41:18;3;11087054;;LU;1;';';';';';;;;;;;;';;';;Y;;;;'15/01/2019 12:41:18
;;;Zoning;6807323;'20200219142313;W03-C-Antwerpen-West-FH07;6807323;'20200219142313;W03-C-Antwerpen-West-FH07;19084;FTTH-Cu;;';';;;;;;;11377837;'20190604080301;61102;'1630000;'33270;Vrijdagmarkt;'11;';2000;Antwerpen;;'152136;'212024;';Y;NA;4;12;Unknown;Unknown;;None;;;';;';;Y;;;;'15/01/2019 12:41:18;1;11086043;;BU;1;';';';';';;;;;;;;';;';;Y;;;;'15/01/2019 12:41:18
;;;Zoning;6807323;'20200219142313;W03-C-Antwerpen-West-FH07;6807323;'20200219142313;W03-C-Antwerpen-West-FH07;19084;FTTH-Cu;;';';;;;;;;710479;'20190604080303;48914;'1630000;'33270;Vrijdagmarkt;'12;';2000;Antwerpen;;'152108,442;'212017,171;';Y;NA;4;12;Unknown;Unknown;;None;;;';;';;Y;;;;'15/01/2019 12:41:18;1;1637628;;LU;1;';';';';';Y;#A1/A-1/;APPART;DEEL_APP_GEBOUW - PARTIE_IMMEUBLE_APP;APPART;;;';;';;Y;;;;'15/01/2019 12:41:18
;;;Zoning;6807323;'20200219142313;W03-C-Antwerpen-West-FH07;6807323;'20200219142313;W03-C-Antwerpen-West-FH07;19084;FTTH-Cu;;';';;;;;;;710479;'20190604080303;48914;'1630000;'33270;Vrijdagmarkt;'12;';2000;Antwerpen;;'152108,442;'212017,171;';Y;NA;4;12;Unknown;Unknown;;None;;;';;';;Y;;;;'15/01/2019 12:41:18;2;1637861;;LU;1;';';';';';Y;#A2/A-2/;APPART;DEEL_APP_GEBOUW - PARTIE_IMMEUBLE_APP;APPART;;;';;';;Y;;;;'15/01/2019 12:41:18
;;;Zoning;6807323;'20200219142313;W03-C-Antwerpen-West-FH07;6807323;'20200219142313;W03-C-Antwerpen-West-FH07;19084;FTTH-Cu;;';';;;;;;;710479;'20190604080303;48914;'1630000;'33270;Vrijdagmarkt;'12;';2000;Antwerpen;;'152108,442;'212017,171;';Y;NA;4;12;Unknown;Unknown;;None;;;';;';;Y;;;;'15/01/2019 12:41:18;3;1638017;;LU;1;';';';';';Y;#A3.4/A-3/;APPART;DEEL_APP_GEBOUW - PARTIE_IMMEUBLE_APP;APPART;;;';;';;Y;;;;'15/01/2019 12:41:18
;;;Zoning;6807323;'20200219142313;W03-C-Antwerpen-West-FH07;6807323;'20200219142313;W03-C-Antwerpen-West-FH07;19084;FTTH-Cu;;';';;;;;;;710479;'20190604080303;48914;'1630000;'33270;Vrijdagmarkt;'12;';2000;Antwerpen;;'152108,442;'212017,171;';Y;NA;4;12;Unknown;Unknown;;None;;;';;';;Y;;;;'15/01/2019 12:41:18;4;1638456;;BU;1;';';';';';Y;#HA.GV/A-0/K;APPART;DEEL_APP_GEBOUW - PARTIE_IMMEUBLE_APP;COMM;;;';;';;Y;;;;'15/01/2019 12:41:18
;;;Zoning;6807323;'20200219142313;W03-C-Antwerpen-West-FH07;6807323;'20200219142313;W03-C-Antwerpen-West-FH07;19084;FTTH-Cu;;';';;;;;;;684046;'20191016135759;2062213;'1630000;'33270;Vrijdagmarkt;'13;';2000;Antwerpen;;'152103,986;'212021,003;';Y;NA;4;12;Unknown;Unknown;;None;;;';;';;Y;;;;'15/01/2019 12:41:18;1;1645434;;LU;1;';';';';';Y;#A1/;APPART;DEEL_APP_GEBOUW - PARTIE_IMMEUBLE_APP;APPART;;;';;';;Y;;;;'15/01/2019 12:41:18
;;;Zoning;6807323;'20200219142313;W03-C-Antwerpen-West-FH07;6807323;'20200219142313;W03-C-Antwerpen-West-FH07;19084;FTTH-Cu;;';';;;;;;;684046;'20191016135759;2062213;'1630000;'33270;Vrijdagmarkt;'13;';2000;Antwerpen;;'152103,986;'212021,003;';Y;NA;4;12;Unknown;Unknown;;None;;;';;';;Y;;;;'15/01/2019 12:41:18;4;1646409;;BU;1;';';';';';Y;#HA.GV/K;APPART;DEEL_APP_GEBOUW - PARTIE_IMMEUBLE_APP;COMM;;;';;';;Y;;;;'15/01/2019 12:41:18
;;;Zoning;6807323;'20200219142313;W03-C-Antwerpen-West-FH07;6807323;'20200219142313;W03-C-Antwerpen-West-FH07;19084;FTTH-Cu;;';';;;;;;;684047;'20191016135800;2062214;'1630000;'33270;Vrijdagmarkt;'14;';2000;Antwerpen;;'152099,247;'212022,204;';Y;NA;4;12;Unknown;Unknown;;None;;;';;';;Y;;;;'15/01/2019 12:41:18;1;1655052;;BU;1;';';';';';Y;;COMM;HANDELSZAAK - COMMERCE;NA;;;';;';;Y;;;;'15/01/2019 12:41:18
;;;Zoning;6807323;'20200219142313;W03-C-Antwerpen-West-FH07;6807323;'20200219142313;W03-C-Antwerpen-West-FH07;19084;FTTH-Cu;;';';;;;;;;684047;'20191016135800;2062214;'1630000;'33270;Vrijdagmarkt;'14;';2000;Antwerpen;;'152099,247;'212022,204;';Y;NA;4;12;Unknown;Unknown;;None;;;';;';;Y;;;;'15/01/2019 12:41:18;2;1655053;;LU;1;';';';';';Y;;COMM;HANDELSZAAK - COMMERCE;NA;;;';;';;Y;;;;'15/01/2019 12:41:18
;;;Zoning;6807323;'20200219142313;W03-C-Antwerpen-West-FH07;6807323;'20200219142313;W03-C-Antwerpen-West-FH07;19084;FTTH-Cu;;';';;;;;;;684047;'20191016135800;2062214;'1630000;'33270;Vrijdagmarkt;'14;';2000;Antwerpen;;'152099,247;'212022,204;';Y;NA;4;12;Unknown;Unknown;;None;;;';;';;Y;;;;'15/01/2019 12:41:18;3;1655054;;LU;1;';';';';';Y;;COMM;HANDELSZAAK - COMMERCE;NA;;;';;';;Y;;;;'15/01/2019 12:41:18
;;;Zoning;6807323;'20200219142313;W03-C-Antwerpen-West-FH07;6807323;'20200219142313;W03-C-Antwerpen-West-FH07;19084;FTTH-Cu;;';';;;;;;;684047;'20191016135800;2062214;'1630000;'33270;Vrijdagmarkt;'14;';2000;Antwerpen;;'152099,247;'212022,204;';Y;NA;4;12;Unknown;Unknown;;None;;;';;';;Y;;;;'15/01/2019 12:41:18;4;11087055;;LU;1;';';';';';;;;;;;;';;';;Y;;;;'15/01/2019 12:41:18
;;;Zoning;6807323;'20200219142313;W03-C-Antwerpen-West-FH07;6807323;'20200219142313;W03-C-Antwerpen-West-FH07;19084;FTTH-Cu;;';';;;;;;;691361;'20191016135800;3928606;'1630000;'33270;Vrijdagmarkt;'15;';2000;Antwerpen;;'152093,812;'212023,658;';Y;NA;4;12;Unknown;Unknown;;None;;;';;';;Y;;;;'15/01/2019 12:41:18;1;1659710;;LU;1;';';';';';Y;#A1/1/;APPART;DEEL_APP_GEBOUW - PARTIE_IMMEUBLE_APP;APPART;;;';;';;Y;;;;'15/01/2019 12:41:18
;;;Zoning;6807323;'20200219142313;W03-C-Antwerpen-West-FH07;6807323;'20200219142313;W03-C-Antwerpen-West-FH07;19084;FTTH-Cu;;';';;;;;;;691361;'20191016135800;3928606;'1630000;'33270;Vrijdagmarkt;'15;';2000;Antwerpen;;'152093,812;'212023,658;';Y;NA;4;12;Unknown;Unknown;;None;;;';;';;Y;;;;'15/01/2019 12:41:18;2;1659728;;LU;1;';';';';';Y;#A1/2/;APPART;DEEL_APP_GEBOUW - PARTIE_IMMEUBLE_APP;APPART;;;';;';;Y;;;;'15/01/2019 12:41:18
;;;Zoning;6807323;'20200219142313;W03-C-Antwerpen-West-FH07;6807323;'20200219142313;W03-C-Antwerpen-West-FH07;19084;FTTH-Cu;;';';;;;;;;691361;'20191016135800;3928606;'1630000;'33270;Vrijdagmarkt;'15;';2000;Antwerpen;;'152093,812;'212023,658;';Y;NA;4;12;Unknown;Unknown;;None;;;';;';;Y;;;;'15/01/2019 12:41:18;3;1659947;;LU;1;';';';';';Y;#A2/3/;APPART;DEEL_APP_GEBOUW - PARTIE_IMMEUBLE_APP;APPART;;;';;';;Y;;;;'15/01/2019 12:41:18
;;;Zoning;6807323;'20200219142313;W03-C-Antwerpen-West-FH07;6807323;'20200219142313;W03-C-Antwerpen-West-FH07;19084;FTTH-Cu;;';';;;;;;;691361;'20191016135800;3928606;'1630000;'33270;Vrijdagmarkt;'15;';2000;Antwerpen;;'152093,812;'212023,658;';Y;NA;4;12;Unknown;Unknown;;None;;;';;';;Y;;;;'15/01/2019 12:41:18;4;1659952;;LU;1;';';';';';Y;#A2/4/;APPART;DEEL_APP_GEBOUW - PARTIE_IMMEUBLE_APP;APPART;;;';;';;Y;;;;'15/01/2019 12:41:18
;;;Zoning;6807323;'20200219142313;W03-C-Antwerpen-West-FH07;6807323;'20200219142313;W03-C-Antwerpen-West-FH07;19084;FTTH-Cu;;';';;;;;;;691361;'20191016135800;3928606;'1630000;'33270;Vrijdagmarkt;'15;';2000;Antwerpen;;'152093,812;'212023,658;';Y;NA;4;12;Unknown;Unknown;;None;;;';;';;Y;;;;'15/01/2019 12:41:18;5;1660143;;LU;1;';';';';';Y;#A3/5/;APPART;DEEL_APP_GEBOUW - PARTIE_IMMEUBLE_APP;APPART;;;';;';;Y;;;;'15/01/2019 12:41:18
;;;Zoning;6807323;'20200219142313;W03-C-Antwerpen-West-FH07;6807323;'20200219142313;W03-C-Antwerpen-West-FH07;19084;FTTH-Cu;;';';;;;;;;691361;'20191016135800;3928606;'1630000;'33270;Vrijdagmarkt;'15;';2000;Antwerpen;;'152093,812;'212023,658;';Y;NA;4;12;Unknown;Unknown;;None;;;';;';;Y;;;;'15/01/2019 12:41:18;6;1660145;;LU;1;';';';';';Y;#A3/6/;APPART;DEEL_APP_GEBOUW - PARTIE_IMMEUBLE_APP;APPART;;;';;';;Y;;;;'15/01/2019 12:41:18
;;;Zoning;6807323;'20200219142313;W03-C-Antwerpen-West-FH07;6807323;'20200219142313;W03-C-Antwerpen-West-FH07;19084;FTTH-Cu;;';';;;;;;;691361;'20191016135800;3928606;'1630000;'33270;Vrijdagmarkt;'15;';2000;Antwerpen;;'152093,812;'212023,658;';Y;NA;4;12;Unknown;Unknown;;None;;;';;';;Y;;;;'15/01/2019 12:41:18;7;1660517;;BU;1;';';';';';Y;#HA.GV/L/;APPART;DEEL_APP_GEBOUW - PARTIE_IMMEUBLE_APP;COMM;;;';;';;Y;;;;'15/01/2019 12:41:18
;;;Zoning;6807323;'20200219142313;W03-C-Antwerpen-West-FH07;6807323;'20200219142313;W03-C-Antwerpen-West-FH07;19084;FTTH-Cu;;';';;;;;;;11377836;'20191016135800;2062216;'1630000;'33270;Vrijdagmarkt;'16;';2000;Antwerpen;;'152090,147;'212024,795;';Y;NA;1;3;Unknown;Unknown;;None;;;';;';;Y;;;;'15/01/2019 12:41:18;1;11086042;;BU;1;';';';';';;;;;;;;';;';;Y;;;;'15/01/2019 12:41:18
;;;Zoning;6807323;'20200219142313;W03-C-Antwerpen-West-FH07;6807323;'20200219142313;W03-C-Antwerpen-West-FH07;19084;FTTH-Cu;;';';;;;;;;684048;'20191016135800;2062217;'1630000;'33270;Vrijdagmarkt;'17;';2000;Antwerpen;;'152085,471;'212025,68;';Y;NA;4;12;Unknown;Unknown;;None;;;';;';;Y;;;;'15/01/2019 12:41:18;1;1674513;;BU;1;';';';';';Y;;COMM;HANDELSZAAK - COMMERCE;NA;;;';;';;Y;;;;'15/01/2019 12:41:18
;;;Zoning;6807323;'20200219142313;W03-C-Antwerpen-West-FH07;6807323;'20200219142313;W03-C-Antwerpen-West-FH07;19084;FTTH-Cu;;';';;;;;;;684048;'20191016135800;2062217;'1630000;'33270;Vrijdagmarkt;'17;';2000;Antwerpen;;'152085,471;'212025,68;';Y;NA;4;12;Unknown;Unknown;;None;;;';;';;Y;;;;'15/01/2019 12:41:18;2;1674514;;LU;1;';';';';';Y;;COMM;HANDELSZAAK - COMMERCE;NA;;;';;';;Y;;;;'15/01/2019 12:41:18
;;;Zoning;6807323;'20200219142313;W03-C-Antwerpen-West-FH07;6807323;'20200219142313;W03-C-Antwerpen-West-FH07;19084;FTTH-Cu;;';';;;;;;;684048;'20191016135800;2062217;'1630000;'33270;Vrijdagmarkt;'17;';2000;Antwerpen;;'152085,471;'212025,68;';Y;NA;4;12;Unknown;Unknown;;None;;;';;';;Y;;;;'15/01/2019 12:41:18;3;1674515;;LU;1;';';';';';Y;;COMM;HANDELSZAAK - COMMERCE;NA;;;';;';;Y;;;;'15/01/2019 12:41:18
;;;Zoning;6807323;'20200219142313;W03-C-Antwerpen-West-FH07;6807323;'20200219142313;W03-C-Antwerpen-West-FH07;19084;FTTH-Cu;;';';;;;;;;684048;'20191016135800;2062217;'1630000;'33270;Vrijdagmarkt;'17;';2000;Antwerpen;;'152085,471;'212025,68;';Y;NA;4;12;Unknown;Unknown;;None;;;';;';;Y;;;;'15/01/2019 12:41:18;4;11087056;;LU;1;';';';';';;;;;;;;';;';;Y;;;;'15/01/2019 12:41:18
;;;Zoning;6807323;'20200219142313;W03-C-Antwerpen-West-FH07;6807323;'20200219142313;W03-C-Antwerpen-West-FH07;19084;FTTH-Cu;;';';;;;;;;684049;'20191016135800;2062218;'1630000;'33270;Vrijdagmarkt;'18;';2000;Antwerpen;;'152080,478;'212027,133;';Y;NA;4;12;Unknown;Unknown;;None;;;';;';;Y;;;;'15/01/2019 12:41:18;1;1680051;;BU;1;';';';';';Y;;COMM;HANDELSZAAK - COMMERCE;NA;;;';;';;Y;;;;'15/01/2019 12:41:18
;;;Zoning;6807323;'20200219142313;W03-C-Antwerpen-West-FH07;6807323;'20200219142313;W03-C-Antwerpen-West-FH07;19084;FTTH-Cu;;';';;;;;;;684049;'20191016135800;2062218;'1630000;'33270;Vrijdagmarkt;'18;';2000;Antwerpen;;'152080,478;'212027,133;';Y;NA;4;12;Unknown;Unknown;;None;;;';;';;Y;;;;'15/01/2019 12:41:18;2;11087057;;LU;1;';';';';';;;;;;;;';;';;Y;;;;'15/01/2019 12:41:18
;;;Zoning;6807323;'20200219142313;W03-C-Antwerpen-West-FH07;6807323;'20200219142313;W03-C-Antwerpen-West-FH07;19084;FTTH-Cu;;';';;;;;;;684049;'20191016135800;2062218;'1630000;'33270;Vrijdagmarkt;'18;';2000;Antwerpen;;'152080,478;'212027,133;';Y;NA;4;12;Unknown;Unknown;;None;;;';;';;Y;;;;'15/01/2019 12:41:18;3;11087058;;LU;1;';';';';';;;;;;;;';;';;Y;;;;'15/01/2019 12:41:18
;;;Zoning;6807323;'20200219142313;W03-C-Antwerpen-West-FH07;6807323;'20200219142313;W03-C-Antwerpen-West-FH07;19084;FTTH-Cu;;';';;;;;;;684049;'20191016135800;2062218;'1630000;'33270;Vrijdagmarkt;'18;';2000;Antwerpen;;'152080,478;'212027,133;';Y;NA;4;12;Unknown;Unknown;;None;;;';;';;Y;;;;'15/01/2019 12:41:18;4;11087059;;LU;1;';';';';';;;;;;;;';;';;Y;;;;'15/01/2019 12:41:18
;;;Zoning;6807323;'20200219142313;W03-C-Antwerpen-West-FH07;6807323;'20200219142313;W03-C-Antwerpen-West-FH07;19084;FTTH-Cu;;';';;;;;;;684050;'20191016135800;2062219;'1630000;'33270;Vrijdagmarkt;'19;';2000;Antwerpen;;'152075,227;'212028,398;';Y;NA;4;12;Unknown;Unknown;;None;;;';;';;Y;;;;'15/01/2019 12:41:18;1;1685724;;BU;1;';';';';';Y;;COMM;HANDELSZAAK - COMMERCE;NA;;;';;';;Y;;;;'15/01/2019 12:41:18
;;;Zoning;6807323;'20200219142313;W03-C-Antwerpen-West-FH07;6807323;'20200219142313;W03-C-Antwerpen-West-FH07;19084;FTTH-Cu;;';';;;;;;;684050;'20191016135800;2062219;'1630000;'33270;Vrijdagmarkt;'19;';2000;Antwerpen;;'152075,227;'212028,398;';Y;NA;4;12;Unknown;Unknown;;None;;;';;';;Y;;;;'15/01/2019 12:41:18;2;1685725;;LU;1;';';';';';Y;;COMM;HANDELSZAAK - COMMERCE;NA;;;';;';;Y;;;;'15/01/2019 12:41:18
;;;Zoning;6807323;'20200219142313;W03-C-Antwerpen-West-FH07;6807323;'20200219142313;W03-C-Antwerpen-West-FH07;19084;FTTH-Cu;;';';;;;;;;684050;'20191016135800;2062219;'1630000;'33270;Vrijdagmarkt;'19;';2000;Antwerpen;;'152075,227;'212028,398;';Y;NA;4;12;Unknown;Unknown;;None;;;';;';;Y;;;;'15/01/2019 12:41:18;3;1685726;;LU;1;';';';';';Y;;COMM;HANDELSZAAK - COMMERCE;NA;;;';;';;Y;;;;'15/01/2019 12:41:18
;;;Zoning;6807323;'20200219142313;W03-C-Antwerpen-West-FH07;6807323;'20200219142313;W03-C-Antwerpen-West-FH07;19084;FTTH-Cu;;';';;;;;;;684050;'20191016135800;2062219;'1630000;'33270;Vrijdagmarkt;'19;';2000;Antwerpen;;'152075,227;'212028,398;';Y;NA;4;12;Unknown;Unknown;;None;;;';;';;Y;;;;'15/01/2019 12:41:18;4;11087060;;LU;1;';';';';';;;;;;;;';;';;Y;;;;'15/01/2019 12:41:18
;;;Zoning;6807323;'20200219142313;W03-C-Antwerpen-West-FH07;6807323;'20200219142313;W03-C-Antwerpen-West-FH07;19084;FTTH-Cu;;';';;;;;;;710478;'20190604080303;48913;'1630000;'33270;Vrijdagmarkt;'21;';2000;Antwerpen;;'152064,312;'212021,757;';Y;NA;5;15;Unknown;Unknown;;None;;;';;';;Y;;;;'15/01/2019 12:41:18;1;1703850;;BU;1;';';';';';Y;;COMM;HANDELSZAAK - COMMERCE;NA;;;';;';;Y;;;;'15/01/2019 12:41:18
;;;Zoning;6807323;'20200219142313;W03-C-Antwerpen-West-FH07;6807323;'20200219142313;W03-C-Antwerpen-West-FH07;19084;FTTH-Cu;;';';;;;;;;710478;'20190604080303;48913;'1630000;'33270;Vrijdagmarkt;'21;';2000;Antwerpen;;'152064,312;'212021,757;';Y;NA;5;15;Unknown;Unknown;;None;;;';;';;Y;;;;'15/01/2019 12:41:18;2;11087061;;LU;1;';';';';';;;;;;;;';;';;Y;;;;'15/01/2019 12:41:18
;;;Zoning;6807323;'20200219142313;W03-C-Antwerpen-West-FH07;6807323;'20200219142313;W03-C-Antwerpen-West-FH07;19084;FTTH-Cu;;';';;;;;;;710478;'20190604080303;48913;'1630000;'33270;Vrijdagmarkt;'21;';2000;Antwerpen;;'152064,312;'212021,757;';Y;NA;5;15;Unknown;Unknown;;None;;;';;';;Y;;;;'15/01/2019 12:41:18;3;11087062;;LU;1;';';';';';;;;;;;;';;';;Y;;;;'15/01/2019 12:41:18
;;;Zoning;6807323;'20200219142313;W03-C-Antwerpen-West-FH07;6807323;'20200219142313;W03-C-Antwerpen-West-FH07;19084;FTTH-Cu;;';';;;;;;;710478;'20190604080303;48913;'1630000;'33270;Vrijdagmarkt;'21;';2000;Antwerpen;;'152064,312;'212021,757;';Y;NA;5;15;Unknown;Unknown;;None;;;';;';;Y;;;;'15/01/2019 12:41:18;4;11087063;;LU;1;';';';';';;;;;;;;';;';;Y;;;;'15/01/2019 12:41:18
;;;Zoning;6807323;'20200219142313;W03-C-Antwerpen-West-FH07;6807323;'20200219142313;W03-C-Antwerpen-West-FH07;19084;FTTH-Cu;;';';;;;;;;684051;'20190712080926;2062220;'1630000;'33270;Vrijdagmarkt;'22;';2000;Antwerpen;;'152051,016;'212058,698;';N;MON;4;0;Unknown;Unknown;;None;;;';IFH_BATCH;'12/07/2019 07:40:35;;Y;;;;'12/07/2019 07:28:35;1;1708430;;BU;1;';';';';';Y;;CULT;CULTUREEL GEBOUW - BATIMENT CULTURELLE;NA;;;';;';;Y;;;;'12/07/2019 07:28:35
;;;Zoning;6807323;'20200219142313;W03-C-Antwerpen-West-FH07;6807323;'20200219142313;W03-C-Antwerpen-West-FH07;19084;FTTH-Cu;;';';;;;;;;13471478;'20190712080937;5394002;'1630000;'44874;Vrijdagmarktstraatje;'2;';2000;Antwerpen;;'152050;'212028;';N;IRREG;3;0;Unknown;Unknown;;None;;;';SSV_IMPORT;'12/07/2019 07:29:48;;Y;;;;'12/07/2019 07:28:35;1;11142732;;BU;1;';';';';';;;;;;;;';SSV_IMPORT;'12/07/2019 07:29:49;;Y;;;;'12/07/2019 07:28:35
;;;Zoning;6807323;'20200219142313;W03-C-Antwerpen-West-FH07;6807323;'20200219142313;W03-C-Antwerpen-West-FH07;19084;FTTH-Cu;;';';;;;;;;11378766;'20190604080303;3928766;'1630000;'44874;Vrijdagmarktstraatje;'3;';2000;Antwerpen;;'152058,267;'212015,338;';N;ORN;3;9;Unknown;Unknown;;None;;;';;';;Y;;;;'15/01/2019 12:41:18;1;11086236;;LU;1;';';';';';;;;;;;;';;';;Y;;;;'15/01/2019 12:41:18
;;;Zoning;6807323;'20200219142313;W03-C-Antwerpen-West-FH07;6807323;'20200219142313;W03-C-Antwerpen-West-FH07;19084;FTTH-Cu;;';';;;;;;;11378766;'20190604080303;3928766;'1630000;'44874;Vrijdagmarktstraatje;'3;';2000;Antwerpen;;'152058,267;'212015,338;';N;ORN;3;9;Unknown;Unknown;;None;;;';;';;Y;;;;'15/01/2019 12:41:18;2;11086237;;LU;1;';';';';';;;;;;;;';;';;Y;;;;'15/01/2019 12:41:18
;;;Zoning;6807323;'20200219142313;W03-C-Antwerpen-West-FH07;6807323;'20200219142313;W03-C-Antwerpen-West-FH07;19084;FTTH-Cu;;';';;;;;;;11378766;'20190604080303;3928766;'1630000;'44874;Vrijdagmarktstraatje;'3;';2000;Antwerpen;;'152058,267;'212015,338;';N;ORN;3;9;Unknown;Unknown;;None;;;';;';;Y;;;;'15/01/2019 12:41:18;3;11086238;;LU;1;';';';';';;;;;;;;';;';;Y;;;;'15/01/2019 12:41:18
;;;Zoning;6807323;'20200219142313;W03-C-Antwerpen-West-FH07;6807323;'20200219142313;W03-C-Antwerpen-West-FH07;19084;FTTH-Cu;;';';;;;;;;710786;'20191021155852;5363285;'1630000;'33424;Waaistraat;'1;';2000;Antwerpen;;'152013,9;'211852,476;';N;MON;1;0;Unknown;Unknown;;None;;;';IFH_BATCH;'12/07/2019 07:40:37;;Y;;;;'12/07/2019 07:28:35;1;1615181;;BU;1;';';';';';Y;;RELIG;RELIGIEUS GEBOUW - BATIMENT RELIGIEUSE;NA;;;';;';;Y;;;;'12/07/2019 07:28:35
;;;Zoning;6807323;'20200219142313;W03-C-Antwerpen-West-FH07;6807323;'20200219142313;W03-C-Antwerpen-West-FH07;19084;FTTH-Cu;;';';;;;;;;11378647;'20191018101557;718875;'1630000;'33424;Waaistraat;'2;';2000;Antwerpen;;'151991,342;'211840,711;';N;ORN;4;0;Unknown;Unknown;;None;;;';IFH_BATCH;'12/07/2019 07:40:40;;Y;;;;'12/07/2019 07:28:35;1;11086201;;LU;1;';';';';';;;;;;;;';;';;Y;;;;'12/07/2019 07:28:35
;;;Zoning;6807323;'20200219142313;W03-C-Antwerpen-West-FH07;6807323;'20200219142313;W03-C-Antwerpen-West-FH07;19084;FTTH-Cu;11382480;'20191021143735;'Willem lepel 5-7;;;;;;;726220;'20191021143715;976541;'1630000;'18587;Willem Lepelstraat;'5;';2000;Antwerpen;;'151816,872;'211493,176;';N;IRREG;5;15;Unknown;Unknown;;None;;;';;';;Y;;;;'15/01/2019 12:41:18;1;1802984;;LU;1;';';';';';Y;;APTBLD;APPARTEMENTSGEBOUW - IMMEUBLE A APPARTEMENTS;NA;;;';;';;Y;;;;'15/01/2019 12:41:18
;;;Zoning;6807323;'20200219142313;W03-C-Antwerpen-West-FH07;6807323;'20200219142313;W03-C-Antwerpen-West-FH07;19084;FTTH-Cu;11382480;'20191021143735;'Willem lepel 5-7;;;;;;;726220;'20191021143715;976541;'1630000;'18587;Willem Lepelstraat;'5;';2000;Antwerpen;;'151816,872;'211493,176;';N;IRREG;5;15;Unknown;Unknown;;None;;;';;';;Y;;;;'15/01/2019 12:41:18;2;1802985;;LU;1;';';';';';Y;;APTBLD;APPARTEMENTSGEBOUW - IMMEUBLE A APPARTEMENTS;NA;;;';;';;Y;;;;'15/01/2019 12:41:18
;;;Zoning;6807323;'20200219142313;W03-C-Antwerpen-West-FH07;6807323;'20200219142313;W03-C-Antwerpen-West-FH07;19084;FTTH-Cu;11382480;'20191021143735;'Willem lepel 5-7;;;;;;;726220;'20191021143715;976541;'1630000;'18587;Willem Lepelstraat;'5;';2000;Antwerpen;;'151816,872;'211493,176;';N;IRREG;5;15;Unknown;Unknown;;None;;;';;';;Y;;;;'15/01/2019 12:41:18;3;1802986;;LU;1;';';';';';Y;;APTBLD;APPARTEMENTSGEBOUW - IMMEUBLE A APPARTEMENTS;NA;;;';;';;Y;;;;'15/01/2019 12:41:18
;;;Zoning;6807323;'20200219142313;W03-C-Antwerpen-West-FH07;6807323;'20200219142313;W03-C-Antwerpen-West-FH07;19084;FTTH-Cu;11382480;'20191021143735;'Willem lepel 5-7;;;;;;;726220;'20191021143715;976541;'1630000;'18587;Willem Lepelstraat;'5;';2000;Antwerpen;;'151816,872;'211493,176;';N;IRREG;5;15;Unknown;Unknown;;None;;;';;';;Y;;;;'15/01/2019 12:41:18;4;1802987;;LU;1;';';';';';Y;;APTBLD;APPARTEMENTSGEBOUW - IMMEUBLE A APPARTEMENTS;NA;;;';;';;Y;;;;'15/01/2019 12:41:18
;;;Zoning;6807323;'20200219142313;W03-C-Antwerpen-West-FH07;6807323;'20200219142313;W03-C-Antwerpen-West-FH07;19084;FTTH-Cu;11382480;'20191021143735;'Willem lepel 5-7;;;;;;;726220;'20191021143715;976541;'1630000;'18587;Willem Lepelstraat;'5;';2000;Antwerpen;;'151816,872;'211493,176;';N;IRREG;5;15;Unknown;Unknown;;None;;;';;';;Y;;;;'15/01/2019 12:41:18;5;1802988;;LU;1;';';';';';Y;;APTBLD;APPARTEMENTSGEBOUW - IMMEUBLE A APPARTEMENTS;NA;;;';;';;Y;;;;'15/01/2019 12:41:18
;;;Zoning;6807323;'20200219142313;W03-C-Antwerpen-West-FH07;6807323;'20200219142313;W03-C-Antwerpen-West-FH07;19084;FTTH-Cu;11382480;'20191021143735;'Willem lepel 5-7;;;;;;;726220;'20191021143715;976541;'1630000;'18587;Willem Lepelstraat;'5;';2000;Antwerpen;;'151816,872;'211493,176;';N;IRREG;5;15;Unknown;Unknown;;None;;;';;';;Y;;;;'15/01/2019 12:41:18;6;1802989;;LU;1;';';';';';Y;;APTBLD;APPARTEMENTSGEBOUW - IMMEUBLE A APPARTEMENTS;NA;;;';;';;Y;;;;'15/01/2019 12:41:18
;;;Zoning;6807323;'20200219142313;W03-C-Antwerpen-West-FH07;6807323;'20200219142313;W03-C-Antwerpen-West-FH07;19084;FTTH-Cu;11382480;'20191021143735;'Willem lepel 5-7;;;;;;;726220;'20191021143715;976541;'1630000;'18587;Willem Lepelstraat;'5;';2000;Antwerpen;;'151816,872;'211493,176;';N;IRREG;5;15;Unknown;Unknown;;None;;;';;';;Y;;;;'15/01/2019 12:41:18;7;1802990;;LU;1;';';';';';Y;;APTBLD;APPARTEMENTSGEBOUW - IMMEUBLE A APPARTEMENTS;NA;;;';;';;Y;;;;'15/01/2019 12:41:18
;;;Zoning;6807323;'20200219142313;W03-C-Antwerpen-West-FH07;6807323;'20200219142313;W03-C-Antwerpen-West-FH07;19084;FTTH-Cu;11382480;'20191021143735;'Willem lepel 5-7;;;;;;;726220;'20191021143715;976541;'1630000;'18587;Willem Lepelstraat;'5;';2000;Antwerpen;;'151816,872;'211493,176;';N;IRREG;5;15;Unknown;Unknown;;None;;;';;';;Y;;;;'15/01/2019 12:41:18;8;1802991;;LU;1;';';';';';Y;;APTBLD;APPARTEMENTSGEBOUW - IMMEUBLE A APPARTEMENTS;NA;;;';;';;Y;;;;'15/01/2019 12:41:18
;;;Zoning;6807323;'20200219142313;W03-C-Antwerpen-West-FH07;6807323;'20200219142313;W03-C-Antwerpen-West-FH07;19084;FTTH-Cu;11382480;'20191021143735;'Willem lepel 5-7;;;;;;;726220;'20191021143715;976541;'1630000;'18587;Willem Lepelstraat;'5;';2000;Antwerpen;;'151816,872;'211493,176;';N;IRREG;5;15;Unknown;Unknown;;None;;;';;';;Y;;;;'15/01/2019 12:41:18;9;1802992;;LU;1;';';';';';Y;;APTBLD;APPARTEMENTSGEBOUW - IMMEUBLE A APPARTEMENTS;NA;;;';;';;Y;;;;'15/01/2019 12:41:18
;;;Zoning;6807323;'20200219142313;W03-C-Antwerpen-West-FH07;6807323;'20200219142313;W03-C-Antwerpen-West-FH07;19084;FTTH-Cu;11382480;'20191021143735;'Willem lepel 5-7;;;;;;;726220;'20191021143715;976541;'1630000;'18587;Willem Lepelstraat;'5;';2000;Antwerpen;;'151816,872;'211493,176;';N;IRREG;5;15;Unknown;Unknown;;None;;;';;';;Y;;;;'15/01/2019 12:41:18;10;1802993;;LU;1;';';';';';Y;;APTBLD;APPARTEMENTSGEBOUW - IMMEUBLE A APPARTEMENTS;NA;;;';;';;Y;;;;'15/01/2019 12:41:18
;;;Zoning;6807323;'20200219142313;W03-C-Antwerpen-West-FH07;6807323;'20200219142313;W03-C-Antwerpen-West-FH07;19084;FTTH-Cu;;';';;;;;;;693313;'20191021150518;4082476;'1630000;'18587;Willem Lepelstraat;'6;';2000;Antwerpen;;'151796,104;'211468,083;';N;ORN;4;12;Unknown;Unknown;;None;;;';;';;Y;;;;'15/01/2019 12:41:18;1;1820764;;LU;1;';';';';';Y;#A.GV/1/;APPART;DEEL_APP_GEBOUW - PARTIE_IMMEUBLE_APP;APPART;;;';;';;Y;;;;'15/01/2019 12:41:18
;;;Zoning;6807323;'20200219142313;W03-C-Antwerpen-West-FH07;6807323;'20200219142313;W03-C-Antwerpen-West-FH07;19084;FTTH-Cu;;';';;;;;;;693313;'20191021150518;4082476;'1630000;'18587;Willem Lepelstraat;'6;';2000;Antwerpen;;'151796,104;'211468,083;';N;ORN;4;12;Unknown;Unknown;;None;;;';;';;Y;;;;'15/01/2019 12:41:18;2;1820769;;LU;1;';';';';';Y;#A.GV/2/;APPART;DEEL_APP_GEBOUW - PARTIE_IMMEUBLE_APP;APPART;;;';;';;Y;;;;'15/01/2019 12:41:18
;;;Zoning;6807323;'20200219142313;W03-C-Antwerpen-West-FH07;6807323;'20200219142313;W03-C-Antwerpen-West-FH07;19084;FTTH-Cu;;';';;;;;;;693313;'20191021150518;4082476;'1630000;'18587;Willem Lepelstraat;'6;';2000;Antwerpen;;'151796,104;'211468,083;';N;ORN;4;12;Unknown;Unknown;;None;;;';;';;Y;;;;'15/01/2019 12:41:18;3;1820974;;LU;1;';';';';';Y;#A1/3/;APPART;DEEL_APP_GEBOUW - PARTIE_IMMEUBLE_APP;APPART;;;';;';;Y;;;;'15/01/2019 12:41:18
;;;Zoning;6807323;'20200219142313;W03-C-Antwerpen-West-FH07;6807323;'20200219142313;W03-C-Antwerpen-West-FH07;19084;FTTH-Cu;;';';;;;;;;693313;'20191021150518;4082476;'1630000;'18587;Willem Lepelstraat;'6;';2000;Antwerpen;;'151796,104;'211468,083;';N;ORN;4;12;Unknown;Unknown;;None;;;';;';;Y;;;;'15/01/2019 12:41:18;4;1820976;;LU;1;';';';';';Y;#A1/4/;APPART;DEEL_APP_GEBOUW - PARTIE_IMMEUBLE_APP;APPART;;;';;';;Y;;;;'15/01/2019 12:41:18
;;;Zoning;6807323;'20200219142313;W03-C-Antwerpen-West-FH07;6807323;'20200219142313;W03-C-Antwerpen-West-FH07;19084;FTTH-Cu;;';';;;;;;;693313;'20191021150518;4082476;'1630000;'18587;Willem Lepelstraat;'6;';2000;Antwerpen;;'151796,104;'211468,083;';N;ORN;4;12;Unknown;Unknown;;None;;;';;';;Y;;;;'15/01/2019 12:41:18;5;1821332;;LU;1;';';';';';Y;#A2/5/;APPART;DEEL_APP_GEBOUW - PARTIE_IMMEUBLE_APP;APPART;;;';;';;Y;;;;'15/01/2019 12:41:18
;;;Zoning;6807323;'20200219142313;W03-C-Antwerpen-West-FH07;6807323;'20200219142313;W03-C-Antwerpen-West-FH07;19084;FTTH-Cu;;';';;;;;;;693313;'20191021150518;4082476;'1630000;'18587;Willem Lepelstraat;'6;';2000;Antwerpen;;'151796,104;'211468,083;';N;ORN;4;12;Unknown;Unknown;;None;;;';;';;Y;;;;'15/01/2019 12:41:18;6;1821334;;LU;1;';';';';';Y;#A2/6/;APPART;DEEL_APP_GEBOUW - PARTIE_IMMEUBLE_APP;APPART;;;';;';;Y;;;;'15/01/2019 12:41:18
;;;Zoning;6807323;'20200219142313;W03-C-Antwerpen-West-FH07;6807323;'20200219142313;W03-C-Antwerpen-West-FH07;19084;FTTH-Cu;;';';;;;;;;693313;'20191021150518;4082476;'1630000;'18587;Willem Lepelstraat;'6;';2000;Antwerpen;;'151796,104;'211468,083;';N;ORN;4;12;Unknown;Unknown;;None;;;';;';;Y;;;;'15/01/2019 12:41:18;7;1821594;;LU;1;';';';';';Y;#A3.4/7/;APPART;DEEL_APP_GEBOUW - PARTIE_IMMEUBLE_APP;APPART;;;';;';;Y;;;;'15/01/2019 12:41:18
;;;Zoning;6807323;'20200219142313;W03-C-Antwerpen-West-FH07;6807323;'20200219142313;W03-C-Antwerpen-West-FH07;19084;FTTH-Cu;;';';;;;;;;693313;'20191021150518;4082476;'1630000;'18587;Willem Lepelstraat;'6;';2000;Antwerpen;;'151796,104;'211468,083;';N;ORN;4;12;Unknown;Unknown;;None;;;';;';;Y;;;;'15/01/2019 12:41:18;8;1821595;;LU;1;';';';';';Y;#A3.4/8/;APPART;DEEL_APP_GEBOUW - PARTIE_IMMEUBLE_APP;APPART;;;';;';;Y;;;;'15/01/2019 12:41:18
;;;Zoning;6807323;'20200219142313;W03-C-Antwerpen-West-FH07;6807323;'20200219142313;W03-C-Antwerpen-West-FH07;19084;FTTH-Cu;11382480;'20191021143735;'Willem lepel 5-7;;;;;;;11379214;'20191021143722;976542;'1630000;'18587;Willem Lepelstraat;'7;';2000;Antwerpen;;'151831,57;'211489,259;';N;IRREG;5;15;Unknown;Unknown;;None;;;';;';;Y;;;;'15/01/2019 12:41:18;1;11086403;;LU;1;';';';';';;;;;;;;';;';;Y;;;;'15/01/2019 12:41:18
;;;Zoning;6807323;'20200219142313;W03-C-Antwerpen-West-FH07;6807323;'20200219142313;W03-C-Antwerpen-West-FH07;19084;FTTH-Cu;11382480;'20191021143735;'Willem lepel 5-7;;;;;;;11379214;'20191021143722;976542;'1630000;'18587;Willem Lepelstraat;'7;';2000;Antwerpen;;'151831,57;'211489,259;';N;IRREG;5;15;Unknown;Unknown;;None;;;';;';;Y;;;;'15/01/2019 12:41:18;2;11086404;;LU;1;';';';';';;;;;;;;';;';;Y;;;;'15/01/2019 12:41:18
;;;Zoning;6807323;'20200219142313;W03-C-Antwerpen-West-FH07;6807323;'20200219142313;W03-C-Antwerpen-West-FH07;19084;FTTH-Cu;11382480;'20191021143735;'Willem lepel 5-7;;;;;;;11379214;'20191021143722;976542;'1630000;'18587;Willem Lepelstraat;'7;';2000;Antwerpen;;'151831,57;'211489,259;';N;IRREG;5;15;Unknown;Unknown;;None;;;';;';;Y;;;;'15/01/2019 12:41:18;3;11086405;;LU;1;';';';';';;;;;;;;';;';;Y;;;;'15/01/2019 12:41:18
;;;Zoning;6807323;'20200219142313;W03-C-Antwerpen-West-FH07;6807323;'20200219142313;W03-C-Antwerpen-West-FH07;19084;FTTH-Cu;11382480;'20191021143735;'Willem lepel 5-7;;;;;;;11379214;'20191021143722;976542;'1630000;'18587;Willem Lepelstraat;'7;';2000;Antwerpen;;'151831,57;'211489,259;';N;IRREG;5;15;Unknown;Unknown;;None;;;';;';;Y;;;;'15/01/2019 12:41:18;4;11086406;;LU;1;';';';';';;;;;;;;';;';;Y;;;;'15/01/2019 12:41:18
;;;Zoning;6807323;'20200219142313;W03-C-Antwerpen-West-FH07;6807323;'20200219142313;W03-C-Antwerpen-West-FH07;19084;FTTH-Cu;11382480;'20191021143735;'Willem lepel 5-7;;;;;;;11379214;'20191021143722;976542;'1630000;'18587;Willem Lepelstraat;'7;';2000;Antwerpen;;'151831,57;'211489,259;';N;IRREG;5;15;Unknown;Unknown;;None;;;';;';;Y;;;;'15/01/2019 12:41:18;5;11086407;;LU;1;';';';';';;;;;;;;';;';;Y;;;;'15/01/2019 12:41:18
;;;Zoning;6807323;'20200219142313;W03-C-Antwerpen-West-FH07;6807323;'20200219142313;W03-C-Antwerpen-West-FH07;19084;FTTH-Cu;11382480;'20191021143735;'Willem lepel 5-7;;;;;;;11379214;'20191021143722;976542;'1630000;'18587;Willem Lepelstraat;'7;';2000;Antwerpen;;'151831,57;'211489,259;';N;IRREG;5;15;Unknown;Unknown;;None;;;';;';;Y;;;;'15/01/2019 12:41:18;6;11086408;;LU;1;';';';';';;;;;;;;';;';;Y;;;;'15/01/2019 12:41:18
;;;Zoning;6807323;'20200219142313;W03-C-Antwerpen-West-FH07;6807323;'20200219142313;W03-C-Antwerpen-West-FH07;19084;FTTH-Cu;11382480;'20191021143735;'Willem lepel 5-7;;;;;;;11379214;'20191021143722;976542;'1630000;'18587;Willem Lepelstraat;'7;';2000;Antwerpen;;'151831,57;'211489,259;';N;IRREG;5;15;Unknown;Unknown;;None;;;';;';;Y;;;;'15/01/2019 12:41:18;7;11086409;;LU;1;';';';';';;;;;;;;';;';;Y;;;;'15/01/2019 12:41:18
;;;Zoning;6807323;'20200219142313;W03-C-Antwerpen-West-FH07;6807323;'20200219142313;W03-C-Antwerpen-West-FH07;19084;FTTH-Cu;11382480;'20191021143735;'Willem lepel 5-7;;;;;;;11379214;'20191021143722;976542;'1630000;'18587;Willem Lepelstraat;'7;';2000;Antwerpen;;'151831,57;'211489,259;';N;IRREG;5;15;Unknown;Unknown;;None;;;';;';;Y;;;;'15/01/2019 12:41:18;8;11086410;;LU;1;';';';';';;;;;;;;';;';;Y;;;;'15/01/2019 12:41:18
;;;Zoning;6807323;'20200219142313;W03-C-Antwerpen-West-FH07;6807323;'20200219142313;W03-C-Antwerpen-West-FH07;19084;FTTH-Cu;11382480;'20191021143735;'Willem lepel 5-7;;;;;;;11379214;'20191021143722;976542;'1630000;'18587;Willem Lepelstraat;'7;';2000;Antwerpen;;'151831,57;'211489,259;';N;IRREG;5;15;Unknown;Unknown;;None;;;';;';;Y;;;;'15/01/2019 12:41:18;9;11086411;;LU;1;';';';';';;;;;;;;';;';;Y;;;;'15/01/2019 12:41:18
;;;Zoning;6807323;'20200219142313;W03-C-Antwerpen-West-FH07;6807323;'20200219142313;W03-C-Antwerpen-West-FH07;19084;FTTH-Cu;11382480;'20191021143735;'Willem lepel 5-7;;;;;;;11379214;'20191021143722;976542;'1630000;'18587;Willem Lepelstraat;'7;';2000;Antwerpen;;'151831,57;'211489,259;';N;IRREG;5;15;Unknown;Unknown;;None;;;';;';;Y;;;;'15/01/2019 12:41:18;10;11086412;;LU;1;';';';';';;;;;;;;';;';;Y;;;;'15/01/2019 12:41:18
;;;Zoning;6807323;'20200219142313;W03-C-Antwerpen-West-FH07;6807323;'20200219142313;W03-C-Antwerpen-West-FH07;19084;FTTH-Cu;;';';;;;;;;658450;'20191021150618;1989044;'1630000;'18587;Willem Lepelstraat;'8;';2000;Antwerpen;;'151805,64;'211465,844;';N;ORN;4;12;Unknown;Unknown;;None;;;';;';;Y;;;;'15/01/2019 12:41:18;1;1855835;;LU;1;';';';';';Y;;HOUSE;WONING - MAISON;NA;;;';;';;Y;;;;'15/01/2019 12:41:18
;;;Zoning;6807323;'20200219142313;W03-C-Antwerpen-West-FH07;6807323;'20200219142313;W03-C-Antwerpen-West-FH07;19084;FTTH-Cu;;';';;;;;;;658450;'20191021150618;1989044;'1630000;'18587;Willem Lepelstraat;'8;';2000;Antwerpen;;'151805,64;'211465,844;';N;ORN;4;12;Unknown;Unknown;;None;;;';;';;Y;;;;'15/01/2019 12:41:18;2;1855836;;LU;1;';';';';';Y;;HOUSE;WONING - MAISON;NA;;;';;';;Y;;;;'15/01/2019 12:41:18
;;;Zoning;6807323;'20200219142313;W03-C-Antwerpen-West-FH07;6807323;'20200219142313;W03-C-Antwerpen-West-FH07;19084;FTTH-Cu;;';';;;;;;;658450;'20191021150618;1989044;'1630000;'18587;Willem Lepelstraat;'8;';2000;Antwerpen;;'151805,64;'211465,844;';N;ORN;4;12;Unknown;Unknown;;None;;;';;';;Y;;;;'15/01/2019 12:41:18;3;1855837;;LU;1;';';';';';Y;;HOUSE;WONING - MAISON;NA;;;';;';;Y;;;;'15/01/2019 12:41:18
;;;Zoning;6807323;'20200219142313;W03-C-Antwerpen-West-FH07;6807323;'20200219142313;W03-C-Antwerpen-West-FH07;19084;FTTH-Cu;;';';;;;;;;658450;'20191021150618;1989044;'1630000;'18587;Willem Lepelstraat;'8;';2000;Antwerpen;;'151805,64;'211465,844;';N;ORN;4;12;Unknown;Unknown;;None;;;';;';;Y;;;;'15/01/2019 12:41:18;4;1855838;;LU;1;';';';';';Y;;HOUSE;WONING - MAISON;NA;;;';;';;Y;;;;'15/01/2019 12:41:18
;;;Zoning;6807323;'20200219142313;W03-C-Antwerpen-West-FH07;6807323;'20200219142313;W03-C-Antwerpen-West-FH07;19084;FTTH-Cu;;';';;;;;;;658450;'20191021150618;1989044;'1630000;'18587;Willem Lepelstraat;'8;';2000;Antwerpen;;'151805,64;'211465,844;';N;ORN;4;12;Unknown;Unknown;;None;;;';;';;Y;;;;'15/01/2019 12:41:18;5;1855839;;LU;1;';';';';';Y;;HOUSE;WONING - MAISON;NA;;;';;';;Y;;;;'15/01/2019 12:41:18
;;;Zoning;6807323;'20200219142313;W03-C-Antwerpen-West-FH07;6807323;'20200219142313;W03-C-Antwerpen-West-FH07;19084;FTTH-Cu;;';';;;;;;;658450;'20191021150618;1989044;'1630000;'18587;Willem Lepelstraat;'8;';2000;Antwerpen;;'151805,64;'211465,844;';N;ORN;4;12;Unknown;Unknown;;None;;;';;';;Y;;;;'15/01/2019 12:41:18;6;1855840;;LU;1;';';';';';Y;;HOUSE;WONING - MAISON;NA;;;';;';;Y;;;;'15/01/2019 12:41:18
;;;Zoning;6807323;'20200219142313;W03-C-Antwerpen-West-FH07;6807323;'20200219142313;W03-C-Antwerpen-West-FH07;19084;FTTH-Cu;;';';;;;;;;726221;'20200113110023;976543;'1630000;'18587;Willem Lepelstraat;'9;';2000;Antwerpen;;'151857,203;'211489,706;';N;IRREG;6;18;Unknown;Unknown;;None;;;';;';;Y;;;;'15/01/2019 12:41:18;1;1867655;;LU;1;';';';';';Y;;APTBLD;APPARTEMENTSGEBOUW - IMMEUBLE A APPARTEMENTS;NA;;;';;';;Y;;;;'15/01/2019 12:41:18
;;;Zoning;6807323;'20200219142313;W03-C-Antwerpen-West-FH07;6807323;'20200219142313;W03-C-Antwerpen-West-FH07;19084;FTTH-Cu;;';';;;;;;;726221;'20200113110023;976543;'1630000;'18587;Willem Lepelstraat;'9;';2000;Antwerpen;;'151857,203;'211489,706;';N;IRREG;6;18;Unknown;Unknown;;None;;;';;';;Y;;;;'15/01/2019 12:41:18;2;1867656;;LU;1;';';';';';Y;;APTBLD;APPARTEMENTSGEBOUW - IMMEUBLE A APPARTEMENTS;NA;;;';;';;Y;;;;'15/01/2019 12:41:18
;;;Zoning;6807323;'20200219142313;W03-C-Antwerpen-West-FH07;6807323;'20200219142313;W03-C-Antwerpen-West-FH07;19084;FTTH-Cu;;';';;;;;;;726221;'20200113110023;976543;'1630000;'18587;Willem Lepelstraat;'9;';2000;Antwerpen;;'151857,203;'211489,706;';N;IRREG;6;18;Unknown;Unknown;;None;;;';;';;Y;;;;'15/01/2019 12:41:18;3;1867657;;LU;1;';';';';';Y;;APTBLD;APPARTEMENTSGEBOUW - IMMEUBLE A APPARTEMENTS;NA;;;';;';;Y;;;;'15/01/2019 12:41:18
;;;Zoning;6807323;'20200219142313;W03-C-Antwerpen-West-FH07;6807323;'20200219142313;W03-C-Antwerpen-West-FH07;19084;FTTH-Cu;;';';;;;;;;726221;'20200113110023;976543;'1630000;'18587;Willem Lepelstraat;'9;';2000;Antwerpen;;'151857,203;'211489,706;';N;IRREG;6;18;Unknown;Unknown;;None;;;';;';;Y;;;;'15/01/2019 12:41:18;4;1867658;;LU;1;';';';';';Y;;APTBLD;APPARTEMENTSGEBOUW - IMMEUBLE A APPARTEMENTS;NA;;;';;';;Y;;;;'15/01/2019 12:41:18
;;;Zoning;6807323;'20200219142313;W03-C-Antwerpen-West-FH07;6807323;'20200219142313;W03-C-Antwerpen-West-FH07;19084;FTTH-Cu;;';';;;;;;;726221;'20200113110023;976543;'1630000;'18587;Willem Lepelstraat;'9;';2000;Antwerpen;;'151857,203;'211489,706;';N;IRREG;6;18;Unknown;Unknown;;None;;;';;';;Y;;;;'15/01/2019 12:41:18;5;1867659;;LU;1;';';';';';Y;;APTBLD;APPARTEMENTSGEBOUW - IMMEUBLE A APPARTEMENTS;NA;;;';;';;Y;;;;'15/01/2019 12:41:18
;;;Zoning;6807323;'20200219142313;W03-C-Antwerpen-West-FH07;6807323;'20200219142313;W03-C-Antwerpen-West-FH07;19084;FTTH-Cu;;';';;;;;;;726221;'20200113110023;976543;'1630000;'18587;Willem Lepelstraat;'9;';2000;Antwerpen;;'151857,203;'211489,706;';N;IRREG;6;18;Unknown;Unknown;;None;;;';;';;Y;;;;'15/01/2019 12:41:18;6;1867660;;LU;1;';';';';';Y;;APTBLD;APPARTEMENTSGEBOUW - IMMEUBLE A APPARTEMENTS;NA;;;';;';;Y;;;;'15/01/2019 12:41:18
;;;Zoning;6807323;'20200219142313;W03-C-Antwerpen-West-FH07;6807323;'20200219142313;W03-C-Antwerpen-West-FH07;19084;FTTH-Cu;;';';;;;;;;726221;'20200113110023;976543;'1630000;'18587;Willem Lepelstraat;'9;';2000;Antwerpen;;'151857,203;'211489,706;';N;IRREG;6;18;Unknown;Unknown;;None;;;';;';;Y;;;;'15/01/2019 12:41:18;7;1867661;;LU;1;';';';';';Y;;APTBLD;APPARTEMENTSGEBOUW - IMMEUBLE A APPARTEMENTS;NA;;;';;';;Y;;;;'15/01/2019 12:41:18
;;;Zoning;6807323;'20200219142313;W03-C-Antwerpen-West-FH07;6807323;'20200219142313;W03-C-Antwerpen-West-FH07;19084;FTTH-Cu;;';';;;;;;;726221;'20200113110023;976543;'1630000;'18587;Willem Lepelstraat;'9;';2000;Antwerpen;;'151857,203;'211489,706;';N;IRREG;6;18;Unknown;Unknown;;None;;;';;';;Y;;;;'15/01/2019 12:41:18;8;1867662;;LU;1;';';';';';Y;;APTBLD;APPARTEMENTSGEBOUW - IMMEUBLE A APPARTEMENTS;NA;;;';;';;Y;;;;'15/01/2019 12:41:18
;;;Zoning;6807323;'20200219142313;W03-C-Antwerpen-West-FH07;6807323;'20200219142313;W03-C-Antwerpen-West-FH07;19084;FTTH-Cu;;';';;;;;;;726221;'20200113110023;976543;'1630000;'18587;Willem Lepelstraat;'9;';2000;Antwerpen;;'151857,203;'211489,706;';N;IRREG;6;18;Unknown;Unknown;;None;;;';;';;Y;;;;'15/01/2019 12:41:18;9;1867663;;LU;1;';';';';';Y;;APTBLD;APPARTEMENTSGEBOUW - IMMEUBLE A APPARTEMENTS;NA;;;';;';;Y;;;;'15/01/2019 12:41:18
;;;Zoning;6807323;'20200219142313;W03-C-Antwerpen-West-FH07;6807323;'20200219142313;W03-C-Antwerpen-West-FH07;19084;FTTH-Cu;;';';;;;;;;726221;'20200113110023;976543;'1630000;'18587;Willem Lepelstraat;'9;';2000;Antwerpen;;'151857,203;'211489,706;';N;IRREG;6;18;Unknown;Unknown;;None;;;';;';;Y;;;;'15/01/2019 12:41:18;10;1867664;;LU;1;';';';';';Y;;APTBLD;APPARTEMENTSGEBOUW - IMMEUBLE A APPARTEMENTS;NA;;;';;';;Y;;;;'15/01/2019 12:41:18
;;;Zoning;6807323;'20200219142313;W03-C-Antwerpen-West-FH07;6807323;'20200219142313;W03-C-Antwerpen-West-FH07;19084;FTTH-Cu;;';';;;;;;;726221;'20200113110023;976543;'1630000;'18587;Willem Lepelstraat;'9;';2000;Antwerpen;;'151857,203;'211489,706;';N;IRREG;6;18;Unknown;Unknown;;None;;;';;';;Y;;;;'15/01/2019 12:41:18;11;1867665;;LU;1;';';';';';Y;;APTBLD;APPARTEMENTSGEBOUW - IMMEUBLE A APPARTEMENTS;NA;;;';;';;Y;;;;'15/01/2019 12:41:18
;;;Zoning;6807323;'20200219142313;W03-C-Antwerpen-West-FH07;6807323;'20200219142313;W03-C-Antwerpen-West-FH07;19084;FTTH-Cu;;';';;;;;;;726221;'20200113110023;976543;'1630000;'18587;Willem Lepelstraat;'9;';2000;Antwerpen;;'151857,203;'211489,706;';N;IRREG;6;18;Unknown;Unknown;;None;;;';;';;Y;;;;'15/01/2019 12:41:18;12;1867666;;LU;1;';';';';';Y;;APTBLD;APPARTEMENTSGEBOUW - IMMEUBLE A APPARTEMENTS;NA;;;';;';;Y;;;;'15/01/2019 12:41:18
;;;Zoning;6807323;'20200219142313;W03-C-Antwerpen-West-FH07;6807323;'20200219142313;W03-C-Antwerpen-West-FH07;19084;FTTH-Cu;;';';;;;;;;658451;'20191021150627;1989048;'1630000;'18587;Willem Lepelstraat;'10;';2000;Antwerpen;;'151814,158;'211464,151;';N;ORN;4;12;Unknown;Unknown;;None;;;';;';;Y;;;;'15/01/2019 12:41:18;1;1620888;;LU;1;';';';';';Y;;HOUSE;WONING - MAISON;NA;;;';;';;Y;;;;'15/01/2019 12:41:18
;;;Zoning;6807323;'20200219142313;W03-C-Antwerpen-West-FH07;6807323;'20200219142313;W03-C-Antwerpen-West-FH07;19084;FTTH-Cu;;';';;;;;;;658451;'20191021150627;1989048;'1630000;'18587;Willem Lepelstraat;'10;';2000;Antwerpen;;'151814,158;'211464,151;';N;ORN;4;12;Unknown;Unknown;;None;;;';;';;Y;;;;'15/01/2019 12:41:18;2;1620889;;LU;1;';';';';';Y;;HOUSE;WONING - MAISON;NA;;;';;';;Y;;;;'15/01/2019 12:41:18
;;;Zoning;6807323;'20200219142313;W03-C-Antwerpen-West-FH07;6807323;'20200219142313;W03-C-Antwerpen-West-FH07;19084;FTTH-Cu;;';';;;;;;;11379204;'20200110151913;976544;'1630000;'18587;Willem Lepelstraat;'11;';2000;Antwerpen;;'151873,103;'211486,45;';N;IRREG;6;18;Unknown;Unknown;;None;;;';;';;Y;;;;'15/01/2019 12:41:18;1;11086391;;LU;1;';';';';';;;;;;;;';;';;Y;;;;'15/01/2019 12:41:18
;;;Zoning;6807323;'20200219142313;W03-C-Antwerpen-West-FH07;6807323;'20200219142313;W03-C-Antwerpen-West-FH07;19084;FTTH-Cu;;';';;;;;;;11379204;'20200110151913;976544;'1630000;'18587;Willem Lepelstraat;'11;';2000;Antwerpen;;'151873,103;'211486,45;';N;IRREG;6;18;Unknown;Unknown;;None;;;';;';;Y;;;;'15/01/2019 12:41:18;2;11086392;;LU;1;';';';';';;;;;;;;';;';;Y;;;;'15/01/2019 12:41:18
;;;Zoning;6807323;'20200219142313;W03-C-Antwerpen-West-FH07;6807323;'20200219142313;W03-C-Antwerpen-West-FH07;19084;FTTH-Cu;;';';;;;;;;11379204;'20200110151913;976544;'1630000;'18587;Willem Lepelstraat;'11;';2000;Antwerpen;;'151873,103;'211486,45;';N;IRREG;6;18;Unknown;Unknown;;None;;;';;';;Y;;;;'15/01/2019 12:41:18;3;11086393;;LU;1;';';';';';;;;;;;;';;';;Y;;;;'15/01/2019 12:41:18
;;;Zoning;6807323;'20200219142313;W03-C-Antwerpen-West-FH07;6807323;'20200219142313;W03-C-Antwerpen-West-FH07;19084;FTTH-Cu;;';';;;;;;;11379204;'20200110151913;976544;'1630000;'18587;Willem Lepelstraat;'11;';2000;Antwerpen;;'151873,103;'211486,45;';N;IRREG;6;18;Unknown;Unknown;;None;;;';;';;Y;;;;'15/01/2019 12:41:18;4;11086394;;LU;1;';';';';';;;;;;;;';;';;Y;;;;'15/01/2019 12:41:18
;;;Zoning;6807323;'20200219142313;W03-C-Antwerpen-West-FH07;6807323;'20200219142313;W03-C-Antwerpen-West-FH07;19084;FTTH-Cu;;';';;;;;;;11379204;'20200110151913;976544;'1630000;'18587;Willem Lepelstraat;'11;';2000;Antwerpen;;'151873,103;'211486,45;';N;IRREG;6;18;Unknown;Unknown;;None;;;';;';;Y;;;;'15/01/2019 12:41:18;5;11086395;;LU;1;';';';';';;;;;;;;';;';;Y;;;;'15/01/2019 12:41:18
;;;Zoning;6807323;'20200219142313;W03-C-Antwerpen-West-FH07;6807323;'20200219142313;W03-C-Antwerpen-West-FH07;19084;FTTH-Cu;;';';;;;;;;11379204;'20200110151913;976544;'1630000;'18587;Willem Lepelstraat;'11;';2000;Antwerpen;;'151873,103;'211486,45;';N;IRREG;6;18;Unknown;Unknown;;None;;;';;';;Y;;;;'15/01/2019 12:41:18;6;11086396;;LU;1;';';';';';;;;;;;;';;';;Y;;;;'15/01/2019 12:41:18
;;;Zoning;6807323;'20200219142313;W03-C-Antwerpen-West-FH07;6807323;'20200219142313;W03-C-Antwerpen-West-FH07;19084;FTTH-Cu;;';';;;;;;;11379204;'20200110151913;976544;'1630000;'18587;Willem Lepelstraat;'11;';2000;Antwerpen;;'151873,103;'211486,45;';N;IRREG;6;18;Unknown;Unknown;;None;;;';;';;Y;;;;'15/01/2019 12:41:18;7;11086397;;LU;1;';';';';';;;;;;;;';;';;Y;;;;'15/01/2019 12:41:18
;;;Zoning;6807323;'20200219142313;W03-C-Antwerpen-West-FH07;6807323;'20200219142313;W03-C-Antwerpen-West-FH07;19084;FTTH-Cu;;';';;;;;;;11379204;'20200110151913;976544;'1630000;'18587;Willem Lepelstraat;'11;';2000;Antwerpen;;'151873,103;'211486,45;';N;IRREG;6;18;Unknown;Unknown;;None;;;';;';;Y;;;;'15/01/2019 12:41:18;8;11086398;;LU;1;';';';';';;;;;;;;';;';;Y;;;;'15/01/2019 12:41:18
;;;Zoning;6807323;'20200219142313;W03-C-Antwerpen-West-FH07;6807323;'20200219142313;W03-C-Antwerpen-West-FH07;19084;FTTH-Cu;;';';;;;;;;11379204;'20200110151913;976544;'1630000;'18587;Willem Lepelstraat;'11;';2000;Antwerpen;;'151873,103;'211486,45;';N;IRREG;6;18;Unknown;Unknown;;None;;;';;';;Y;;;;'15/01/2019 12:41:18;9;11086399;;LU;1;';';';';';;;;;;;;';;';;Y;;;;'15/01/2019 12:41:18
;;;Zoning;6807323;'20200219142313;W03-C-Antwerpen-West-FH07;6807323;'20200219142313;W03-C-Antwerpen-West-FH07;19084;FTTH-Cu;;';';;;;;;;11379204;'20200110151913;976544;'1630000;'18587;Willem Lepelstraat;'11;';2000;Antwerpen;;'151873,103;'211486,45;';N;IRREG;6;18;Unknown;Unknown;;None;;;';;';;Y;;;;'15/01/2019 12:41:18;10;11086400;;LU;1;';';';';';;;;;;;;';;';;Y;;;;'15/01/2019 12:41:18
;;;Zoning;6807323;'20200219142313;W03-C-Antwerpen-West-FH07;6807323;'20200219142313;W03-C-Antwerpen-West-FH07;19084;FTTH-Cu;;';';;;;;;;11379204;'20200110151913;976544;'1630000;'18587;Willem Lepelstraat;'11;';2000;Antwerpen;;'151873,103;'211486,45;';N;IRREG;6;18;Unknown;Unknown;;None;;;';;';;Y;;;;'15/01/2019 12:41:18;11;11086401;;LU;1;';';';';';;;;;;;;';;';;Y;;;;'15/01/2019 12:41:18
;;;Zoning;6807323;'20200219142313;W03-C-Antwerpen-West-FH07;6807323;'20200219142313;W03-C-Antwerpen-West-FH07;19084;FTTH-Cu;;';';;;;;;;11379204;'20200110151913;976544;'1630000;'18587;Willem Lepelstraat;'11;';2000;Antwerpen;;'151873,103;'211486,45;';N;IRREG;6;18;Unknown;Unknown;;None;;;';;';;Y;;;;'15/01/2019 12:41:18;12;11086402;;LU;1;';';';';';;;;;;;;';;';;Y;;;;'15/01/2019 12:41:18
;;;Zoning;6807323;'20200219142313;W03-C-Antwerpen-West-FH07;6807323;'20200219142313;W03-C-Antwerpen-West-FH07;19084;FTTH-Cu;;';';;;;;;;726098;'20191021150642;973307;'1630000;'18587;Willem Lepelstraat;'14;';2000;Antwerpen;;'151820,755;'211462,147;';N;ORN;4;0;Unknown;Unknown;;None;;;';IFH_BATCH;'12/07/2019 07:32:05;;Y;;;;'12/07/2019 07:28:35;1;1655080;;LU;1;';';';';';Y;;HOUSE;WONING - MAISON;NA;;;';;';;Y;;;;'12/07/2019 07:28:35
;;;Zoning;6807323;'20200219142313;W03-C-Antwerpen-West-FH07;6807323;'20200219142313;W03-C-Antwerpen-West-FH07;19084;FTTH-Cu;;';';;;;;;;726098;'20191021150642;973307;'1630000;'18587;Willem Lepelstraat;'14;';2000;Antwerpen;;'151820,755;'211462,147;';N;ORN;4;0;Unknown;Unknown;;None;;;';IFH_BATCH;'12/07/2019 07:32:05;;Y;;;;'12/07/2019 07:28:35;2;1655081;;LU;1;';';';';';Y;;HOUSE;WONING - MAISON;NA;;;';;';;Y;;;;'12/07/2019 07:28:35
;;;Zoning;6807323;'20200219142313;W03-C-Antwerpen-West-FH07;6807323;'20200219142313;W03-C-Antwerpen-West-FH07;19084;FTTH-Cu;;';';;;;;;;726098;'20191021150642;973307;'1630000;'18587;Willem Lepelstraat;'14;';2000;Antwerpen;;'151820,755;'211462,147;';N;ORN;4;0;Unknown;Unknown;;None;;;';IFH_BATCH;'12/07/2019 07:32:05;;Y;;;;'12/07/2019 07:28:35;3;1655082;;LU;1;';';';';';Y;;HOUSE;WONING - MAISON;NA;;;';;';;Y;;;;'12/07/2019 07:28:35
;;;Zoning;6807323;'20200219142313;W03-C-Antwerpen-West-FH07;6807323;'20200219142313;W03-C-Antwerpen-West-FH07;19084;FTTH-Cu;;';';;;;;;;726098;'20191021150642;973307;'1630000;'18587;Willem Lepelstraat;'14;';2000;Antwerpen;;'151820,755;'211462,147;';N;ORN;4;0;Unknown;Unknown;;None;;;';IFH_BATCH;'12/07/2019 07:32:05;;Y;;;;'12/07/2019 07:28:35;4;1655083;;LU;1;';';';';';Y;;APTBLD;APPARTEMENTSGEBOUW - IMMEUBLE A APPARTEMENTS;NA;;;';;';;Y;;;;'12/07/2019 07:28:35
;;;Zoning;6807323;'20200219142313;W03-C-Antwerpen-West-FH07;6807323;'20200219142313;W03-C-Antwerpen-West-FH07;19084;FTTH-Cu;;';';;;;;;;726098;'20191021150642;973307;'1630000;'18587;Willem Lepelstraat;'14;';2000;Antwerpen;;'151820,755;'211462,147;';N;ORN;4;0;Unknown;Unknown;;None;;;';IFH_BATCH;'12/07/2019 07:32:05;;Y;;;;'12/07/2019 07:28:35;5;1655084;;LU;1;';';';';';Y;;HOUSE;WONING - MAISON;NA;;;';;';;Y;;;;'12/07/2019 07:28:35
;;;Zoning;6807323;'20200219142313;W03-C-Antwerpen-West-FH07;6807323;'20200219142313;W03-C-Antwerpen-West-FH07;19084;FTTH-Cu;;';';;;;;;;726098;'20191021150642;973307;'1630000;'18587;Willem Lepelstraat;'14;';2000;Antwerpen;;'151820,755;'211462,147;';N;ORN;4;0;Unknown;Unknown;;None;;;';IFH_BATCH;'12/07/2019 07:32:05;;Y;;;;'12/07/2019 07:28:35;6;1655085;;LU;1;';';';';';Y;;HOUSE;WONING - MAISON;NA;;;';;';;Y;;;;'12/07/2019 07:28:35
;;;Zoning;6807323;'20200219142313;W03-C-Antwerpen-West-FH07;6807323;'20200219142313;W03-C-Antwerpen-West-FH07;19084;FTTH-Cu;;';';;;;;;;726098;'20191021150642;973307;'1630000;'18587;Willem Lepelstraat;'14;';2000;Antwerpen;;'151820,755;'211462,147;';N;ORN;4;0;Unknown;Unknown;;None;;;';IFH_BATCH;'12/07/2019 07:32:05;;Y;;;;'12/07/2019 07:28:35;7;1655086;;LU;1;';';';';';Y;;HOUSE;WONING - MAISON;NA;;;';;';;Y;;;;'12/07/2019 07:28:35
;;;Zoning;6807323;'20200219142313;W03-C-Antwerpen-West-FH07;6807323;'20200219142313;W03-C-Antwerpen-West-FH07;19084;FTTH-Cu;;';';;;;;;;726098;'20191021150642;973307;'1630000;'18587;Willem Lepelstraat;'14;';2000;Antwerpen;;'151820,755;'211462,147;';N;ORN;4;0;Unknown;Unknown;;None;;;';IFH_BATCH;'12/07/2019 07:32:05;;Y;;;;'12/07/2019 07:28:35;8;1655087;;LU;1;';';';';';Y;;HOUSE;WONING - MAISON;NA;;;';;';;Y;;;;'12/07/2019 07:28:35
;;;Zoning;6807323;'20200219142313;W03-C-Antwerpen-West-FH07;6807323;'20200219142313;W03-C-Antwerpen-West-FH07;19084;FTTH-Cu;;';';;;;;;;726098;'20191021150642;973307;'1630000;'18587;Willem Lepelstraat;'14;';2000;Antwerpen;;'151820,755;'211462,147;';N;ORN;4;0;Unknown;Unknown;;None;;;';IFH_BATCH;'12/07/2019 07:32:05;;Y;;;;'12/07/2019 07:28:35;9;1655088;;LU;1;';';';';';Y;;HOUSE;WONING - MAISON;NA;;;';;';;Y;;;;'12/07/2019 07:28:35
;;;Zoning;6807323;'20200219142313;W03-C-Antwerpen-West-FH07;6807323;'20200219142313;W03-C-Antwerpen-West-FH07;19084;FTTH-Cu;;';';;;;;;;726098;'20191021150642;973307;'1630000;'18587;Willem Lepelstraat;'14;';2000;Antwerpen;;'151820,755;'211462,147;';N;ORN;4;0;Unknown;Unknown;;None;;;';IFH_BATCH;'12/07/2019 07:32:05;;Y;;;;'12/07/2019 07:28:35;10;1655089;;LU;1;';';';';';Y;;HOUSE;WONING - MAISON;NA;;;';;';;Y;;;;'12/07/2019 07:28:35
;;;Zoning;6807323;'20200219142313;W03-C-Antwerpen-West-FH07;6807323;'20200219142313;W03-C-Antwerpen-West-FH07;19084;FTTH-Cu;;';';;;;;;;726098;'20191021150642;973307;'1630000;'18587;Willem Lepelstraat;'14;';2000;Antwerpen;;'151820,755;'211462,147;';N;ORN;4;0;Unknown;Unknown;;None;;;';IFH_BATCH;'12/07/2019 07:32:05;;Y;;;;'12/07/2019 07:28:35;11;1655090;;LU;1;';';';';';Y;;HOUSE;WONING - MAISON;NA;;;';;';;Y;;;;'12/07/2019 07:28:35
;;;Zoning;6807323;'20200219142313;W03-C-Antwerpen-West-FH07;6807323;'20200219142313;W03-C-Antwerpen-West-FH07;19084;FTTH-Cu;;';';;;;;;;726098;'20191021150642;973307;'1630000;'18587;Willem Lepelstraat;'14;';2000;Antwerpen;;'151820,755;'211462,147;';N;ORN;4;0;Unknown;Unknown;;None;;;';IFH_BATCH;'12/07/2019 07:32:05;;Y;;;;'12/07/2019 07:28:35;12;1655091;;LU;1;';';';';';Y;;HOUSE;WONING - MAISON;NA;;;';;';;Y;;;;'12/07/2019 07:28:35
;;;Zoning;6807323;'20200219142313;W03-C-Antwerpen-West-FH07;6807323;'20200219142313;W03-C-Antwerpen-West-FH07;19084;FTTH-Cu;;';';;;;;;;726098;'20191021150642;973307;'1630000;'18587;Willem Lepelstraat;'14;';2000;Antwerpen;;'151820,755;'211462,147;';N;ORN;4;0;Unknown;Unknown;;None;;;';IFH_BATCH;'12/07/2019 07:32:05;;Y;;;;'12/07/2019 07:28:35;13;1655092;;LU;1;';';';';';Y;;HOUSE;WONING - MAISON;NA;;;';;';;Y;;;;'12/07/2019 07:28:35
;;;Zoning;6807323;'20200219142313;W03-C-Antwerpen-West-FH07;6807323;'20200219142313;W03-C-Antwerpen-West-FH07;19084;FTTH-Cu;;';';;;;;;;726098;'20191021150642;973307;'1630000;'18587;Willem Lepelstraat;'14;';2000;Antwerpen;;'151820,755;'211462,147;';N;ORN;4;0;Unknown;Unknown;;None;;;';IFH_BATCH;'12/07/2019 07:32:05;;Y;;;;'12/07/2019 07:28:35;14;10362349;;LU;1;';';';';';Y;;APTBLD;APPARTEMENTSGEBOUW - IMMEUBLE A APPARTEMENTS;NA;;;';;';;Y;;;;'12/07/2019 07:28:35
;;;Zoning;6807323;'20200219142313;W03-C-Antwerpen-West-FH07;6807323;'20200219142313;W03-C-Antwerpen-West-FH07;19084;FTTH-Cu;;';';;;;;;;726098;'20191021150642;973307;'1630000;'18587;Willem Lepelstraat;'14;';2000;Antwerpen;;'151820,755;'211462,147;';N;ORN;4;0;Unknown;Unknown;;None;;;';IFH_BATCH;'12/07/2019 07:32:05;;Y;;;;'12/07/2019 07:28:35;15;10362350;;LU;1;';';';';';Y;;APTBLD;APPARTEMENTSGEBOUW - IMMEUBLE A APPARTEMENTS;NA;;;';;';;Y;;;;'12/07/2019 07:28:35
;;;Zoning;6807323;'20200219142313;W03-C-Antwerpen-West-FH07;6807323;'20200219142313;W03-C-Antwerpen-West-FH07;19084;FTTH-Cu;;';';;;;;;;726098;'20191021150642;973307;'1630000;'18587;Willem Lepelstraat;'14;';2000;Antwerpen;;'151820,755;'211462,147;';N;ORN;4;0;Unknown;Unknown;;None;;;';IFH_BATCH;'12/07/2019 07:32:05;;Y;;;;'12/07/2019 07:28:35;16;10362351;;LU;1;';';';';';Y;;APTBLD;APPARTEMENTSGEBOUW - IMMEUBLE A APPARTEMENTS;NA;;;';;';;Y;;;;'12/07/2019 07:28:35
;;;Zoning;6807323;'20200219142313;W03-C-Antwerpen-West-FH07;6807323;'20200219142313;W03-C-Antwerpen-West-FH07;19084;FTTH-Cu;11382481;'20191021144113;'Willem Lepelstraat 13 - 15 - 17;;;;;;;11379318;'20191021144056;1989051;'1630000;'18587;Willem Lepelstraat;'15;';2000;Antwerpen;;'151908,475;'211504,228;';N;IRREG;13;39;Unknown;Unknown;;None;;;';;';;Y;;;;'15/01/2019 12:41:18;1;11086421;;LU;1;';';';';';;;;;;;;';;';;Y;;;;'15/01/2019 12:41:18
;;;Zoning;6807323;'20200219142313;W03-C-Antwerpen-West-FH07;6807323;'20200219142313;W03-C-Antwerpen-West-FH07;19084;FTTH-Cu;11382481;'20191021144113;'Willem Lepelstraat 13 - 15 - 17;;;;;;;11379318;'20191021144056;1989051;'1630000;'18587;Willem Lepelstraat;'15;';2000;Antwerpen;;'151908,475;'211504,228;';N;IRREG;13;39;Unknown;Unknown;;None;;;';;';;Y;;;;'15/01/2019 12:41:18;2;11086422;;LU;1;';';';';';;;;;;;;';;';;Y;;;;'15/01/2019 12:41:18
;;;Zoning;6807323;'20200219142313;W03-C-Antwerpen-West-FH07;6807323;'20200219142313;W03-C-Antwerpen-West-FH07;19084;FTTH-Cu;11382481;'20191021144113;'Willem Lepelstraat 13 - 15 - 17;;;;;;;11379318;'20191021144056;1989051;'1630000;'18587;Willem Lepelstraat;'15;';2000;Antwerpen;;'151908,475;'211504,228;';N;IRREG;13;39;Unknown;Unknown;;None;;;';;';;Y;;;;'15/01/2019 12:41:18;3;11086423;;LU;1;';';';';';;;;;;;;';;';;Y;;;;'15/01/2019 12:41:18
;;;Zoning;6807323;'20200219142313;W03-C-Antwerpen-West-FH07;6807323;'20200219142313;W03-C-Antwerpen-West-FH07;19084;FTTH-Cu;11382481;'20191021144113;'Willem Lepelstraat 13 - 15 - 17;;;;;;;11379318;'20191021144056;1989051;'1630000;'18587;Willem Lepelstraat;'15;';2000;Antwerpen;;'151908,475;'211504,228;';N;IRREG;13;39;Unknown;Unknown;;None;;;';;';;Y;;;;'15/01/2019 12:41:18;4;11086424;;LU;1;';';';';';;;;;;;;';;';;Y;;;;'15/01/2019 12:41:18
;;;Zoning;6807323;'20200219142313;W03-C-Antwerpen-West-FH07;6807323;'20200219142313;W03-C-Antwerpen-West-FH07;19084;FTTH-Cu;11382481;'20191021144113;'Willem Lepelstraat 13 - 15 - 17;;;;;;;11379318;'20191021144056;1989051;'1630000;'18587;Willem Lepelstraat;'15;';2000;Antwerpen;;'151908,475;'211504,228;';N;IRREG;13;39;Unknown;Unknown;;None;;;';;';;Y;;;;'15/01/2019 12:41:18;5;11086425;;LU;1;';';';';';;;;;;;;';;';;Y;;;;'15/01/2019 12:41:18
;;;Zoning;6807323;'20200219142313;W03-C-Antwerpen-West-FH07;6807323;'20200219142313;W03-C-Antwerpen-West-FH07;19084;FTTH-Cu;11382481;'20191021144113;'Willem Lepelstraat 13 - 15 - 17;;;;;;;11379318;'20191021144056;1989051;'1630000;'18587;Willem Lepelstraat;'15;';2000;Antwerpen;;'151908,475;'211504,228;';N;IRREG;13;39;Unknown;Unknown;;None;;;';;';;Y;;;;'15/01/2019 12:41:18;6;11086426;;LU;1;';';';';';;;;;;;;';;';;Y;;;;'15/01/2019 12:41:18
;;;Zoning;6807323;'20200219142313;W03-C-Antwerpen-West-FH07;6807323;'20200219142313;W03-C-Antwerpen-West-FH07;19084;FTTH-Cu;11382481;'20191021144113;'Willem Lepelstraat 13 - 15 - 17;;;;;;;11379318;'20191021144056;1989051;'1630000;'18587;Willem Lepelstraat;'15;';2000;Antwerpen;;'151908,475;'211504,228;';N;IRREG;13;39;Unknown;Unknown;;None;;;';;';;Y;;;;'15/01/2019 12:41:18;7;11086427;;LU;1;';';';';';;;;;;;;';;';;Y;;;;'15/01/2019 12:41:18
;;;Zoning;6807323;'20200219142313;W03-C-Antwerpen-West-FH07;6807323;'20200219142313;W03-C-Antwerpen-West-FH07;19084;FTTH-Cu;11382481;'20191021144113;'Willem Lepelstraat 13 - 15 - 17;;;;;;;11379318;'20191021144056;1989051;'1630000;'18587;Willem Lepelstraat;'15;';2000;Antwerpen;;'151908,475;'211504,228;';N;IRREG;13;39;Unknown;Unknown;;None;;;';;';;Y;;;;'15/01/2019 12:41:18;8;11086428;;LU;1;';';';';';;;;;;;;';;';;Y;;;;'15/01/2019 12:41:18
;;;Zoning;6807323;'20200219142313;W03-C-Antwerpen-West-FH07;6807323;'20200219142313;W03-C-Antwerpen-West-FH07;19084;FTTH-Cu;11382481;'20191021144113;'Willem Lepelstraat 13 - 15 - 17;;;;;;;11379318;'20191021144056;1989051;'1630000;'18587;Willem Lepelstraat;'15;';2000;Antwerpen;;'151908,475;'211504,228;';N;IRREG;13;39;Unknown;Unknown;;None;;;';;';;Y;;;;'15/01/2019 12:41:18;9;11086430;;LU;1;';';';';';;;;;;;;';;';;Y;;;;'15/01/2019 12:41:18
;;;Zoning;6807323;'20200219142313;W03-C-Antwerpen-West-FH07;6807323;'20200219142313;W03-C-Antwerpen-West-FH07;19084;FTTH-Cu;11382481;'20191021144113;'Willem Lepelstraat 13 - 15 - 17;;;;;;;11379318;'20191021144056;1989051;'1630000;'18587;Willem Lepelstraat;'15;';2000;Antwerpen;;'151908,475;'211504,228;';N;IRREG;13;39;Unknown;Unknown;;None;;;';;';;Y;;;;'15/01/2019 12:41:18;10;11086432;;LU;1;';';';';';;;;;;;;';;';;Y;;;;'15/01/2019 12:41:18
;;;Zoning;6807323;'20200219142313;W03-C-Antwerpen-West-FH07;6807323;'20200219142313;W03-C-Antwerpen-West-FH07;19084;FTTH-Cu;11382481;'20191021144113;'Willem Lepelstraat 13 - 15 - 17;;;;;;;11379318;'20191021144056;1989051;'1630000;'18587;Willem Lepelstraat;'15;';2000;Antwerpen;;'151908,475;'211504,228;';N;IRREG;13;39;Unknown;Unknown;;None;;;';;';;Y;;;;'15/01/2019 12:41:18;11;11086433;;LU;1;';';';';';;;;;;;;';;';;Y;;;;'15/01/2019 12:41:18
;;;Zoning;6807323;'20200219142313;W03-C-Antwerpen-West-FH07;6807323;'20200219142313;W03-C-Antwerpen-West-FH07;19084;FTTH-Cu;11382481;'20191021144113;'Willem Lepelstraat 13 - 15 - 17;;;;;;;11379318;'20191021144056;1989051;'1630000;'18587;Willem Lepelstraat;'15;';2000;Antwerpen;;'151908,475;'211504,228;';N;IRREG;13;39;Unknown;Unknown;;None;;;';;';;Y;;;;'15/01/2019 12:41:18;12;11086434;;LU;1;';';';';';;;;;;;;';;';;Y;;;;'15/01/2019 12:41:18
;;;Zoning;6807323;'20200219142313;W03-C-Antwerpen-West-FH07;6807323;'20200219142313;W03-C-Antwerpen-West-FH07;19084;FTTH-Cu;11382481;'20191021144113;'Willem Lepelstraat 13 - 15 - 17;;;;;;;11379318;'20191021144056;1989051;'1630000;'18587;Willem Lepelstraat;'15;';2000;Antwerpen;;'151908,475;'211504,228;';N;IRREG;13;39;Unknown;Unknown;;None;;;';;';;Y;;;;'15/01/2019 12:41:18;13;11086435;;LU;1;';';';';';;;;;;;;';;';;Y;;;;'15/01/2019 12:41:18
;;;Zoning;6807323;'20200219142313;W03-C-Antwerpen-West-FH07;6807323;'20200219142313;W03-C-Antwerpen-West-FH07;19084;FTTH-Cu;11382481;'20191021144113;'Willem Lepelstraat 13 - 15 - 17;;;;;;;11379318;'20191021144056;1989051;'1630000;'18587;Willem Lepelstraat;'15;';2000;Antwerpen;;'151908,475;'211504,228;';N;IRREG;13;39;Unknown;Unknown;;None;;;';;';;Y;;;;'15/01/2019 12:41:18;14;11086436;;LU;1;';';';';';;;;;;;;';;';;Y;;;;'15/01/2019 12:41:18
;;;Zoning;6807323;'20200219142313;W03-C-Antwerpen-West-FH07;6807323;'20200219142313;W03-C-Antwerpen-West-FH07;19084;FTTH-Cu;11382481;'20191021144113;'Willem Lepelstraat 13 - 15 - 17;;;;;;;11379318;'20191021144056;1989051;'1630000;'18587;Willem Lepelstraat;'15;';2000;Antwerpen;;'151908,475;'211504,228;';N;IRREG;13;39;Unknown;Unknown;;None;;;';;';;Y;;;;'15/01/2019 12:41:18;15;11086437;;LU;1;';';';';';;;;;;;;';;';;Y;;;;'15/01/2019 12:41:18
;;;Zoning;6807323;'20200219142313;W03-C-Antwerpen-West-FH07;6807323;'20200219142313;W03-C-Antwerpen-West-FH07;19084;FTTH-Cu;11382481;'20191021144113;'Willem Lepelstraat 13 - 15 - 17;;;;;;;11379318;'20191021144056;1989051;'1630000;'18587;Willem Lepelstraat;'15;';2000;Antwerpen;;'151908,475;'211504,228;';N;IRREG;13;39;Unknown;Unknown;;None;;;';;';;Y;;;;'15/01/2019 12:41:18;16;11086438;;LU;1;';';';';';;;;;;;;';;';;Y;;;;'15/01/2019 12:41:18
;;;Zoning;6807323;'20200219142313;W03-C-Antwerpen-West-FH07;6807323;'20200219142313;W03-C-Antwerpen-West-FH07;19084;FTTH-Cu;11382481;'20191021144113;'Willem Lepelstraat 13 - 15 - 17;;;;;;;11379318;'20191021144056;1989051;'1630000;'18587;Willem Lepelstraat;'15;';2000;Antwerpen;;'151908,475;'211504,228;';N;IRREG;13;39;Unknown;Unknown;;None;;;';;';;Y;;;;'15/01/2019 12:41:18;17;11086439;;LU;1;';';';';';;;;;;;;';;';;Y;;;;'15/01/2019 12:41:18
;;;Zoning;6807323;'20200219142313;W03-C-Antwerpen-West-FH07;6807323;'20200219142313;W03-C-Antwerpen-West-FH07;19084;FTTH-Cu;11382481;'20191021144113;'Willem Lepelstraat 13 - 15 - 17;;;;;;;11379318;'20191021144056;1989051;'1630000;'18587;Willem Lepelstraat;'15;';2000;Antwerpen;;'151908,475;'211504,228;';N;IRREG;13;39;Unknown;Unknown;;None;;;';;';;Y;;;;'15/01/2019 12:41:18;18;11086442;;LU;1;';';';';';;;;;;;;';;';;Y;;;;'15/01/2019 12:41:18
;;;Zoning;6807323;'20200219142313;W03-C-Antwerpen-West-FH07;6807323;'20200219142313;W03-C-Antwerpen-West-FH07;19084;FTTH-Cu;11382481;'20191021144113;'Willem Lepelstraat 13 - 15 - 17;;;;;;;11379318;'20191021144056;1989051;'1630000;'18587;Willem Lepelstraat;'15;';2000;Antwerpen;;'151908,475;'211504,228;';N;IRREG;13;39;Unknown;Unknown;;None;;;';;';;Y;;;;'15/01/2019 12:41:18;19;11086443;;LU;1;';';';';';;;;;;;;';;';;Y;;;;'15/01/2019 12:41:18
;;;Zoning;6807323;'20200219142313;W03-C-Antwerpen-West-FH07;6807323;'20200219142313;W03-C-Antwerpen-West-FH07;19084;FTTH-Cu;11382481;'20191021144113;'Willem Lepelstraat 13 - 15 - 17;;;;;;;11379318;'20191021144056;1989051;'1630000;'18587;Willem Lepelstraat;'15;';2000;Antwerpen;;'151908,475;'211504,228;';N;IRREG;13;39;Unknown;Unknown;;None;;;';;';;Y;;;;'15/01/2019 12:41:18;20;11086444;;LU;1;';';';';';;;;;;;;';;';;Y;;;;'15/01/2019 12:41:18
;;;Zoning;6807323;'20200219142313;W03-C-Antwerpen-West-FH07;6807323;'20200219142313;W03-C-Antwerpen-West-FH07;19084;FTTH-Cu;11382481;'20191021144113;'Willem Lepelstraat 13 - 15 - 17;;;;;;;11379318;'20191021144056;1989051;'1630000;'18587;Willem Lepelstraat;'15;';2000;Antwerpen;;'151908,475;'211504,228;';N;IRREG;13;39;Unknown;Unknown;;None;;;';;';;Y;;;;'15/01/2019 12:41:18;21;11086445;;LU;1;';';';';';;;;;;;;';;';;Y;;;;'15/01/2019 12:41:18
;;;Zoning;6807323;'20200219142313;W03-C-Antwerpen-West-FH07;6807323;'20200219142313;W03-C-Antwerpen-West-FH07;19084;FTTH-Cu;11382481;'20191021144113;'Willem Lepelstraat 13 - 15 - 17;;;;;;;11379318;'20191021144056;1989051;'1630000;'18587;Willem Lepelstraat;'15;';2000;Antwerpen;;'151908,475;'211504,228;';N;IRREG;13;39;Unknown;Unknown;;None;;;';;';;Y;;;;'15/01/2019 12:41:18;22;11086446;;LU;1;';';';';';;;;;;;;';;';;Y;;;;'15/01/2019 12:41:18
;;;Zoning;6807323;'20200219142313;W03-C-Antwerpen-West-FH07;6807323;'20200219142313;W03-C-Antwerpen-West-FH07;19084;FTTH-Cu;11382481;'20191021144113;'Willem Lepelstraat 13 - 15 - 17;;;;;;;11379318;'20191021144056;1989051;'1630000;'18587;Willem Lepelstraat;'15;';2000;Antwerpen;;'151908,475;'211504,228;';N;IRREG;13;39;Unknown;Unknown;;None;;;';;';;Y;;;;'15/01/2019 12:41:18;23;11086447;;LU;1;';';';';';;;;;;;;';;';;Y;;;;'15/01/2019 12:41:18
;;;Zoning;6807323;'20200219142313;W03-C-Antwerpen-West-FH07;6807323;'20200219142313;W03-C-Antwerpen-West-FH07;19084;FTTH-Cu;11382481;'20191021144113;'Willem Lepelstraat 13 - 15 - 17;;;;;;;11379318;'20191021144056;1989051;'1630000;'18587;Willem Lepelstraat;'15;';2000;Antwerpen;;'151908,475;'211504,228;';N;IRREG;13;39;Unknown;Unknown;;None;;;';;';;Y;;;;'15/01/2019 12:41:18;24;11086448;;LU;1;';';';';';;;;;;;;';;';;Y;;;;'15/01/2019 12:41:18
;;;Zoning;6807323;'20200219142313;W03-C-Antwerpen-West-FH07;6807323;'20200219142313;W03-C-Antwerpen-West-FH07;19084;FTTH-Cu;11382481;'20191021144113;'Willem Lepelstraat 13 - 15 - 17;;;;;;;11379318;'20191021144056;1989051;'1630000;'18587;Willem Lepelstraat;'15;';2000;Antwerpen;;'151908,475;'211504,228;';N;IRREG;13;39;Unknown;Unknown;;None;;;';;';;Y;;;;'15/01/2019 12:41:18;25;11086449;;LU;1;';';';';';;;;;;;;';;';;Y;;;;'15/01/2019 12:41:18
;;;Zoning;6807323;'20200219142313;W03-C-Antwerpen-West-FH07;6807323;'20200219142313;W03-C-Antwerpen-West-FH07;19084;FTTH-Cu;11382481;'20191021144113;'Willem Lepelstraat 13 - 15 - 17;;;;;;;11379318;'20191021144056;1989051;'1630000;'18587;Willem Lepelstraat;'15;';2000;Antwerpen;;'151908,475;'211504,228;';N;IRREG;13;39;Unknown;Unknown;;None;;;';;';;Y;;;;'15/01/2019 12:41:18;26;11086450;;LU;1;';';';';';;;;;;;;';;';;Y;;;;'15/01/2019 12:41:18
;;;Zoning;6807323;'20200219142313;W03-C-Antwerpen-West-FH07;6807323;'20200219142313;W03-C-Antwerpen-West-FH07;19084;FTTH-Cu;11382481;'20191021144113;'Willem Lepelstraat 13 - 15 - 17;;;;;;;11379318;'20191021144056;1989051;'1630000;'18587;Willem Lepelstraat;'15;';2000;Antwerpen;;'151908,475;'211504,228;';N;IRREG;13;39;Unknown;Unknown;;None;;;';;';;Y;;;;'15/01/2019 12:41:18;27;11086451;;LU;1;';';';';';;;;;;;;';;';;Y;;;;'15/01/2019 12:41:18
;;;Zoning;6807323;'20200219142313;W03-C-Antwerpen-West-FH07;6807323;'20200219142313;W03-C-Antwerpen-West-FH07;19084;FTTH-Cu;11382481;'20191021144113;'Willem Lepelstraat 13 - 15 - 17;;;;;;;11379318;'20191021144056;1989051;'1630000;'18587;Willem Lepelstraat;'15;';2000;Antwerpen;;'151908,475;'211504,228;';N;IRREG;13;39;Unknown;Unknown;;None;;;';;';;Y;;;;'15/01/2019 12:41:18;28;11086452;;LU;1;';';';';';;;;;;;;';;';;Y;;;;'15/01/2019 12:41:18
;;;Zoning;6807323;'20200219142313;W03-C-Antwerpen-West-FH07;6807323;'20200219142313;W03-C-Antwerpen-West-FH07;19084;FTTH-Cu;11382481;'20191021144113;'Willem Lepelstraat 13 - 15 - 17;;;;;;;11379318;'20191021144056;1989051;'1630000;'18587;Willem Lepelstraat;'15;';2000;Antwerpen;;'151908,475;'211504,228;';N;IRREG;13;39;Unknown;Unknown;;None;;;';;';;Y;;;;'15/01/2019 12:41:18;29;11086453;;LU;1;';';';';';;;;;;;;';;';;Y;;;;'15/01/2019 12:41:18
;;;Zoning;6807323;'20200219142313;W03-C-Antwerpen-West-FH07;6807323;'20200219142313;W03-C-Antwerpen-West-FH07;19084;FTTH-Cu;11382481;'20191021144113;'Willem Lepelstraat 13 - 15 - 17;;;;;;;11379318;'20191021144056;1989051;'1630000;'18587;Willem Lepelstraat;'15;';2000;Antwerpen;;'151908,475;'211504,228;';N;IRREG;13;39;Unknown;Unknown;;None;;;';;';;Y;;;;'15/01/2019 12:41:18;30;11086454;;LU;1;';';';';';;;;;;;;';;';;Y;;;;'15/01/2019 12:41:18
;;;Zoning;6807323;'20200219142313;W03-C-Antwerpen-West-FH07;6807323;'20200219142313;W03-C-Antwerpen-West-FH07;19084;FTTH-Cu;11382481;'20191021144113;'Willem Lepelstraat 13 - 15 - 17;;;;;;;11379318;'20191021144056;1989051;'1630000;'18587;Willem Lepelstraat;'15;';2000;Antwerpen;;'151908,475;'211504,228;';N;IRREG;13;39;Unknown;Unknown;;None;;;';;';;Y;;;;'15/01/2019 12:41:18;31;11086455;;LU;1;';';';';';;;;;;;;';;';;Y;;;;'15/01/2019 12:41:18
;;;Zoning;6807323;'20200219142313;W03-C-Antwerpen-West-FH07;6807323;'20200219142313;W03-C-Antwerpen-West-FH07;19084;FTTH-Cu;11382481;'20191021144113;'Willem Lepelstraat 13 - 15 - 17;;;;;;;11379318;'20191021144056;1989051;'1630000;'18587;Willem Lepelstraat;'15;';2000;Antwerpen;;'151908,475;'211504,228;';N;IRREG;13;39;Unknown;Unknown;;None;;;';;';;Y;;;;'15/01/2019 12:41:18;32;11086456;;LU;1;';';';';';;;;;;;;';;';;Y;;;;'15/01/2019 12:41:18
;;;Zoning;6807323;'20200219142313;W03-C-Antwerpen-West-FH07;6807323;'20200219142313;W03-C-Antwerpen-West-FH07;19084;FTTH-Cu;11382481;'20191021144113;'Willem Lepelstraat 13 - 15 - 17;;;;;;;11379318;'20191021144056;1989051;'1630000;'18587;Willem Lepelstraat;'15;';2000;Antwerpen;;'151908,475;'211504,228;';N;IRREG;13;39;Unknown;Unknown;;None;;;';;';;Y;;;;'15/01/2019 12:41:18;33;11086457;;LU;1;';';';';';;;;;;;;';;';;Y;;;;'15/01/2019 12:41:18
;;;Zoning;6807323;'20200219142313;W03-C-Antwerpen-West-FH07;6807323;'20200219142313;W03-C-Antwerpen-West-FH07;19084;FTTH-Cu;11382481;'20191021144113;'Willem Lepelstraat 13 - 15 - 17;;;;;;;11379318;'20191021144056;1989051;'1630000;'18587;Willem Lepelstraat;'15;';2000;Antwerpen;;'151908,475;'211504,228;';N;IRREG;13;39;Unknown;Unknown;;None;;;';;';;Y;;;;'15/01/2019 12:41:18;34;11086458;;LU;1;';';';';';;;;;;;;';;';;Y;;;;'15/01/2019 12:41:18
;;;Zoning;6807323;'20200219142313;W03-C-Antwerpen-West-FH07;6807323;'20200219142313;W03-C-Antwerpen-West-FH07;19084;FTTH-Cu;11382481;'20191021144113;'Willem Lepelstraat 13 - 15 - 17;;;;;;;11379318;'20191021144056;1989051;'1630000;'18587;Willem Lepelstraat;'15;';2000;Antwerpen;;'151908,475;'211504,228;';N;IRREG;13;39;Unknown;Unknown;;None;;;';;';;Y;;;;'15/01/2019 12:41:18;35;11086459;;LU;1;';';';';';;;;;;;;';;';;Y;;;;'15/01/2019 12:41:18
;;;Zoning;6807323;'20200219142313;W03-C-Antwerpen-West-FH07;6807323;'20200219142313;W03-C-Antwerpen-West-FH07;19084;FTTH-Cu;11382481;'20191021144113;'Willem Lepelstraat 13 - 15 - 17;;;;;;;11379318;'20191021144056;1989051;'1630000;'18587;Willem Lepelstraat;'15;';2000;Antwerpen;;'151908,475;'211504,228;';N;IRREG;13;39;Unknown;Unknown;;None;;;';;';;Y;;;;'15/01/2019 12:41:18;36;11086460;;LU;1;';';';';';;;;;;;;';;';;Y;;;;'15/01/2019 12:41:18
;;;Zoning;6807323;'20200219142313;W03-C-Antwerpen-West-FH07;6807323;'20200219142313;W03-C-Antwerpen-West-FH07;19084;FTTH-Cu;11382481;'20191021144113;'Willem Lepelstraat 13 - 15 - 17;;;;;;;11379318;'20191021144056;1989051;'1630000;'18587;Willem Lepelstraat;'15;';2000;Antwerpen;;'151908,475;'211504,228;';N;IRREG;13;39;Unknown;Unknown;;None;;;';;';;Y;;;;'15/01/2019 12:41:18;37;11086461;;LU;1;';';';';';;;;;;;;';;';;Y;;;;'15/01/2019 12:41:18
;;;Zoning;6807323;'20200219142313;W03-C-Antwerpen-West-FH07;6807323;'20200219142313;W03-C-Antwerpen-West-FH07;19084;FTTH-Cu;11382481;'20191021144113;'Willem Lepelstraat 13 - 15 - 17;;;;;;;11379318;'20191021144056;1989051;'1630000;'18587;Willem Lepelstraat;'15;';2000;Antwerpen;;'151908,475;'211504,228;';N;IRREG;13;39;Unknown;Unknown;;None;;;';;';;Y;;;;'15/01/2019 12:41:18;38;11086462;;LU;1;';';';';';;;;;;;;';;';;Y;;;;'15/01/2019 12:41:18
;;;Zoning;6807323;'20200219142313;W03-C-Antwerpen-West-FH07;6807323;'20200219142313;W03-C-Antwerpen-West-FH07;19084;FTTH-Cu;11382481;'20191021144113;'Willem Lepelstraat 13 - 15 - 17;;;;;;;11379318;'20191021144056;1989051;'1630000;'18587;Willem Lepelstraat;'15;';2000;Antwerpen;;'151908,475;'211504,228;';N;IRREG;13;39;Unknown;Unknown;;None;;;';;';;Y;;;;'15/01/2019 12:41:18;39;11086463;;LU;1;';';';';';;;;;;;;';;';;Y;;;;'15/01/2019 12:41:18
;;;Zoning;6807323;'20200219142313;W03-C-Antwerpen-West-FH07;6807323;'20200219142313;W03-C-Antwerpen-West-FH07;19084;FTTH-Cu;11382481;'20191021144113;'Willem Lepelstraat 13 - 15 - 17;;;;;;;11379318;'20191021144056;1989051;'1630000;'18587;Willem Lepelstraat;'15;';2000;Antwerpen;;'151908,475;'211504,228;';N;IRREG;13;39;Unknown;Unknown;;None;;;';;';;Y;;;;'15/01/2019 12:41:18;40;11086464;;LU;1;';';';';';;;;;;;;';;';;Y;;;;'15/01/2019 12:41:18
;;;Zoning;6807323;'20200219142313;W03-C-Antwerpen-West-FH07;6807323;'20200219142313;W03-C-Antwerpen-West-FH07;19084;FTTH-Cu;11382481;'20191021144113;'Willem Lepelstraat 13 - 15 - 17;;;;;;;11379318;'20191021144056;1989051;'1630000;'18587;Willem Lepelstraat;'15;';2000;Antwerpen;;'151908,475;'211504,228;';N;IRREG;13;39;Unknown;Unknown;;None;;;';;';;Y;;;;'15/01/2019 12:41:18;41;11086465;;LU;1;';';';';';;;;;;;;';;';;Y;;;;'15/01/2019 12:41:18
;;;Zoning;6807323;'20200219142313;W03-C-Antwerpen-West-FH07;6807323;'20200219142313;W03-C-Antwerpen-West-FH07;19084;FTTH-Cu;11382481;'20191021144113;'Willem Lepelstraat 13 - 15 - 17;;;;;;;11379318;'20191021144056;1989051;'1630000;'18587;Willem Lepelstraat;'15;';2000;Antwerpen;;'151908,475;'211504,228;';N;IRREG;13;39;Unknown;Unknown;;None;;;';;';;Y;;;;'15/01/2019 12:41:18;42;11086467;;LU;1;';';';';';;;;;;;;';;';;Y;;;;'15/01/2019 12:41:18
;;;Zoning;6807323;'20200219142313;W03-C-Antwerpen-West-FH07;6807323;'20200219142313;W03-C-Antwerpen-West-FH07;19084;FTTH-Cu;11382481;'20191021144113;'Willem Lepelstraat 13 - 15 - 17;;;;;;;11379318;'20191021144056;1989051;'1630000;'18587;Willem Lepelstraat;'15;';2000;Antwerpen;;'151908,475;'211504,228;';N;IRREG;13;39;Unknown;Unknown;;None;;;';;';;Y;;;;'15/01/2019 12:41:18;43;11086469;;LU;1;';';';';';;;;;;;;';;';;Y;;;;'15/01/2019 12:41:18
;;;Zoning;6807323;'20200219142313;W03-C-Antwerpen-West-FH07;6807323;'20200219142313;W03-C-Antwerpen-West-FH07;19084;FTTH-Cu;11382481;'20191021144113;'Willem Lepelstraat 13 - 15 - 17;;;;;;;11379318;'20191021144056;1989051;'1630000;'18587;Willem Lepelstraat;'15;';2000;Antwerpen;;'151908,475;'211504,228;';N;IRREG;13;39;Unknown;Unknown;;None;;;';;';;Y;;;;'15/01/2019 12:41:18;44;11086470;;LU;1;';';';';';;;;;;;;';;';;Y;;;;'15/01/2019 12:41:18
;;;Zoning;6807323;'20200219142313;W03-C-Antwerpen-West-FH07;6807323;'20200219142313;W03-C-Antwerpen-West-FH07;19084;FTTH-Cu;11382481;'20191021144113;'Willem Lepelstraat 13 - 15 - 17;;;;;;;11379318;'20191021144056;1989051;'1630000;'18587;Willem Lepelstraat;'15;';2000;Antwerpen;;'151908,475;'211504,228;';N;IRREG;13;39;Unknown;Unknown;;None;;;';;';;Y;;;;'15/01/2019 12:41:18;45;11086471;;LU;1;';';';';';;;;;;;;';;';;Y;;;;'15/01/2019 12:41:18
;;;Zoning;6807323;'20200219142313;W03-C-Antwerpen-West-FH07;6807323;'20200219142313;W03-C-Antwerpen-West-FH07;19084;FTTH-Cu;11382481;'20191021144113;'Willem Lepelstraat 13 - 15 - 17;;;;;;;11379318;'20191021144056;1989051;'1630000;'18587;Willem Lepelstraat;'15;';2000;Antwerpen;;'151908,475;'211504,228;';N;IRREG;13;39;Unknown;Unknown;;None;;;';;';;Y;;;;'15/01/2019 12:41:18;46;11086472;;LU;1;';';';';';;;;;;;;';;';;Y;;;;'15/01/2019 12:41:18
;;;Zoning;6807323;'20200219142313;W03-C-Antwerpen-West-FH07;6807323;'20200219142313;W03-C-Antwerpen-West-FH07;19084;FTTH-Cu;11382481;'20191021144113;'Willem Lepelstraat 13 - 15 - 17;;;;;;;11379318;'20191021144056;1989051;'1630000;'18587;Willem Lepelstraat;'15;';2000;Antwerpen;;'151908,475;'211504,228;';N;IRREG;13;39;Unknown;Unknown;;None;;;';;';;Y;;;;'15/01/2019 12:41:18;47;11086473;;LU;1;';';';';';;;;;;;;';;';;Y;;;;'15/01/2019 12:41:18
;;;Zoning;6807323;'20200219142313;W03-C-Antwerpen-West-FH07;6807323;'20200219142313;W03-C-Antwerpen-West-FH07;19084;FTTH-Cu;11382481;'20191021144113;'Willem Lepelstraat 13 - 15 - 17;;;;;;;11379318;'20191021144056;1989051;'1630000;'18587;Willem Lepelstraat;'15;';2000;Antwerpen;;'151908,475;'211504,228;';N;IRREG;13;39;Unknown;Unknown;;None;;;';;';;Y;;;;'15/01/2019 12:41:18;48;11086474;;LU;1;';';';';';;;;;;;;';;';;Y;;;;'15/01/2019 12:41:18
;;;Zoning;6807323;'20200219142313;W03-C-Antwerpen-West-FH07;6807323;'20200219142313;W03-C-Antwerpen-West-FH07;19084;FTTH-Cu;11382481;'20191021144113;'Willem Lepelstraat 13 - 15 - 17;;;;;;;11379318;'20191021144056;1989051;'1630000;'18587;Willem Lepelstraat;'15;';2000;Antwerpen;;'151908,475;'211504,228;';N;IRREG;13;39;Unknown;Unknown;;None;;;';;';;Y;;;;'15/01/2019 12:41:18;49;11086475;;LU;1;';';';';';;;;;;;;';;';;Y;;;;'15/01/2019 12:41:18
;;;Zoning;6807323;'20200219142313;W03-C-Antwerpen-West-FH07;6807323;'20200219142313;W03-C-Antwerpen-West-FH07;19084;FTTH-Cu;11382481;'20191021144113;'Willem Lepelstraat 13 - 15 - 17;;;;;;;11379318;'20191021144056;1989051;'1630000;'18587;Willem Lepelstraat;'15;';2000;Antwerpen;;'151908,475;'211504,228;';N;IRREG;13;39;Unknown;Unknown;;None;;;';;';;Y;;;;'15/01/2019 12:41:18;50;11086476;;LU;1;';';';';';;;;;;;;';;';;Y;;;;'15/01/2019 12:41:18
;;;Zoning;6807323;'20200219142313;W03-C-Antwerpen-West-FH07;6807323;'20200219142313;W03-C-Antwerpen-West-FH07;19084;FTTH-Cu;11382481;'20191021144113;'Willem Lepelstraat 13 - 15 - 17;;;;;;;11379419;'20191021144106;5575917;'1630000;'18587;Willem Lepelstraat;'17;';2000;Antwerpen;;'151906,472;'211495,112;';N;IRREG;13;39;Unknown;Unknown;;None;;;';;';;Y;;;;'15/01/2019 12:41:18;1;11086477;;LU;1;';';';';';;;;;;;;';;';;Y;;;;'15/01/2019 12:41:18
;;;Zoning;6807323;'20200219142313;W03-C-Antwerpen-West-FH07;6807323;'20200219142313;W03-C-Antwerpen-West-FH07;19084;FTTH-Cu;11382481;'20191021144113;'Willem Lepelstraat 13 - 15 - 17;;;;;;;11379419;'20191021144106;5575917;'1630000;'18587;Willem Lepelstraat;'17;';2000;Antwerpen;;'151906,472;'211495,112;';N;IRREG;13;39;Unknown;Unknown;;None;;;';;';;Y;;;;'15/01/2019 12:41:18;2;11086478;;LU;1;';';';';';;;;;;;;';;';;Y;;;;'15/01/2019 12:41:18
;;;Zoning;6807323;'20200219142313;W03-C-Antwerpen-West-FH07;6807323;'20200219142313;W03-C-Antwerpen-West-FH07;19084;FTTH-Cu;11382481;'20191021144113;'Willem Lepelstraat 13 - 15 - 17;;;;;;;11379419;'20191021144106;5575917;'1630000;'18587;Willem Lepelstraat;'17;';2000;Antwerpen;;'151906,472;'211495,112;';N;IRREG;13;39;Unknown;Unknown;;None;;;';;';;Y;;;;'15/01/2019 12:41:18;3;11086479;;LU;1;';';';';';;;;;;;;';;';;Y;;;;'15/01/2019 12:41:18
;;;Zoning;6807323;'20200219142313;W03-C-Antwerpen-West-FH07;6807323;'20200219142313;W03-C-Antwerpen-West-FH07;19084;FTTH-Cu;11382481;'20191021144113;'Willem Lepelstraat 13 - 15 - 17;;;;;;;11379419;'20191021144106;5575917;'1630000;'18587;Willem Lepelstraat;'17;';2000;Antwerpen;;'151906,472;'211495,112;';N;IRREG;13;39;Unknown;Unknown;;None;;;';;';;Y;;;;'15/01/2019 12:41:18;4;11086480;;LU;1;';';';';';;;;;;;;';;';;Y;;;;'15/01/2019 12:41:18
;;;Zoning;6807323;'20200219142313;W03-C-Antwerpen-West-FH07;6807323;'20200219142313;W03-C-Antwerpen-West-FH07;19084;FTTH-Cu;11382481;'20191021144113;'Willem Lepelstraat 13 - 15 - 17;;;;;;;11379419;'20191021144106;5575917;'1630000;'18587;Willem Lepelstraat;'17;';2000;Antwerpen;;'151906,472;'211495,112;';N;IRREG;13;39;Unknown;Unknown;;None;;;';;';;Y;;;;'15/01/2019 12:41:18;5;11086481;;LU;1;';';';';';;;;;;;;';;';;Y;;;;'15/01/2019 12:41:18
;;;Zoning;6807323;'20200219142313;W03-C-Antwerpen-West-FH07;6807323;'20200219142313;W03-C-Antwerpen-West-FH07;19084;FTTH-Cu;11382481;'20191021144113;'Willem Lepelstraat 13 - 15 - 17;;;;;;;11379419;'20191021144106;5575917;'1630000;'18587;Willem Lepelstraat;'17;';2000;Antwerpen;;'151906,472;'211495,112;';N;IRREG;13;39;Unknown;Unknown;;None;;;';;';;Y;;;;'15/01/2019 12:41:18;6;11086482;;LU;1;';';';';';;;;;;;;';;';;Y;;;;'15/01/2019 12:41:18
;;;Zoning;6807323;'20200219142313;W03-C-Antwerpen-West-FH07;6807323;'20200219142313;W03-C-Antwerpen-West-FH07;19084;FTTH-Cu;11382481;'20191021144113;'Willem Lepelstraat 13 - 15 - 17;;;;;;;11379419;'20191021144106;5575917;'1630000;'18587;Willem Lepelstraat;'17;';2000;Antwerpen;;'151906,472;'211495,112;';N;IRREG;13;39;Unknown;Unknown;;None;;;';;';;Y;;;;'15/01/2019 12:41:18;7;11086483;;LU;1;';';';';';;;;;;;;';;';;Y;;;;'15/01/2019 12:41:18
;;;Zoning;6807323;'20200219142313;W03-C-Antwerpen-West-FH07;6807323;'20200219142313;W03-C-Antwerpen-West-FH07;19084;FTTH-Cu;11382481;'20191021144113;'Willem Lepelstraat 13 - 15 - 17;;;;;;;11379419;'20191021144106;5575917;'1630000;'18587;Willem Lepelstraat;'17;';2000;Antwerpen;;'151906,472;'211495,112;';N;IRREG;13;39;Unknown;Unknown;;None;;;';;';;Y;;;;'15/01/2019 12:41:18;8;11086484;;LU;1;';';';';';;;;;;;;';;';;Y;;;;'15/01/2019 12:41:18
;;;Zoning;6807323;'20200219142313;W03-C-Antwerpen-West-FH07;6807323;'20200219142313;W03-C-Antwerpen-West-FH07;19084;FTTH-Cu;11382481;'20191021144113;'Willem Lepelstraat 13 - 15 - 17;;;;;;;11379419;'20191021144106;5575917;'1630000;'18587;Willem Lepelstraat;'17;';2000;Antwerpen;;'151906,472;'211495,112;';N;IRREG;13;39;Unknown;Unknown;;None;;;';;';;Y;;;;'15/01/2019 12:41:18;9;11086485;;LU;1;';';';';';;;;;;;;';;';;Y;;;;'15/01/2019 12:41:18
;;;Zoning;6807323;'20200219142313;W03-C-Antwerpen-West-FH07;6807323;'20200219142313;W03-C-Antwerpen-West-FH07;19084;FTTH-Cu;11382481;'20191021144113;'Willem Lepelstraat 13 - 15 - 17;;;;;;;11379419;'20191021144106;5575917;'1630000;'18587;Willem Lepelstraat;'17;';2000;Antwerpen;;'151906,472;'211495,112;';N;IRREG;13;39;Unknown;Unknown;;None;;;';;';;Y;;;;'15/01/2019 12:41:18;10;11086486;;LU;1;';';';';';;;;;;;;';;';;Y;;;;'15/01/2019 12:41:18
;;;Zoning;6807323;'20200219142313;W03-C-Antwerpen-West-FH07;6807323;'20200219142313;W03-C-Antwerpen-West-FH07;19084;FTTH-Cu;11382481;'20191021144113;'Willem Lepelstraat 13 - 15 - 17;;;;;;;11379419;'20191021144106;5575917;'1630000;'18587;Willem Lepelstraat;'17;';2000;Antwerpen;;'151906,472;'211495,112;';N;IRREG;13;39;Unknown;Unknown;;None;;;';;';;Y;;;;'15/01/2019 12:41:18;11;11086487;;LU;1;';';';';';;;;;;;;';;';;Y;;;;'15/01/2019 12:41:18
;;;Zoning;6807323;'20200219142313;W03-C-Antwerpen-West-FH07;6807323;'20200219142313;W03-C-Antwerpen-West-FH07;19084;FTTH-Cu;11382481;'20191021144113;'Willem Lepelstraat 13 - 15 - 17;;;;;;;11379419;'20191021144106;5575917;'1630000;'18587;Willem Lepelstraat;'17;';2000;Antwerpen;;'151906,472;'211495,112;';N;IRREG;13;39;Unknown;Unknown;;None;;;';;';;Y;;;;'15/01/2019 12:41:18;12;11086488;;LU;1;';';';';';;;;;;;;';;';;Y;;;;'15/01/2019 12:41:18
;;;Zoning;6807323;'20200219142313;W03-C-Antwerpen-West-FH07;6807323;'20200219142313;W03-C-Antwerpen-West-FH07;19084;FTTH-Cu;11382481;'20191021144113;'Willem Lepelstraat 13 - 15 - 17;;;;;;;11379419;'20191021144106;5575917;'1630000;'18587;Willem Lepelstraat;'17;';2000;Antwerpen;;'151906,472;'211495,112;';N;IRREG;13;39;Unknown;Unknown;;None;;;';;';;Y;;;;'15/01/2019 12:41:18;13;11086489;;LU;1;';';';';';;;;;;;;';;';;Y;;;;'15/01/2019 12:41:18
;;;Zoning;6807323;'20200219142313;W03-C-Antwerpen-West-FH07;6807323;'20200219142313;W03-C-Antwerpen-West-FH07;19084;FTTH-Cu;11382481;'20191021144113;'Willem Lepelstraat 13 - 15 - 17;;;;;;;11379419;'20191021144106;5575917;'1630000;'18587;Willem Lepelstraat;'17;';2000;Antwerpen;;'151906,472;'211495,112;';N;IRREG;13;39;Unknown;Unknown;;None;;;';;';;Y;;;;'15/01/2019 12:41:18;14;11086490;;LU;1;';';';';';;;;;;;;';;';;Y;;;;'15/01/2019 12:41:18
;;;Zoning;6807323;'20200219142313;W03-C-Antwerpen-West-FH07;6807323;'20200219142313;W03-C-Antwerpen-West-FH07;19084;FTTH-Cu;11382481;'20191021144113;'Willem Lepelstraat 13 - 15 - 17;;;;;;;11379419;'20191021144106;5575917;'1630000;'18587;Willem Lepelstraat;'17;';2000;Antwerpen;;'151906,472;'211495,112;';N;IRREG;13;39;Unknown;Unknown;;None;;;';;';;Y;;;;'15/01/2019 12:41:18;15;11086491;;LU;1;';';';';';;;;;;;;';;';;Y;;;;'15/01/2019 12:41:18
;;;Zoning;6807323;'20200219142313;W03-C-Antwerpen-West-FH07;6807323;'20200219142313;W03-C-Antwerpen-West-FH07;19084;FTTH-Cu;11382481;'20191021144113;'Willem Lepelstraat 13 - 15 - 17;;;;;;;11379419;'20191021144106;5575917;'1630000;'18587;Willem Lepelstraat;'17;';2000;Antwerpen;;'151906,472;'211495,112;';N;IRREG;13;39;Unknown;Unknown;;None;;;';;';;Y;;;;'15/01/2019 12:41:18;16;11086492;;LU;1;';';';';';;;;;;;;';;';;Y;;;;'15/01/2019 12:41:18
;;;Zoning;6807323;'20200219142313;W03-C-Antwerpen-West-FH07;6807323;'20200219142313;W03-C-Antwerpen-West-FH07;19084;FTTH-Cu;11382481;'20191021144113;'Willem Lepelstraat 13 - 15 - 17;;;;;;;11379419;'20191021144106;5575917;'1630000;'18587;Willem Lepelstraat;'17;';2000;Antwerpen;;'151906,472;'211495,112;';N;IRREG;13;39;Unknown;Unknown;;None;;;';;';;Y;;;;'15/01/2019 12:41:18;17;11086494;;LU;1;';';';';';;;;;;;;';;';;Y;;;;'15/01/2019 12:41:18
;;;Zoning;6807323;'20200219142313;W03-C-Antwerpen-West-FH07;6807323;'20200219142313;W03-C-Antwerpen-West-FH07;19084;FTTH-Cu;11382481;'20191021144113;'Willem Lepelstraat 13 - 15 - 17;;;;;;;11379419;'20191021144106;5575917;'1630000;'18587;Willem Lepelstraat;'17;';2000;Antwerpen;;'151906,472;'211495,112;';N;IRREG;13;39;Unknown;Unknown;;None;;;';;';;Y;;;;'15/01/2019 12:41:18;18;11086496;;LU;1;';';';';';;;;;;;;';;';;Y;;;;'15/01/2019 12:41:18
;;;Zoning;6807323;'20200219142313;W03-C-Antwerpen-West-FH07;6807323;'20200219142313;W03-C-Antwerpen-West-FH07;19084;FTTH-Cu;11382481;'20191021144113;'Willem Lepelstraat 13 - 15 - 17;;;;;;;11379419;'20191021144106;5575917;'1630000;'18587;Willem Lepelstraat;'17;';2000;Antwerpen;;'151906,472;'211495,112;';N;IRREG;13;39;Unknown;Unknown;;None;;;';;';;Y;;;;'15/01/2019 12:41:18;19;11086497;;LU;1;';';';';';;;;;;;;';;';;Y;;;;'15/01/2019 12:41:18
;;;Zoning;6807323;'20200219142313;W03-C-Antwerpen-West-FH07;6807323;'20200219142313;W03-C-Antwerpen-West-FH07;19084;FTTH-Cu;11382481;'20191021144113;'Willem Lepelstraat 13 - 15 - 17;;;;;;;11379419;'20191021144106;5575917;'1630000;'18587;Willem Lepelstraat;'17;';2000;Antwerpen;;'151906,472;'211495,112;';N;IRREG;13;39;Unknown;Unknown;;None;;;';;';;Y;;;;'15/01/2019 12:41:18;20;11086498;;LU;1;';';';';';;;;;;;;';;';;Y;;;;'15/01/2019 12:41:18
;;;Zoning;6807323;'20200219142313;W03-C-Antwerpen-West-FH07;6807323;'20200219142313;W03-C-Antwerpen-West-FH07;19084;FTTH-Cu;11382481;'20191021144113;'Willem Lepelstraat 13 - 15 - 17;;;;;;;11379419;'20191021144106;5575917;'1630000;'18587;Willem Lepelstraat;'17;';2000;Antwerpen;;'151906,472;'211495,112;';N;IRREG;13;39;Unknown;Unknown;;None;;;';;';;Y;;;;'15/01/2019 12:41:18;21;11086499;;LU;1;';';';';';;;;;;;;';;';;Y;;;;'15/01/2019 12:41:18
;;;Zoning;6807323;'20200219142313;W03-C-Antwerpen-West-FH07;6807323;'20200219142313;W03-C-Antwerpen-West-FH07;19084;FTTH-Cu;11382481;'20191021144113;'Willem Lepelstraat 13 - 15 - 17;;;;;;;11379419;'20191021144106;5575917;'1630000;'18587;Willem Lepelstraat;'17;';2000;Antwerpen;;'151906,472;'211495,112;';N;IRREG;13;39;Unknown;Unknown;;None;;;';;';;Y;;;;'15/01/2019 12:41:18;22;11086500;;LU;1;';';';';';;;;;;;;';;';;Y;;;;'15/01/2019 12:41:18
;;;Zoning;6807323;'20200219142313;W03-C-Antwerpen-West-FH07;6807323;'20200219142313;W03-C-Antwerpen-West-FH07;19084;FTTH-Cu;11382481;'20191021144113;'Willem Lepelstraat 13 - 15 - 17;;;;;;;11379419;'20191021144106;5575917;'1630000;'18587;Willem Lepelstraat;'17;';2000;Antwerpen;;'151906,472;'211495,112;';N;IRREG;13;39;Unknown;Unknown;;None;;;';;';;Y;;;;'15/01/2019 12:41:18;23;11086501;;LU;1;';';';';';;;;;;;;';;';;Y;;;;'15/01/2019 12:41:18
;;;Zoning;6807323;'20200219142313;W03-C-Antwerpen-West-FH07;6807323;'20200219142313;W03-C-Antwerpen-West-FH07;19084;FTTH-Cu;11382481;'20191021144113;'Willem Lepelstraat 13 - 15 - 17;;;;;;;11379419;'20191021144106;5575917;'1630000;'18587;Willem Lepelstraat;'17;';2000;Antwerpen;;'151906,472;'211495,112;';N;IRREG;13;39;Unknown;Unknown;;None;;;';;';;Y;;;;'15/01/2019 12:41:18;24;11086502;;LU;1;';';';';';;;;;;;;';;';;Y;;;;'15/01/2019 12:41:18
;;;Zoning;6807323;'20200219142313;W03-C-Antwerpen-West-FH07;6807323;'20200219142313;W03-C-Antwerpen-West-FH07;19084;FTTH-Cu;11382481;'20191021144113;'Willem Lepelstraat 13 - 15 - 17;;;;;;;11379419;'20191021144106;5575917;'1630000;'18587;Willem Lepelstraat;'17;';2000;Antwerpen;;'151906,472;'211495,112;';N;IRREG;13;39;Unknown;Unknown;;None;;;';;';;Y;;;;'15/01/2019 12:41:18;25;11086503;;LU;1;';';';';';;;;;;;;';;';;Y;;;;'15/01/2019 12:41:18
;;;Zoning;6807323;'20200219142313;W03-C-Antwerpen-West-FH07;6807323;'20200219142313;W03-C-Antwerpen-West-FH07;19084;FTTH-Cu;11382481;'20191021144113;'Willem Lepelstraat 13 - 15 - 17;;;;;;;11379419;'20191021144106;5575917;'1630000;'18587;Willem Lepelstraat;'17;';2000;Antwerpen;;'151906,472;'211495,112;';N;IRREG;13;39;Unknown;Unknown;;None;;;';;';;Y;;;;'15/01/2019 12:41:18;26;11086504;;LU;1;';';';';';;;;;;;;';;';;Y;;;;'15/01/2019 12:41:18
;;;Zoning;6807323;'20200219142313;W03-C-Antwerpen-West-FH07;6807323;'20200219142313;W03-C-Antwerpen-West-FH07;19084;FTTH-Cu;11382481;'20191021144113;'Willem Lepelstraat 13 - 15 - 17;;;;;;;11379419;'20191021144106;5575917;'1630000;'18587;Willem Lepelstraat;'17;';2000;Antwerpen;;'151906,472;'211495,112;';N;IRREG;13;39;Unknown;Unknown;;None;;;';;';;Y;;;;'15/01/2019 12:41:18;27;11086505;;LU;1;';';';';';;;;;;;;';;';;Y;;;;'15/01/2019 12:41:18
;;;Zoning;6807323;'20200219142313;W03-C-Antwerpen-West-FH07;6807323;'20200219142313;W03-C-Antwerpen-West-FH07;19084;FTTH-Cu;11382481;'20191021144113;'Willem Lepelstraat 13 - 15 - 17;;;;;;;11379419;'20191021144106;5575917;'1630000;'18587;Willem Lepelstraat;'17;';2000;Antwerpen;;'151906,472;'211495,112;';N;IRREG;13;39;Unknown;Unknown;;None;;;';;';;Y;;;;'15/01/2019 12:41:18;28;11086506;;LU;1;';';';';';;;;;;;;';;';;Y;;;;'15/01/2019 12:41:18
;;;Zoning;6807323;'20200219142313;W03-C-Antwerpen-West-FH07;6807323;'20200219142313;W03-C-Antwerpen-West-FH07;19084;FTTH-Cu;11382481;'20191021144113;'Willem Lepelstraat 13 - 15 - 17;;;;;;;11379419;'20191021144106;5575917;'1630000;'18587;Willem Lepelstraat;'17;';2000;Antwerpen;;'151906,472;'211495,112;';N;IRREG;13;39;Unknown;Unknown;;None;;;';;';;Y;;;;'15/01/2019 12:41:18;29;11086507;;LU;1;';';';';';;;;;;;;';;';;Y;;;;'15/01/2019 12:41:18
;;;Zoning;6807323;'20200219142313;W03-C-Antwerpen-West-FH07;6807323;'20200219142313;W03-C-Antwerpen-West-FH07;19084;FTTH-Cu;11382481;'20191021144113;'Willem Lepelstraat 13 - 15 - 17;;;;;;;11379419;'20191021144106;5575917;'1630000;'18587;Willem Lepelstraat;'17;';2000;Antwerpen;;'151906,472;'211495,112;';N;IRREG;13;39;Unknown;Unknown;;None;;;';;';;Y;;;;'15/01/2019 12:41:18;30;11086508;;LU;1;';';';';';;;;;;;;';;';;Y;;;;'15/01/2019 12:41:18
;;;Zoning;6807323;'20200219142313;W03-C-Antwerpen-West-FH07;6807323;'20200219142313;W03-C-Antwerpen-West-FH07;19084;FTTH-Cu;11382481;'20191021144113;'Willem Lepelstraat 13 - 15 - 17;;;;;;;11379419;'20191021144106;5575917;'1630000;'18587;Willem Lepelstraat;'17;';2000;Antwerpen;;'151906,472;'211495,112;';N;IRREG;13;39;Unknown;Unknown;;None;;;';;';;Y;;;;'15/01/2019 12:41:18;31;11086509;;LU;1;';';';';';;;;;;;;';;';;Y;;;;'15/01/2019 12:41:18
;;;Zoning;6807323;'20200219142313;W03-C-Antwerpen-West-FH07;6807323;'20200219142313;W03-C-Antwerpen-West-FH07;19084;FTTH-Cu;11382481;'20191021144113;'Willem Lepelstraat 13 - 15 - 17;;;;;;;11379419;'20191021144106;5575917;'1630000;'18587;Willem Lepelstraat;'17;';2000;Antwerpen;;'151906,472;'211495,112;';N;IRREG;13;39;Unknown;Unknown;;None;;;';;';;Y;;;;'15/01/2019 12:41:18;32;11086510;;LU;1;';';';';';;;;;;;;';;';;Y;;;;'15/01/2019 12:41:18
;;;Zoning;6807323;'20200219142313;W03-C-Antwerpen-West-FH07;6807323;'20200219142313;W03-C-Antwerpen-West-FH07;19084;FTTH-Cu;11382481;'20191021144113;'Willem Lepelstraat 13 - 15 - 17;;;;;;;11379419;'20191021144106;5575917;'1630000;'18587;Willem Lepelstraat;'17;';2000;Antwerpen;;'151906,472;'211495,112;';N;IRREG;13;39;Unknown;Unknown;;None;;;';;';;Y;;;;'15/01/2019 12:41:18;33;11086511;;LU;1;';';';';';;;;;;;;';;';;Y;;;;'15/01/2019 12:41:18
;;;Zoning;6807323;'20200219142313;W03-C-Antwerpen-West-FH07;6807323;'20200219142313;W03-C-Antwerpen-West-FH07;19084;FTTH-Cu;11382481;'20191021144113;'Willem Lepelstraat 13 - 15 - 17;;;;;;;11379419;'20191021144106;5575917;'1630000;'18587;Willem Lepelstraat;'17;';2000;Antwerpen;;'151906,472;'211495,112;';N;IRREG;13;39;Unknown;Unknown;;None;;;';;';;Y;;;;'15/01/2019 12:41:18;34;11086512;;LU;1;';';';';';;;;;;;;';;';;Y;;;;'15/01/2019 12:41:18
;;;Zoning;6807323;'20200219142313;W03-C-Antwerpen-West-FH07;6807323;'20200219142313;W03-C-Antwerpen-West-FH07;19084;FTTH-Cu;11382481;'20191021144113;'Willem Lepelstraat 13 - 15 - 17;;;;;;;11379419;'20191021144106;5575917;'1630000;'18587;Willem Lepelstraat;'17;';2000;Antwerpen;;'151906,472;'211495,112;';N;IRREG;13;39;Unknown;Unknown;;None;;;';;';;Y;;;;'15/01/2019 12:41:18;35;11086513;;LU;1;';';';';';;;;;;;;';;';;Y;;;;'15/01/2019 12:41:18
;;;Zoning;6807323;'20200219142313;W03-C-Antwerpen-West-FH07;6807323;'20200219142313;W03-C-Antwerpen-West-FH07;19084;FTTH-Cu;11382481;'20191021144113;'Willem Lepelstraat 13 - 15 - 17;;;;;;;11379419;'20191021144106;5575917;'1630000;'18587;Willem Lepelstraat;'17;';2000;Antwerpen;;'151906,472;'211495,112;';N;IRREG;13;39;Unknown;Unknown;;None;;;';;';;Y;;;;'15/01/2019 12:41:18;36;11086514;;LU;1;';';';';';;;;;;;;';;';;Y;;;;'15/01/2019 12:41:18
;;;Zoning;6807323;'20200219142313;W03-C-Antwerpen-West-FH07;6807323;'20200219142313;W03-C-Antwerpen-West-FH07;19084;FTTH-Cu;11382481;'20191021144113;'Willem Lepelstraat 13 - 15 - 17;;;;;;;11379419;'20191021144106;5575917;'1630000;'18587;Willem Lepelstraat;'17;';2000;Antwerpen;;'151906,472;'211495,112;';N;IRREG;13;39;Unknown;Unknown;;None;;;';;';;Y;;;;'15/01/2019 12:41:18;37;11086520;;LU;1;';';';';';;;;;;;;';;';;Y;;;;'15/01/2019 12:41:18
;;;Zoning;6807323;'20200219142313;W03-C-Antwerpen-West-FH07;6807323;'20200219142313;W03-C-Antwerpen-West-FH07;19084;FTTH-Cu;11382481;'20191021144113;'Willem Lepelstraat 13 - 15 - 17;;;;;;;11379419;'20191021144106;5575917;'1630000;'18587;Willem Lepelstraat;'17;';2000;Antwerpen;;'151906,472;'211495,112;';N;IRREG;13;39;Unknown;Unknown;;None;;;';;';;Y;;;;'15/01/2019 12:41:18;38;11086530;;LU;1;';';';';';;;;;;;;';;';;Y;;;;'15/01/2019 12:41:18
;;;Zoning;6807323;'20200219142313;W03-C-Antwerpen-West-FH07;6807323;'20200219142313;W03-C-Antwerpen-West-FH07;19084;FTTH-Cu;11382481;'20191021144113;'Willem Lepelstraat 13 - 15 - 17;;;;;;;11379419;'20191021144106;5575917;'1630000;'18587;Willem Lepelstraat;'17;';2000;Antwerpen;;'151906,472;'211495,112;';N;IRREG;13;39;Unknown;Unknown;;None;;;';;';;Y;;;;'15/01/2019 12:41:18;39;11086532;;LU;1;';';';';';;;;;;;;';;';;Y;;;;'15/01/2019 12:41:18
;;;Zoning;6807323;'20200219142313;W03-C-Antwerpen-West-FH07;6807323;'20200219142313;W03-C-Antwerpen-West-FH07;19084;FTTH-Cu;11382481;'20191021144113;'Willem Lepelstraat 13 - 15 - 17;;;;;;;11379419;'20191021144106;5575917;'1630000;'18587;Willem Lepelstraat;'17;';2000;Antwerpen;;'151906,472;'211495,112;';N;IRREG;13;39;Unknown;Unknown;;None;;;';;';;Y;;;;'15/01/2019 12:41:18;40;11086533;;LU;1;';';';';';;;;;;;;';;';;Y;;;;'15/01/2019 12:41:18
;;;Zoning;6807323;'20200219142313;W03-C-Antwerpen-West-FH07;6807323;'20200219142313;W03-C-Antwerpen-West-FH07;19084;FTTH-Cu;11382481;'20191021144113;'Willem Lepelstraat 13 - 15 - 17;;;;;;;11379419;'20191021144106;5575917;'1630000;'18587;Willem Lepelstraat;'17;';2000;Antwerpen;;'151906,472;'211495,112;';N;IRREG;13;39;Unknown;Unknown;;None;;;';;';;Y;;;;'15/01/2019 12:41:18;41;11086534;;LU;1;';';';';';;;;;;;;';;';;Y;;;;'15/01/2019 12:41:18
;;;Zoning;6807323;'20200219142313;W03-C-Antwerpen-West-FH07;6807323;'20200219142313;W03-C-Antwerpen-West-FH07;19084;FTTH-Cu;11382481;'20191021144113;'Willem Lepelstraat 13 - 15 - 17;;;;;;;11379419;'20191021144106;5575917;'1630000;'18587;Willem Lepelstraat;'17;';2000;Antwerpen;;'151906,472;'211495,112;';N;IRREG;13;39;Unknown;Unknown;;None;;;';;';;Y;;;;'15/01/2019 12:41:18;42;11086535;;LU;1;';';';';';;;;;;;;';;';;Y;;;;'15/01/2019 12:41:18
;;;Zoning;6807323;'20200219142313;W03-C-Antwerpen-West-FH07;6807323;'20200219142313;W03-C-Antwerpen-West-FH07;19084;FTTH-Cu;11382481;'20191021144113;'Willem Lepelstraat 13 - 15 - 17;;;;;;;11379419;'20191021144106;5575917;'1630000;'18587;Willem Lepelstraat;'17;';2000;Antwerpen;;'151906,472;'211495,112;';N;IRREG;13;39;Unknown;Unknown;;None;;;';;';;Y;;;;'15/01/2019 12:41:18;43;11086536;;LU;1;';';';';';;;;;;;;';;';;Y;;;;'15/01/2019 12:41:18
;;;Zoning;6807323;'20200219142313;W03-C-Antwerpen-West-FH07;6807323;'20200219142313;W03-C-Antwerpen-West-FH07;19084;FTTH-Cu;11382481;'20191021144113;'Willem Lepelstraat 13 - 15 - 17;;;;;;;11379419;'20191021144106;5575917;'1630000;'18587;Willem Lepelstraat;'17;';2000;Antwerpen;;'151906,472;'211495,112;';N;IRREG;13;39;Unknown;Unknown;;None;;;';;';;Y;;;;'15/01/2019 12:41:18;44;11086537;;LU;1;';';';';';;;;;;;;';;';;Y;;;;'15/01/2019 12:41:18
;;;Zoning;6807323;'20200219142313;W03-C-Antwerpen-West-FH07;6807323;'20200219142313;W03-C-Antwerpen-West-FH07;19084;FTTH-Cu;11382481;'20191021144113;'Willem Lepelstraat 13 - 15 - 17;;;;;;;11379419;'20191021144106;5575917;'1630000;'18587;Willem Lepelstraat;'17;';2000;Antwerpen;;'151906,472;'211495,112;';N;IRREG;13;39;Unknown;Unknown;;None;;;';;';;Y;;;;'15/01/2019 12:41:18;45;11086538;;LU;1;';';';';';;;;;;;;';;';;Y;;;;'15/01/2019 12:41:18
;;;Zoning;6807323;'20200219142313;W03-C-Antwerpen-West-FH07;6807323;'20200219142313;W03-C-Antwerpen-West-FH07;19084;FTTH-Cu;11382481;'20191021144113;'Willem Lepelstraat 13 - 15 - 17;;;;;;;11379419;'20191021144106;5575917;'1630000;'18587;Willem Lepelstraat;'17;';2000;Antwerpen;;'151906,472;'211495,112;';N;IRREG;13;39;Unknown;Unknown;;None;;;';;';;Y;;;;'15/01/2019 12:41:18;46;11086539;;LU;1;';';';';';;;;;;;;';;';;Y;;;;'15/01/2019 12:41:18
;;;Zoning;6807323;'20200219142313;W03-C-Antwerpen-West-FH07;6807323;'20200219142313;W03-C-Antwerpen-West-FH07;19084;FTTH-Cu;11382481;'20191021144113;'Willem Lepelstraat 13 - 15 - 17;;;;;;;11379419;'20191021144106;5575917;'1630000;'18587;Willem Lepelstraat;'17;';2000;Antwerpen;;'151906,472;'211495,112;';N;IRREG;13;39;Unknown;Unknown;;None;;;';;';;Y;;;;'15/01/2019 12:41:18;47;11086540;;LU;1;';';';';';;;;;;;;';;';;Y;;;;'15/01/2019 12:41:18
;;;Zoning;6807323;'20200219142313;W03-C-Antwerpen-West-FH07;6807323;'20200219142313;W03-C-Antwerpen-West-FH07;19084;FTTH-Cu;11382481;'20191021144113;'Willem Lepelstraat 13 - 15 - 17;;;;;;;11379419;'20191021144106;5575917;'1630000;'18587;Willem Lepelstraat;'17;';2000;Antwerpen;;'151906,472;'211495,112;';N;IRREG;13;39;Unknown;Unknown;;None;;;';;';;Y;;;;'15/01/2019 12:41:18;48;11086541;;LU;1;';';';';';;;;;;;;';;';;Y;;;;'15/01/2019 12:41:18
;;;Zoning;6807323;'20200219142313;W03-C-Antwerpen-West-FH07;6807323;'20200219142313;W03-C-Antwerpen-West-FH07;19084;FTTH-Cu;11382481;'20191021144113;'Willem Lepelstraat 13 - 15 - 17;;;;;;;11379419;'20191021144106;5575917;'1630000;'18587;Willem Lepelstraat;'17;';2000;Antwerpen;;'151906,472;'211495,112;';N;IRREG;13;39;Unknown;Unknown;;None;;;';;';;Y;;;;'15/01/2019 12:41:18;49;11086542;;LU;1;';';';';';;;;;;;;';;';;Y;;;;'15/01/2019 12:41:18
;;;Zoning;6807323;'20200219142313;W03-C-Antwerpen-West-FH07;6807323;'20200219142313;W03-C-Antwerpen-West-FH07;19084;FTTH-Cu;11382481;'20191021144113;'Willem Lepelstraat 13 - 15 - 17;;;;;;;11379419;'20191021144106;5575917;'1630000;'18587;Willem Lepelstraat;'17;';2000;Antwerpen;;'151906,472;'211495,112;';N;IRREG;13;39;Unknown;Unknown;;None;;;';;';;Y;;;;'15/01/2019 12:41:18;50;11086543;;LU;1;';';';';';;;;;;;;';;';;Y;;;;'15/01/2019 12:41:18
;;;Zoning;6807323;'20200219142313;W03-C-Antwerpen-West-FH07;6807323;'20200219142313;W03-C-Antwerpen-West-FH07;19084;FTTH-Cu;11382584;'20191021150740;'Willem Lepelstraat 18 - 20;;;;;;;11378971;'20191021150711;1989061;'1630000;'18587;Willem Lepelstraat;'18;';2000;Antwerpen;;'151827,003;'211462,45;';N;ORN;4;12;Unknown;Unknown;;None;;;';;';;Y;;;;'15/01/2019 12:41:18;1;11086327;;BU;1;';';';';';;;;;;;;';;';;Y;;;;'15/01/2019 12:41:18
;;;Zoning;6807323;'20200219142313;W03-C-Antwerpen-West-FH07;6807323;'20200219142313;W03-C-Antwerpen-West-FH07;19084;FTTH-Cu;11382584;'20191021150740;'Willem Lepelstraat 18 - 20;;;;;;;11378971;'20191021150711;1989061;'1630000;'18587;Willem Lepelstraat;'18;';2000;Antwerpen;;'151827,003;'211462,45;';N;ORN;4;12;Unknown;Unknown;;None;;;';;';;Y;;;;'15/01/2019 12:41:18;2;11086328;;LU;1;';';';';';;;;;;;;';;';;Y;;;;'15/01/2019 12:41:18
;;;Zoning;6807323;'20200219142313;W03-C-Antwerpen-West-FH07;6807323;'20200219142313;W03-C-Antwerpen-West-FH07;19084;FTTH-Cu;11382584;'20191021150740;'Willem Lepelstraat 18 - 20;;;;;;;11378972;'20191021150731;4517195;'1630000;'18587;Willem Lepelstraat;'20;';2000;Antwerpen;;'151831,181;'211457,731;';N;ORN;4;12;Unknown;Unknown;;None;;;';;';;Y;;;;'15/01/2019 12:41:18;1;11086329;;LU;1;';';';';';;;;;;;;';;';;Y;;;;'15/01/2019 12:41:18
;;;Zoning;6807323;'20200219142313;W03-C-Antwerpen-West-FH07;6807323;'20200219142313;W03-C-Antwerpen-West-FH07;19084;FTTH-Cu;11382584;'20191021150740;'Willem Lepelstraat 18 - 20;;;;;;;11378972;'20191021150731;4517195;'1630000;'18587;Willem Lepelstraat;'20;';2000;Antwerpen;;'151831,181;'211457,731;';N;ORN;4;12;Unknown;Unknown;;None;;;';;';;Y;;;;'15/01/2019 12:41:18;2;11086330;;LU;1;';';';';';;;;;;;;';;';;Y;;;;'15/01/2019 12:41:18
;;;Zoning;6807323;'20200219142313;W03-C-Antwerpen-West-FH07;6807323;'20200219142313;W03-C-Antwerpen-West-FH07;19084;FTTH-Cu;11382482;'20191021144001;'Willem Lepelstraat 19 - 21;;;;;;;11379078;'20191021143950;5575918;'1630000;'18587;Willem Lepelstraat;'21;';2000;Antwerpen;;'151928,75;'211464,719;';N;IRREG;3;9;Unknown;Unknown;;None;;;';;';;Y;;;;'15/01/2019 12:41:18;1;11086375;;LU;1;';';';';';;;;;;;;';;';;Y;;;;'15/01/2019 12:41:18
;;;Zoning;6807323;'20200219142313;W03-C-Antwerpen-West-FH07;6807323;'20200219142313;W03-C-Antwerpen-West-FH07;19084;FTTH-Cu;11382482;'20191021144001;'Willem Lepelstraat 19 - 21;;;;;;;11379078;'20191021143950;5575918;'1630000;'18587;Willem Lepelstraat;'21;';2000;Antwerpen;;'151928,75;'211464,719;';N;IRREG;3;9;Unknown;Unknown;;None;;;';;';;Y;;;;'15/01/2019 12:41:18;2;11086376;;LU;1;';';';';';;;;;;;;';;';;Y;;;;'15/01/2019 12:41:18
;;;Zoning;6807323;'20200219142313;W03-C-Antwerpen-West-FH07;6807323;'20200219142313;W03-C-Antwerpen-West-FH07;19084;FTTH-Cu;11382482;'20191021144001;'Willem Lepelstraat 19 - 21;;;;;;;11379078;'20191021143950;5575918;'1630000;'18587;Willem Lepelstraat;'21;';2000;Antwerpen;;'151928,75;'211464,719;';N;IRREG;3;9;Unknown;Unknown;;None;;;';;';;Y;;;;'15/01/2019 12:41:18;3;11086377;;LU;1;';';';';';;;;;;;;';;';;Y;;;;'15/01/2019 12:41:18
;;;Zoning;6807323;'20200219142313;W03-C-Antwerpen-West-FH07;6807323;'20200219142313;W03-C-Antwerpen-West-FH07;19084;FTTH-Cu;11382482;'20191021144001;'Willem Lepelstraat 19 - 21;;;;;;;11379078;'20191021143950;5575918;'1630000;'18587;Willem Lepelstraat;'21;';2000;Antwerpen;;'151928,75;'211464,719;';N;IRREG;3;9;Unknown;Unknown;;None;;;';;';;Y;;;;'15/01/2019 12:41:18;4;11086378;;LU;1;';';';';';;;;;;;;';;';;Y;;;;'15/01/2019 12:41:18
;;;Zoning;6807323;'20200219142313;W03-C-Antwerpen-West-FH07;6807323;'20200219142313;W03-C-Antwerpen-West-FH07;19084;FTTH-Cu;11382482;'20191021144001;'Willem Lepelstraat 19 - 21;;;;;;;11379078;'20191021143950;5575918;'1630000;'18587;Willem Lepelstraat;'21;';2000;Antwerpen;;'151928,75;'211464,719;';N;IRREG;3;9;Unknown;Unknown;;None;;;';;';;Y;;;;'15/01/2019 12:41:18;5;11086379;;LU;1;';';';';';;;;;;;;';;';;Y;;;;'15/01/2019 12:41:18
;;;Zoning;6807323;'20200219142313;W03-C-Antwerpen-West-FH07;6807323;'20200219142313;W03-C-Antwerpen-West-FH07;19084;FTTH-Cu;11382482;'20191021144001;'Willem Lepelstraat 19 - 21;;;;;;;11379078;'20191021143950;5575918;'1630000;'18587;Willem Lepelstraat;'21;';2000;Antwerpen;;'151928,75;'211464,719;';N;IRREG;3;9;Unknown;Unknown;;None;;;';;';;Y;;;;'15/01/2019 12:41:18;6;11086380;;LU;1;';';';';';;;;;;;;';;';;Y;;;;'15/01/2019 12:41:18
;;;Zoning;6807323;'20200219142313;W03-C-Antwerpen-West-FH07;6807323;'20200219142313;W03-C-Antwerpen-West-FH07;19084;FTTH-Cu;11382482;'20191021144001;'Willem Lepelstraat 19 - 21;;;;;;;11379078;'20191021143950;5575918;'1630000;'18587;Willem Lepelstraat;'21;';2000;Antwerpen;;'151928,75;'211464,719;';N;IRREG;3;9;Unknown;Unknown;;None;;;';;';;Y;;;;'15/01/2019 12:41:18;7;11086381;;LU;1;';';';';';;;;;;;;';;';;Y;;;;'15/01/2019 12:41:18
;;;Zoning;6807323;'20200219142313;W03-C-Antwerpen-West-FH07;6807323;'20200219142313;W03-C-Antwerpen-West-FH07;19084;FTTH-Cu;11382482;'20191021144001;'Willem Lepelstraat 19 - 21;;;;;;;11379078;'20191021143950;5575918;'1630000;'18587;Willem Lepelstraat;'21;';2000;Antwerpen;;'151928,75;'211464,719;';N;IRREG;3;9;Unknown;Unknown;;None;;;';;';;Y;;;;'15/01/2019 12:41:18;8;11086382;;LU;1;';';';';';;;;;;;;';;';;Y;;;;'15/01/2019 12:41:18
;;;Zoning;6807323;'20200219142313;W03-C-Antwerpen-West-FH07;6807323;'20200219142313;W03-C-Antwerpen-West-FH07;19084;FTTH-Cu;11382482;'20191021144001;'Willem Lepelstraat 19 - 21;;;;;;;11379078;'20191021143950;5575918;'1630000;'18587;Willem Lepelstraat;'21;';2000;Antwerpen;;'151928,75;'211464,719;';N;IRREG;3;9;Unknown;Unknown;;None;;;';;';;Y;;;;'15/01/2019 12:41:18;9;11086383;;LU;1;';';';';';;;;;;;;';;';;Y;;;;'15/01/2019 12:41:18
;;;Zoning;6807323;'20200219142313;W03-C-Antwerpen-West-FH07;6807323;'20200219142313;W03-C-Antwerpen-West-FH07;19084;FTTH-Cu;11382482;'20191021144001;'Willem Lepelstraat 19 - 21;;;;;;;11379078;'20191021143950;5575918;'1630000;'18587;Willem Lepelstraat;'21;';2000;Antwerpen;;'151928,75;'211464,719;';N;IRREG;3;9;Unknown;Unknown;;None;;;';;';;Y;;;;'15/01/2019 12:41:18;10;11086384;;LU;1;';';';';';;;;;;;;';;';;Y;;;;'15/01/2019 12:41:18
;;;Zoning;6807323;'20200219142313;W03-C-Antwerpen-West-FH07;6807323;'20200219142313;W03-C-Antwerpen-West-FH07;19084;FTTH-Cu;11382482;'20191021144001;'Willem Lepelstraat 19 - 21;;;;;;;11379078;'20191021143950;5575918;'1630000;'18587;Willem Lepelstraat;'21;';2000;Antwerpen;;'151928,75;'211464,719;';N;IRREG;3;9;Unknown;Unknown;;None;;;';;';;Y;;;;'15/01/2019 12:41:18;11;11086385;;LU;1;';';';';';;;;;;;;';;';;Y;;;;'15/01/2019 12:41:18
;;;Zoning;6807323;'20200219142313;W03-C-Antwerpen-West-FH07;6807323;'20200219142313;W03-C-Antwerpen-West-FH07;19084;FTTH-Cu;;';';;;;;;;658452;'20190115201304;1989071;'1630000;'18587;Willem Lepelstraat;'22;';2000;Antwerpen;;'151837,887;'211457,33;';N;ORN;4;12;Unknown;Unknown;;None;;;';;';;Y;;;;'15/01/2019 12:41:18;1;1708456;;LU;1;';';';';';Y;;HOUSE;WONING - MAISON;NA;;;';;';;Y;;;;'15/01/2019 12:41:18
;;;Zoning;6807323;'20200219142313;W03-C-Antwerpen-West-FH07;6807323;'20200219142313;W03-C-Antwerpen-West-FH07;19084;FTTH-Cu;11382483;'20191021145521;'Willem Lepelstraat 23 A - 23 B - 25 A - 25 B;;;;;;;726219;'20190115201313;976540;'1630000;'18587;Willem Lepelstraat;'23;';2000;Antwerpen;;'151970,218;'211449,788;';N;IRREG;5;15;Unknown;Unknown;;None;;;';;';;Y;;;;'15/01/2019 12:41:18;1;1713015;;LU;1;';';';';';Y;;APTBLD;APPARTEMENTSGEBOUW - IMMEUBLE A APPARTEMENTS;NA;;;';;';;Y;;;;'15/01/2019 12:41:18
;;;Zoning;6807323;'20200219142313;W03-C-Antwerpen-West-FH07;6807323;'20200219142313;W03-C-Antwerpen-West-FH07;19084;FTTH-Cu;11382483;'20191021145521;'Willem Lepelstraat 23 A - 23 B - 25 A - 25 B;;;;;;;726219;'20190115201313;976540;'1630000;'18587;Willem Lepelstraat;'23;';2000;Antwerpen;;'151970,218;'211449,788;';N;IRREG;5;15;Unknown;Unknown;;None;;;';;';;Y;;;;'15/01/2019 12:41:18;2;1713016;;LU;1;';';';';';Y;;APTBLD;APPARTEMENTSGEBOUW - IMMEUBLE A APPARTEMENTS;NA;;;';;';;Y;;;;'15/01/2019 12:41:18
;;;Zoning;6807323;'20200219142313;W03-C-Antwerpen-West-FH07;6807323;'20200219142313;W03-C-Antwerpen-West-FH07;19084;FTTH-Cu;11382483;'20191021145521;'Willem Lepelstraat 23 A - 23 B - 25 A - 25 B;;;;;;;726219;'20190115201313;976540;'1630000;'18587;Willem Lepelstraat;'23;';2000;Antwerpen;;'151970,218;'211449,788;';N;IRREG;5;15;Unknown;Unknown;;None;;;';;';;Y;;;;'15/01/2019 12:41:18;3;1713017;;LU;1;';';';';';Y;;APTBLD;APPARTEMENTSGEBOUW - IMMEUBLE A APPARTEMENTS;NA;;;';;';;Y;;;;'15/01/2019 12:41:18
;;;Zoning;6807323;'20200219142313;W03-C-Antwerpen-West-FH07;6807323;'20200219142313;W03-C-Antwerpen-West-FH07;19084;FTTH-Cu;11382483;'20191021145521;'Willem Lepelstraat 23 A - 23 B - 25 A - 25 B;;;;;;;726219;'20190115201313;976540;'1630000;'18587;Willem Lepelstraat;'23;';2000;Antwerpen;;'151970,218;'211449,788;';N;IRREG;5;15;Unknown;Unknown;;None;;;';;';;Y;;;;'15/01/2019 12:41:18;4;1713018;;LU;1;';';';';';Y;;APTBLD;APPARTEMENTSGEBOUW - IMMEUBLE A APPARTEMENTS;NA;;;';;';;Y;;;;'15/01/2019 12:41:18
;;;Zoning;6807323;'20200219142313;W03-C-Antwerpen-West-FH07;6807323;'20200219142313;W03-C-Antwerpen-West-FH07;19084;FTTH-Cu;11382483;'20191021145521;'Willem Lepelstraat 23 A - 23 B - 25 A - 25 B;;;;;;;726219;'20190115201313;976540;'1630000;'18587;Willem Lepelstraat;'23;';2000;Antwerpen;;'151970,218;'211449,788;';N;IRREG;5;15;Unknown;Unknown;;None;;;';;';;Y;;;;'15/01/2019 12:41:18;5;1713019;;LU;1;';';';';';Y;;APTBLD;APPARTEMENTSGEBOUW - IMMEUBLE A APPARTEMENTS;NA;;;';;';;Y;;;;'15/01/2019 12:41:18
;;;Zoning;6807323;'20200219142313;W03-C-Antwerpen-West-FH07;6807323;'20200219142313;W03-C-Antwerpen-West-FH07;19084;FTTH-Cu;11382483;'20191021145521;'Willem Lepelstraat 23 A - 23 B - 25 A - 25 B;;;;;;;11379445;'20191021145509;6339524;'1630000;'18587;Willem Lepelstraat;'23;'A;2000;Antwerpen;;'151962,641;'211455,178;';N;IRREG;5;15;Unknown;Unknown;;None;;;';;';;Y;;;;'15/01/2019 12:41:18;1;11086544;;LU;1;';';';';';;;;;;;;';;';;Y;;;;'15/01/2019 12:41:18
;;;Zoning;6807323;'20200219142313;W03-C-Antwerpen-West-FH07;6807323;'20200219142313;W03-C-Antwerpen-West-FH07;19084;FTTH-Cu;11382483;'20191021145521;'Willem Lepelstraat 23 A - 23 B - 25 A - 25 B;;;;;;;11379445;'20191021145509;6339524;'1630000;'18587;Willem Lepelstraat;'23;'A;2000;Antwerpen;;'151962,641;'211455,178;';N;IRREG;5;15;Unknown;Unknown;;None;;;';;';;Y;;;;'15/01/2019 12:41:18;2;11086545;;LU;1;';';';';';;;;;;;;';;';;Y;;;;'15/01/2019 12:41:18
;;;Zoning;6807323;'20200219142313;W03-C-Antwerpen-West-FH07;6807323;'20200219142313;W03-C-Antwerpen-West-FH07;19084;FTTH-Cu;11382483;'20191021145521;'Willem Lepelstraat 23 A - 23 B - 25 A - 25 B;;;;;;;11379445;'20191021145509;6339524;'1630000;'18587;Willem Lepelstraat;'23;'A;2000;Antwerpen;;'151962,641;'211455,178;';N;IRREG;5;15;Unknown;Unknown;;None;;;';;';;Y;;;;'15/01/2019 12:41:18;3;11086546;;LU;1;';';';';';;;;;;;;';;';;Y;;;;'15/01/2019 12:41:18
;;;Zoning;6807323;'20200219142313;W03-C-Antwerpen-West-FH07;6807323;'20200219142313;W03-C-Antwerpen-West-FH07;19084;FTTH-Cu;11382483;'20191021145521;'Willem Lepelstraat 23 A - 23 B - 25 A - 25 B;;;;;;;11379445;'20191021145509;6339524;'1630000;'18587;Willem Lepelstraat;'23;'A;2000;Antwerpen;;'151962,641;'211455,178;';N;IRREG;5;15;Unknown;Unknown;;None;;;';;';;Y;;;;'15/01/2019 12:41:18;4;11086547;;LU;1;';';';';';;;;;;;;';;';;Y;;;;'15/01/2019 12:41:18
;;;Zoning;6807323;'20200219142313;W03-C-Antwerpen-West-FH07;6807323;'20200219142313;W03-C-Antwerpen-West-FH07;19084;FTTH-Cu;11382483;'20191021145521;'Willem Lepelstraat 23 A - 23 B - 25 A - 25 B;;;;;;;11379445;'20191021145509;6339524;'1630000;'18587;Willem Lepelstraat;'23;'A;2000;Antwerpen;;'151962,641;'211455,178;';N;IRREG;5;15;Unknown;Unknown;;None;;;';;';;Y;;;;'15/01/2019 12:41:18;5;11086548;;LU;1;';';';';';;;;;;;;';;';;Y;;;;'15/01/2019 12:41:18
;;;Zoning;6807323;'20200219142313;W03-C-Antwerpen-West-FH07;6807323;'20200219142313;W03-C-Antwerpen-West-FH07;19084;FTTH-Cu;;';';;;;;;;658453;'20191021150905;1989075;'1630000;'18587;Willem Lepelstraat;'24;';2000;Antwerpen;;'151843,544;'211456,025;';N;ORN;3;9;Unknown;Unknown;;None;;;';;';;Y;;;;'15/01/2019 12:41:18;1;1715135;;LU;1;';';';';';Y;#A.GV.1.2/R/KAVEL EEN;APPART;DEEL_APP_GEBOUW - PARTIE_IMMEUBLE_APP;APPART;;;';;';;Y;;;;'15/01/2019 12:41:18
;;;Zoning;6807323;'20200219142313;W03-C-Antwerpen-West-FH07;6807323;'20200219142313;W03-C-Antwerpen-West-FH07;19084;FTTH-Cu;;';';;;;;;;658453;'20191021150905;1989075;'1630000;'18587;Willem Lepelstraat;'24;';2000;Antwerpen;;'151843,544;'211456,025;';N;ORN;3;9;Unknown;Unknown;;None;;;';;';;Y;;;;'15/01/2019 12:41:18;2;11086732;;BU;1;';';';';';;;;;;;;';;';;Y;;;;'15/01/2019 12:41:18
;;;Zoning;6807323;'20200219142313;W03-C-Antwerpen-West-FH07;6807323;'20200219142313;W03-C-Antwerpen-West-FH07;19084;FTTH-Cu;11382483;'20191021145521;'Willem Lepelstraat 23 A - 23 B - 25 A - 25 B;;;;;;;613508;'20190712080953;111555;'1630000;'18587;Willem Lepelstraat;'25;';2000;Antwerpen;;'151987,062;'211446,23;';N;ORN;5;0;Unknown;Unknown;;None;;;';IFH_BATCH;'12/07/2019 07:32:01;;Y;;;;'12/07/2019 07:28:35;1;1721370;;LU;1;';';';';';Y;;APTBLD;APPARTEMENTSGEBOUW - IMMEUBLE A APPARTEMENTS;NA;;;';;';;Y;;;;'12/07/2019 07:28:35
;;;Zoning;6807323;'20200219142313;W03-C-Antwerpen-West-FH07;6807323;'20200219142313;W03-C-Antwerpen-West-FH07;19084;FTTH-Cu;11382483;'20191021145521;'Willem Lepelstraat 23 A - 23 B - 25 A - 25 B;;;;;;;613508;'20190712080953;111555;'1630000;'18587;Willem Lepelstraat;'25;';2000;Antwerpen;;'151987,062;'211446,23;';N;ORN;5;0;Unknown;Unknown;;None;;;';IFH_BATCH;'12/07/2019 07:32:01;;Y;;;;'12/07/2019 07:28:35;2;1721371;;LU;1;';';';';';Y;;APTBLD;APPARTEMENTSGEBOUW - IMMEUBLE A APPARTEMENTS;NA;;;';;';;Y;;;;'12/07/2019 07:28:35
;;;Zoning;6807323;'20200219142313;W03-C-Antwerpen-West-FH07;6807323;'20200219142313;W03-C-Antwerpen-West-FH07;19084;FTTH-Cu;11382483;'20191021145521;'Willem Lepelstraat 23 A - 23 B - 25 A - 25 B;;;;;;;613508;'20190712080953;111555;'1630000;'18587;Willem Lepelstraat;'25;';2000;Antwerpen;;'151987,062;'211446,23;';N;ORN;5;0;Unknown;Unknown;;None;;;';IFH_BATCH;'12/07/2019 07:32:01;;Y;;;;'12/07/2019 07:28:35;3;1721372;;LU;1;';';';';';Y;;APTBLD;APPARTEMENTSGEBOUW - IMMEUBLE A APPARTEMENTS;NA;;;';;';;Y;;;;'12/07/2019 07:28:35
;;;Zoning;6807323;'20200219142313;W03-C-Antwerpen-West-FH07;6807323;'20200219142313;W03-C-Antwerpen-West-FH07;19084;FTTH-Cu;11382483;'20191021145521;'Willem Lepelstraat 23 A - 23 B - 25 A - 25 B;;;;;;;613508;'20190712080953;111555;'1630000;'18587;Willem Lepelstraat;'25;';2000;Antwerpen;;'151987,062;'211446,23;';N;ORN;5;0;Unknown;Unknown;;None;;;';IFH_BATCH;'12/07/2019 07:32:01;;Y;;;;'12/07/2019 07:28:35;4;1721373;;LU;1;';';';';';Y;;APTBLD;APPARTEMENTSGEBOUW - IMMEUBLE A APPARTEMENTS;NA;;;';;';;Y;;;;'12/07/2019 07:28:35
;;;Zoning;6807323;'20200219142313;W03-C-Antwerpen-West-FH07;6807323;'20200219142313;W03-C-Antwerpen-West-FH07;19084;FTTH-Cu;11382483;'20191021145521;'Willem Lepelstraat 23 A - 23 B - 25 A - 25 B;;;;;;;613508;'20190712080953;111555;'1630000;'18587;Willem Lepelstraat;'25;';2000;Antwerpen;;'151987,062;'211446,23;';N;ORN;5;0;Unknown;Unknown;;None;;;';IFH_BATCH;'12/07/2019 07:32:01;;Y;;;;'12/07/2019 07:28:35;5;1721374;;LU;1;';';';';';Y;;APTBLD;APPARTEMENTSGEBOUW - IMMEUBLE A APPARTEMENTS;NA;;;';;';;Y;;;;'12/07/2019 07:28:35
;;;Zoning;6807323;'20200219142313;W03-C-Antwerpen-West-FH07;6807323;'20200219142313;W03-C-Antwerpen-West-FH07;19084;FTTH-Cu;11382483;'20191021145521;'Willem Lepelstraat 23 A - 23 B - 25 A - 25 B;;;;;;;11379177;'20191021145457;1989079;'1630000;'18587;Willem Lepelstraat;'25;'A;2000;Antwerpen;;'151979,197;'211447,539;';N;IRREG;5;15;Unknown;Unknown;;None;;;';;';;Y;;;;'15/01/2019 12:41:18;1;11086386;;LU;1;';';';';';;;;;;;;';;';;Y;;;;'15/01/2019 12:41:18
;;;Zoning;6807323;'20200219142313;W03-C-Antwerpen-West-FH07;6807323;'20200219142313;W03-C-Antwerpen-West-FH07;19084;FTTH-Cu;11382483;'20191021145521;'Willem Lepelstraat 23 A - 23 B - 25 A - 25 B;;;;;;;11379177;'20191021145457;1989079;'1630000;'18587;Willem Lepelstraat;'25;'A;2000;Antwerpen;;'151979,197;'211447,539;';N;IRREG;5;15;Unknown;Unknown;;None;;;';;';;Y;;;;'15/01/2019 12:41:18;2;11086387;;LU;1;';';';';';;;;;;;;';;';;Y;;;;'15/01/2019 12:41:18
;;;Zoning;6807323;'20200219142313;W03-C-Antwerpen-West-FH07;6807323;'20200219142313;W03-C-Antwerpen-West-FH07;19084;FTTH-Cu;11382483;'20191021145521;'Willem Lepelstraat 23 A - 23 B - 25 A - 25 B;;;;;;;11379177;'20191021145457;1989079;'1630000;'18587;Willem Lepelstraat;'25;'A;2000;Antwerpen;;'151979,197;'211447,539;';N;IRREG;5;15;Unknown;Unknown;;None;;;';;';;Y;;;;'15/01/2019 12:41:18;3;11086388;;LU;1;';';';';';;;;;;;;';;';;Y;;;;'15/01/2019 12:41:18
;;;Zoning;6807323;'20200219142313;W03-C-Antwerpen-West-FH07;6807323;'20200219142313;W03-C-Antwerpen-West-FH07;19084;FTTH-Cu;11382483;'20191021145521;'Willem Lepelstraat 23 A - 23 B - 25 A - 25 B;;;;;;;11379177;'20191021145457;1989079;'1630000;'18587;Willem Lepelstraat;'25;'A;2000;Antwerpen;;'151979,197;'211447,539;';N;IRREG;5;15;Unknown;Unknown;;None;;;';;';;Y;;;;'15/01/2019 12:41:18;4;11086389;;LU;1;';';';';';;;;;;;;';;';;Y;;;;'15/01/2019 12:41:18
;;;Zoning;6807323;'20200219142313;W03-C-Antwerpen-West-FH07;6807323;'20200219142313;W03-C-Antwerpen-West-FH07;19084;FTTH-Cu;11382483;'20191021145521;'Willem Lepelstraat 23 A - 23 B - 25 A - 25 B;;;;;;;11379177;'20191021145457;1989079;'1630000;'18587;Willem Lepelstraat;'25;'A;2000;Antwerpen;;'151979,197;'211447,539;';N;IRREG;5;15;Unknown;Unknown;;None;;;';;';;Y;;;;'15/01/2019 12:41:18;5;11086390;;LU;1;';';';';';;;;;;;;';;';;Y;;;;'15/01/2019 12:41:18
;;;Zoning;6807323;'20200219142313;W03-C-Antwerpen-West-FH07;6807323;'20200219142313;W03-C-Antwerpen-West-FH07;19084;FTTH-Cu;;';';;;;;;;658454;'20191021150845;1989081;'1630000;'18587;Willem Lepelstraat;'28;';2000;Antwerpen;;'151848,62;'211455,572;';N;ORN;3;9;Unknown;Unknown;;None;;;';;';;Y;;;;'15/01/2019 12:41:18;1;1730870;;LU;1;';';';';';Y;#A.GV.1.2/L/KAVEL TWEE EN DRIE;APPART;DEEL_APP_GEBOUW - PARTIE_IMMEUBLE_APP;APPART;;;';;';;Y;;;;'15/01/2019 12:41:18
;;;Zoning;6807323;'20200219142313;W03-C-Antwerpen-West-FH07;6807323;'20200219142313;W03-C-Antwerpen-West-FH07;19084;FTTH-Cu;;';';;;;;;;658454;'20191021150845;1989081;'1630000;'18587;Willem Lepelstraat;'28;';2000;Antwerpen;;'151848,62;'211455,572;';N;ORN;3;9;Unknown;Unknown;;None;;;';;';;Y;;;;'15/01/2019 12:41:18;2;11086733;;BU;1;';';';';';;;;;;;;';;';;Y;;;;'15/01/2019 12:41:18
;;;Zoning;6807323;'20200219142313;W03-C-Antwerpen-West-FH07;6807323;'20200219142313;W03-C-Antwerpen-West-FH07;19084;FTTH-Cu;;';';;;;;;;658455;'20191021151009;1989085;'1630000;'18587;Willem Lepelstraat;'34;';2000;Antwerpen;;'151868,44;'211449,736;';N;ORN;4;0;Unknown;Unknown;;None;;;';IFH_BATCH;'12/07/2019 07:32:07;;Y;;;;'12/07/2019 07:28:35;1;1757824;;LU;1;';';';';';Y;;HOUSE;WONING - MAISON;NA;;;';;';;Y;;;;'12/07/2019 07:28:35
;;;Zoning;6807323;'20200219142313;W03-C-Antwerpen-West-FH07;6807323;'20200219142313;W03-C-Antwerpen-West-FH07;19084;FTTH-Cu;;';';;;;;;;658455;'20191021151009;1989085;'1630000;'18587;Willem Lepelstraat;'34;';2000;Antwerpen;;'151868,44;'211449,736;';N;ORN;4;0;Unknown;Unknown;;None;;;';IFH_BATCH;'12/07/2019 07:32:07;;Y;;;;'12/07/2019 07:28:35;2;1757825;;LU;1;';';';';';Y;;HOUSE;WONING - MAISON;NA;;;';;';;Y;;;;'12/07/2019 07:28:35
;;;Zoning;6807323;'20200219142313;W03-C-Antwerpen-West-FH07;6807323;'20200219142313;W03-C-Antwerpen-West-FH07;19084;FTTH-Cu;;';';;;;;;;658455;'20191021151009;1989085;'1630000;'18587;Willem Lepelstraat;'34;';2000;Antwerpen;;'151868,44;'211449,736;';N;ORN;4;0;Unknown;Unknown;;None;;;';IFH_BATCH;'12/07/2019 07:32:07;;Y;;;;'12/07/2019 07:28:35;3;1757826;;LU;1;';';';';';Y;;HOUSE;WONING - MAISON;NA;;;';;';;Y;;;;'12/07/2019 07:28:35
;;;Zoning;6807323;'20200219142313;W03-C-Antwerpen-West-FH07;6807323;'20200219142313;W03-C-Antwerpen-West-FH07;19084;FTTH-Cu;;';';;;;;;;11378597;'20191021151018;4517201;'1630000;'18587;Willem Lepelstraat;'40;';2000;Antwerpen;;'151888,753;'211445,275;';Y;NA;3;9;Unknown;Unknown;;None;;;';;';;Y;;;;'15/01/2019 12:41:18;1;11086184;;LU;1;';';';';';;;;;;;;';;';;Y;;;;'15/01/2019 12:41:18
;;;Zoning;6807323;'20200219142313;W03-C-Antwerpen-West-FH07;6807323;'20200219142313;W03-C-Antwerpen-West-FH07;19084;FTTH-Cu;;';';;;;;;;11378597;'20191021151018;4517201;'1630000;'18587;Willem Lepelstraat;'40;';2000;Antwerpen;;'151888,753;'211445,275;';Y;NA;3;9;Unknown;Unknown;;None;;;';;';;Y;;;;'15/01/2019 12:41:18;2;11086185;;LU;1;';';';';';;;;;;;;';;';;Y;;;;'15/01/2019 12:41:18
;;;Zoning;6807323;'20200219142313;W03-C-Antwerpen-West-FH07;6807323;'20200219142313;W03-C-Antwerpen-West-FH07;19084;FTTH-Cu;;';';;;;;;;658456;'20191021145446;1989115;'1630000;'18587;Willem Lepelstraat;'65;';2000;Antwerpen;;'151994,403;'211443,192;';Y;NA;4;12;Unknown;Unknown;;None;;;';;';;Y;;;;'15/01/2019 12:41:18;1;1832855;;LU;1;';';';';';Y;#A1;APPART;DEEL_APP_GEBOUW - PARTIE_IMMEUBLE_APP;APPART;;;';;';;Y;;;;'15/01/2019 12:41:18
;;;Zoning;6807323;'20200219142313;W03-C-Antwerpen-West-FH07;6807323;'20200219142313;W03-C-Antwerpen-West-FH07;19084;FTTH-Cu;;';';;;;;;;658456;'20191021145446;1989115;'1630000;'18587;Willem Lepelstraat;'65;';2000;Antwerpen;;'151994,403;'211443,192;';Y;NA;4;12;Unknown;Unknown;;None;;;';;';;Y;;;;'15/01/2019 12:41:18;2;1832942;;LU;1;';';';';';Y;#A2;APPART;DEEL_APP_GEBOUW - PARTIE_IMMEUBLE_APP;APPART;;;';;';;Y;;;;'15/01/2019 12:41:18
;;;Zoning;6807323;'20200219142313;W03-C-Antwerpen-West-FH07;6807323;'20200219142313;W03-C-Antwerpen-West-FH07;19084;FTTH-Cu;;';';;;;;;;658456;'20191021145446;1989115;'1630000;'18587;Willem Lepelstraat;'65;';2000;Antwerpen;;'151994,403;'211443,192;';Y;NA;4;12;Unknown;Unknown;;None;;;';;';;Y;;;;'15/01/2019 12:41:18;3;1833020;;LU;1;';';';';';Y;#A3;APPART;DEEL_APP_GEBOUW - PARTIE_IMMEUBLE_APP;APPART;;;';;';;Y;;;;'15/01/2019 12:41:18
;;;Zoning;6807323;'20200219142313;W03-C-Antwerpen-West-FH07;6807323;'20200219142313;W03-C-Antwerpen-West-FH07;19084;FTTH-Cu;;';';;;;;;;658456;'20191021145446;1989115;'1630000;'18587;Willem Lepelstraat;'65;';2000;Antwerpen;;'151994,403;'211443,192;';Y;NA;4;12;Unknown;Unknown;;None;;;';;';;Y;;;;'15/01/2019 12:41:18;4;1833069;;LU;1;';';';';';Y;#A4;APPART;DEEL_APP_GEBOUW - PARTIE_IMMEUBLE_APP;APPART;;;';;';;Y;;;;'15/01/2019 12:41:18
;;;Zoning;6807323;'20200219142313;W03-C-Antwerpen-West-FH07;6807323;'20200219142313;W03-C-Antwerpen-West-FH07;19084;FTTH-Cu;;';';;;;;;;658456;'20191021145446;1989115;'1630000;'18587;Willem Lepelstraat;'65;';2000;Antwerpen;;'151994,403;'211443,192;';Y;NA;4;12;Unknown;Unknown;;None;;;';;';;Y;;;;'15/01/2019 12:41:18;5;1833207;;BU;1;';';';';';Y;#MAGAZIJN;APPART;DEEL_APP_GEBOUW - PARTIE_IMMEUBLE_APP;;;;';;';;Y;;;;'15/01/2019 12:41:18
;;;Zoning;6807323;'20200219142313;W03-C-Antwerpen-West-FH07;6807323;'20200219142313;W03-C-Antwerpen-West-FH07;19084;FTTH-Cu;11382568;'20200207153650;'Nationalestraat 56 - 58 - 60;;;;;;;7093552;'20200207153530;48900;'1630000;'968;Augustijnenstraat;'18;';2000;Antwerpen - Anvers;;'152089,303;'211832,748;';Y;NA;12;4;Unknown;Unknown;;None;;;';IFH_BATCH;'12/07/2019 07:42:56;;Y;;;;'12/07/2019 07:28:35;1;1677794;;LU;1;';';';';';Y;#A.GV/K/;APPART;DEEL_APP_GEBOUW - PARTIE_IMMEUBLE_APP;APPART;;;';;';;Y;;;;'12/07/2019 07:28:35
;;;Zoning;6807323;'20200219142313;W03-C-Antwerpen-West-FH07;6807323;'20200219142313;W03-C-Antwerpen-West-FH07;19084;FTTH-Cu;11382507;'20191021162102;'Drukkerijstraat 10 - 14 - 16;;;;;;;7093553;'20191021161829;48917;'1630000;'7711;Drukkerijstraat;'10;';2000;Antwerpen - Anvers;;'152113,135;'211947,971;';N;ORN;6;18;Unknown;Unknown;;None;;;';;';;Y;;;;'15/01/2019 12:41:18;1;1617649;;LU;1;';';';';';Y;#A1/1L/;APPART;DEEL_APP_GEBOUW - PARTIE_IMMEUBLE_APP;APPART;;;';;';;Y;;;;'15/01/2019 12:41:18
;;;Zoning;6807323;'20200219142313;W03-C-Antwerpen-West-FH07;6807323;'20200219142313;W03-C-Antwerpen-West-FH07;19084;FTTH-Cu;11382507;'20191021162102;'Drukkerijstraat 10 - 14 - 16;;;;;;;7093553;'20191021161829;48917;'1630000;'7711;Drukkerijstraat;'10;';2000;Antwerpen - Anvers;;'152113,135;'211947,971;';N;ORN;6;18;Unknown;Unknown;;None;;;';;';;Y;;;;'15/01/2019 12:41:18;2;1617652;;LU;1;';';';';';Y;#A1/1R/;APPART;DEEL_APP_GEBOUW - PARTIE_IMMEUBLE_APP;APPART;;;';;';;Y;;;;'15/01/2019 12:41:18
;;;Zoning;6807323;'20200219142313;W03-C-Antwerpen-West-FH07;6807323;'20200219142313;W03-C-Antwerpen-West-FH07;19084;FTTH-Cu;11382507;'20191021162102;'Drukkerijstraat 10 - 14 - 16;;;;;;;7093553;'20191021161829;48917;'1630000;'7711;Drukkerijstraat;'10;';2000;Antwerpen - Anvers;;'152113,135;'211947,971;';N;ORN;6;18;Unknown;Unknown;;None;;;';;';;Y;;;;'15/01/2019 12:41:18;3;1617980;;LU;1;';';';';';Y;#A2/2L/;APPART;DEEL_APP_GEBOUW - PARTIE_IMMEUBLE_APP;APPART;;;';;';;Y;;;;'15/01/2019 12:41:18
;;;Zoning;6807323;'20200219142313;W03-C-Antwerpen-West-FH07;6807323;'20200219142313;W03-C-Antwerpen-West-FH07;19084;FTTH-Cu;11382507;'20191021162102;'Drukkerijstraat 10 - 14 - 16;;;;;;;7093553;'20191021161829;48917;'1630000;'7711;Drukkerijstraat;'10;';2000;Antwerpen - Anvers;;'152113,135;'211947,971;';N;ORN;6;18;Unknown;Unknown;;None;;;';;';;Y;;;;'15/01/2019 12:41:18;4;1617982;;LU;1;';';';';';Y;#A2/2R/;APPART;DEEL_APP_GEBOUW - PARTIE_IMMEUBLE_APP;APPART;;;';;';;Y;;;;'15/01/2019 12:41:18
;;;Zoning;6807323;'20200219142313;W03-C-Antwerpen-West-FH07;6807323;'20200219142313;W03-C-Antwerpen-West-FH07;19084;FTTH-Cu;11382507;'20191021162102;'Drukkerijstraat 10 - 14 - 16;;;;;;;7093553;'20191021161829;48917;'1630000;'7711;Drukkerijstraat;'10;';2000;Antwerpen - Anvers;;'152113,135;'211947,971;';N;ORN;6;18;Unknown;Unknown;;None;;;';;';;Y;;;;'15/01/2019 12:41:18;5;1618212;;LU;1;';';';';';Y;#A3/3L/;APPART;DEEL_APP_GEBOUW - PARTIE_IMMEUBLE_APP;APPART;;;';;';;Y;;;;'15/01/2019 12:41:18
;;;Zoning;6807323;'20200219142313;W03-C-Antwerpen-West-FH07;6807323;'20200219142313;W03-C-Antwerpen-West-FH07;19084;FTTH-Cu;11382507;'20191021162102;'Drukkerijstraat 10 - 14 - 16;;;;;;;7093553;'20191021161829;48917;'1630000;'7711;Drukkerijstraat;'10;';2000;Antwerpen - Anvers;;'152113,135;'211947,971;';N;ORN;6;18;Unknown;Unknown;;None;;;';;';;Y;;;;'15/01/2019 12:41:18;6;1618956;;LU;1;';';';';';Y;#HA.GV/W.GVL.L/;APPART;DEEL_APP_GEBOUW - PARTIE_IMMEUBLE_APP;COMM;;;';;';;Y;;;;'15/01/2019 12:41:18
;;;Zoning;6807323;'20200219142313;W03-C-Antwerpen-West-FH07;6807323;'20200219142313;W03-C-Antwerpen-West-FH07;19084;FTTH-Cu;11382507;'20191021162102;'Drukkerijstraat 10 - 14 - 16;;;;;;;7093553;'20191021161829;48917;'1630000;'7711;Drukkerijstraat;'10;';2000;Antwerpen - Anvers;;'152113,135;'211947,971;';N;ORN;6;18;Unknown;Unknown;;None;;;';;';;Y;;;;'15/01/2019 12:41:18;8;10374011;;LU;1;';';';';';Y;#A4.5/4L-5L/;APPART;DEEL_APP_GEBOUW - PARTIE_IMMEUBLE_APP;APPART;;;';;';;Y;;;;'15/01/2019 12:41:18
;;;Zoning;6807323;'20200219142313;W03-C-Antwerpen-West-FH07;6807323;'20200219142313;W03-C-Antwerpen-West-FH07;19084;FTTH-Cu;11382507;'20191021162102;'Drukkerijstraat 10 - 14 - 16;;;;;;;7093553;'20191021161829;48917;'1630000;'7711;Drukkerijstraat;'10;';2000;Antwerpen - Anvers;;'152113,135;'211947,971;';N;ORN;6;18;Unknown;Unknown;;None;;;';;';;Y;;;;'15/01/2019 12:41:18;9;10374012;;LU;1;';';';';';Y;#A4.5/4R-5R/;APPART;DEEL_APP_GEBOUW - PARTIE_IMMEUBLE_APP;APPART;;;';;';;Y;;;;'15/01/2019 12:41:18
;;;Zoning;6807323;'20200219142313;W03-C-Antwerpen-West-FH07;6807323;'20200219142313;W03-C-Antwerpen-West-FH07;19084;FTTH-Cu;11382507;'20191021162102;'Drukkerijstraat 10 - 14 - 16;;;;;;;7093553;'20191021161829;48917;'1630000;'7711;Drukkerijstraat;'10;';2000;Antwerpen - Anvers;;'152113,135;'211947,971;';N;ORN;6;18;Unknown;Unknown;;None;;;';;';;Y;;;;'15/01/2019 12:41:18;10;11087076;;LU;1;';';';';';;;;;;;;';;';;Y;;;;'15/01/2019 12:41:18
;;;Zoning;6807323;'20200219142313;W03-C-Antwerpen-West-FH07;6807323;'20200219142313;W03-C-Antwerpen-West-FH07;19084;FTTH-Cu;11382507;'20191021162102;'Drukkerijstraat 10 - 14 - 16;;;;;;;7093514;'20191021161842;1847073;'1630000;'7711;Drukkerijstraat;'14;';2000;Antwerpen - Anvers;;'152110,159;'211941,168;';N;ORN;6;18;Unknown;Unknown;;None;;;';;';;Y;;;;'15/01/2019 12:41:18;1;10410583;;BU;1;';';';';';Y;;COMM;HANDELSZAAK - COMMERCE;NA;;;';;';;Y;;;;'15/01/2019 12:41:18
;;;Zoning;6807323;'20200219142313;W03-C-Antwerpen-West-FH07;6807323;'20200219142313;W03-C-Antwerpen-West-FH07;19084;FTTH-Cu;;';';;;;;;;7093548;'20191018161834;4509956;'1630000;'9204;Franckenstraat;'9;';2000;Antwerpen - Anvers;;'152048,32;'211733,527;';Y;NA;3;9;Unknown;Unknown;;None;;;';;';;Y;;;;'15/01/2019 12:41:18;1;10364807;;BU;1;';';';';';Y;;INDU;NIJVERHEIDSGEBOUW - ENTREPRISE INDUSTRIELLE;NA;;;';;';;Y;;;;'15/01/2019 12:41:18
;;;Zoning;6807323;'20200219142313;W03-C-Antwerpen-West-FH07;6807323;'20200219142313;W03-C-Antwerpen-West-FH07;19084;FTTH-Cu;;';';;;;;;;7093548;'20191018161834;4509956;'1630000;'9204;Franckenstraat;'9;';2000;Antwerpen - Anvers;;'152048,32;'211733,527;';Y;NA;3;9;Unknown;Unknown;;None;;;';;';;Y;;;;'15/01/2019 12:41:18;2;10364808;;LU;1;';';';';';Y;;INDU;NIJVERHEIDSGEBOUW - ENTREPRISE INDUSTRIELLE;NA;;;';;';;Y;;;;'15/01/2019 12:41:18
;;;Zoning;6807323;'20200219142313;W03-C-Antwerpen-West-FH07;6807323;'20200219142313;W03-C-Antwerpen-West-FH07;19084;FTTH-Cu;11382508;'20191021153527;'Graaf van Egmontstraat 39 - 39 A - 41;;;;;;;8423664;'20191021153504;3965490;'1630000;'8209;Graaf van Egmontstraat;'39;';2000;Antwerpen - Anvers;;'151788,535;'211188,608;';Y;NA;2;4;Unknown;Unknown;;None;;;';IFH_BATCH;'12/07/2019 07:42:00;;Y;;;;'12/07/2019 07:28:35;1;10366311;;BU;1;';';';';';Y;;COMM;HANDELSZAAK - COMMERCE;NA;;;';;';;Y;;;;'12/07/2019 07:28:35
;;;Zoning;6807323;'20200219142313;W03-C-Antwerpen-West-FH07;6807323;'20200219142313;W03-C-Antwerpen-West-FH07;19084;FTTH-Cu;11382508;'20191021153527;'Graaf van Egmontstraat 39 - 39 A - 41;;;;;;;8423664;'20191021153504;3965490;'1630000;'8209;Graaf van Egmontstraat;'39;';2000;Antwerpen - Anvers;;'151788,535;'211188,608;';Y;NA;2;4;Unknown;Unknown;;None;;;';IFH_BATCH;'12/07/2019 07:42:00;;Y;;;;'12/07/2019 07:28:35;2;11087098;;SU;1;';';';';';;;;;;;;';;';;Y;;;;'12/07/2019 07:28:35
;;;Zoning;6807323;'20200219142313;W03-C-Antwerpen-West-FH07;6807323;'20200219142313;W03-C-Antwerpen-West-FH07;19084;FTTH-Cu;11382508;'20191021153527;'Graaf van Egmontstraat 39 - 39 A - 41;;;;;;;8423664;'20191021153504;3965490;'1630000;'8209;Graaf van Egmontstraat;'39;';2000;Antwerpen - Anvers;;'151788,535;'211188,608;';Y;NA;2;4;Unknown;Unknown;;None;;;';IFH_BATCH;'12/07/2019 07:42:00;;Y;;;;'12/07/2019 07:28:35;3;11087099;;SU;1;';';';';';;;;;;;;';;';;Y;;;;'12/07/2019 07:28:35
;;;Zoning;6807323;'20200219142313;W03-C-Antwerpen-West-FH07;6807323;'20200219142313;W03-C-Antwerpen-West-FH07;19084;FTTH-Cu;;';';;;;;;;8423668;'20191016100754;60715;'1630000;'11891;Heilige Geeststraat;'21;';2000;Antwerpen - Anvers;;'152077,017;'212087,451;';Y;NA;4;4;Unknown;Unknown;;None;;;';IFH_BATCH;'12/07/2019 07:30:51;;Y;;;;'12/07/2019 07:28:35;1;1703847;;BU;1;';';';';';Y;;CULT;CULTUREEL GEBOUW - BATIMENT CULTURELLE;NA;;;';;';;Y;;;;'12/07/2019 07:28:35
;;;Zoning;6807323;'20200219142313;W03-C-Antwerpen-West-FH07;6807323;'20200219142313;W03-C-Antwerpen-West-FH07;19084;FTTH-Cu;;';';;;;;;;8423670;'20200113135029;60724;'1630000;'14410;Kammenstraat;'14;';2000;Antwerpen - Anvers;;'152180,958;'212045,921;';Y;NA;1;3;Unknown;Unknown;;None;;;';;';;Y;;;;'15/01/2019 12:41:18;5;1653472;;BU;1;';';';';';Y;#HA.GV.1/K;APPART;DEEL_APP_GEBOUW - PARTIE_IMMEUBLE_APP;COMM;;;';;';;Y;;;;'15/01/2019 12:41:18
;;;Zoning;6807323;'20200219142313;W03-C-Antwerpen-West-FH07;6807323;'20200219142313;W03-C-Antwerpen-West-FH07;19084;FTTH-Cu;;';';;;;;;;11508589;'20191016093250;44176;'1630000;'1061;Kloosterstraat;'1;';2000;Antwerpen - Anvers;;'151903,737;'211930,722;';Y;IRREG;3;9;Unknown;Unknown;;None;;;';;';;Y;;;;'30/01/2019 11:57:53;1;1615267;;LU;1;';';';';';Y;;HOUSE;WONING - MAISON;NA;;;';;';;Y;;;;'30/01/2019 11:57:53
;;;Zoning;6807323;'20200219142313;W03-C-Antwerpen-West-FH07;6807323;'20200219142313;W03-C-Antwerpen-West-FH07;19084;FTTH-Cu;;';';;;;;;;11508589;'20191016093250;44176;'1630000;'1061;Kloosterstraat;'1;';2000;Antwerpen - Anvers;;'151903,737;'211930,722;';Y;IRREG;3;9;Unknown;Unknown;;None;;;';;';;Y;;;;'30/01/2019 11:57:53;2;10357942;;LU;1;';';';';';Y;;HOUSE;WONING - MAISON;NA;;;';;';;Y;;;;'30/01/2019 11:57:53
;;;Zoning;6807323;'20200219142313;W03-C-Antwerpen-West-FH07;6807323;'20200219142313;W03-C-Antwerpen-West-FH07;19084;FTTH-Cu;;';';;;;;;;11508589;'20191016093250;44176;'1630000;'1061;Kloosterstraat;'1;';2000;Antwerpen - Anvers;;'151903,737;'211930,722;';Y;IRREG;3;9;Unknown;Unknown;;None;;;';;';;Y;;;;'30/01/2019 11:57:53;3;10357943;;LU;1;';';';';';Y;;HOUSE;WONING - MAISON;NA;;;';;';;Y;;;;'30/01/2019 11:57:53
;;;Zoning;6807323;'20200219142313;W03-C-Antwerpen-West-FH07;6807323;'20200219142313;W03-C-Antwerpen-West-FH07;19084;FTTH-Cu;;';';;;;;;;11508589;'20191016093250;44176;'1630000;'1061;Kloosterstraat;'1;';2000;Antwerpen - Anvers;;'151903,737;'211930,722;';Y;IRREG;3;9;Unknown;Unknown;;None;;;';;';;Y;;;;'30/01/2019 11:57:53;4;10357944;;LU;1;';';';';';Y;;HOUSE;WONING - MAISON;NA;;;';;';;Y;;;;'30/01/2019 11:57:53
;;;Zoning;6807323;'20200219142313;W03-C-Antwerpen-West-FH07;6807323;'20200219142313;W03-C-Antwerpen-West-FH07;19084;FTTH-Cu;;';';;;;;;;11508589;'20191016093250;44176;'1630000;'1061;Kloosterstraat;'1;';2000;Antwerpen - Anvers;;'151903,737;'211930,722;';Y;IRREG;3;9;Unknown;Unknown;;None;;;';;';;Y;;;;'30/01/2019 11:57:53;5;10357945;;LU;1;';';';';';Y;;HOUSE;WONING - MAISON;NA;;;';;';;Y;;;;'30/01/2019 11:57:53
;;;Zoning;6807323;'20200219142313;W03-C-Antwerpen-West-FH07;6807323;'20200219142313;W03-C-Antwerpen-West-FH07;19084;FTTH-Cu;;';';;;;;;;11508589;'20191016093250;44176;'1630000;'1061;Kloosterstraat;'1;';2000;Antwerpen - Anvers;;'151903,737;'211930,722;';Y;IRREG;3;9;Unknown;Unknown;;None;;;';;';;Y;;;;'30/01/2019 11:57:53;6;10357946;;LU;1;';';';';';Y;;HOUSE;WONING - MAISON;NA;;;';;';;Y;;;;'30/01/2019 11:57:53
;;;Zoning;6807323;'20200219142313;W03-C-Antwerpen-West-FH07;6807323;'20200219142313;W03-C-Antwerpen-West-FH07;19084;FTTH-Cu;;';';;;;;;;11508589;'20191016093250;44176;'1630000;'1061;Kloosterstraat;'1;';2000;Antwerpen - Anvers;;'151903,737;'211930,722;';Y;IRREG;3;9;Unknown;Unknown;;None;;;';;';;Y;;;;'30/01/2019 11:57:53;7;10357947;;LU;1;';';';';';Y;;HOUSE;WONING - MAISON;NA;;;';;';;Y;;;;'30/01/2019 11:57:53
;;;Zoning;6807323;'20200219142313;W03-C-Antwerpen-West-FH07;6807323;'20200219142313;W03-C-Antwerpen-West-FH07;19084;FTTH-Cu;;';';;;;;;;11508589;'20191016093250;44176;'1630000;'1061;Kloosterstraat;'1;';2000;Antwerpen - Anvers;;'151903,737;'211930,722;';Y;IRREG;3;9;Unknown;Unknown;;None;;;';;';;Y;;;;'30/01/2019 11:57:53;8;10357948;;LU;1;';';';';';Y;;HOUSE;WONING - MAISON;NA;;;';;';;Y;;;;'30/01/2019 11:57:53
;;;Zoning;6807323;'20200219142313;W03-C-Antwerpen-West-FH07;6807323;'20200219142313;W03-C-Antwerpen-West-FH07;19084;FTTH-Cu;;';';;;;;;;7093504;'20191016093322;1737778;'1630000;'1061;Kloosterstraat;'3;';2000;Antwerpen - Anvers;;'151892,943;'211918,057;';Y;IRREG;4;12;Unknown;Unknown;;None;;;';;';;Y;;;;'15/01/2019 12:41:18;1;1741770;;LU;1;';';';';';Y;;HOUSE;WONING - MAISON;NA;;;';;';;Y;;;;'15/01/2019 12:41:18
;;;Zoning;6807323;'20200219142313;W03-C-Antwerpen-West-FH07;6807323;'20200219142313;W03-C-Antwerpen-West-FH07;19084;FTTH-Cu;;';';;;;;;;7093504;'20191016093322;1737778;'1630000;'1061;Kloosterstraat;'3;';2000;Antwerpen - Anvers;;'151892,943;'211918,057;';Y;IRREG;4;12;Unknown;Unknown;;None;;;';;';;Y;;;;'15/01/2019 12:41:18;2;10357949;;LU;1;';';';';';Y;;HOUSE;WONING - MAISON;NA;;;';;';;Y;;;;'15/01/2019 12:41:18
;;;Zoning;6807323;'20200219142313;W03-C-Antwerpen-West-FH07;6807323;'20200219142313;W03-C-Antwerpen-West-FH07;19084;FTTH-Cu;;';';;;;;;;7093504;'20191016093322;1737778;'1630000;'1061;Kloosterstraat;'3;';2000;Antwerpen - Anvers;;'151892,943;'211918,057;';Y;IRREG;4;12;Unknown;Unknown;;None;;;';;';;Y;;;;'15/01/2019 12:41:18;3;10357950;;LU;1;';';';';';Y;;HOUSE;WONING - MAISON;NA;;;';;';;Y;;;;'15/01/2019 12:41:18
;;;Zoning;6807323;'20200219142313;W03-C-Antwerpen-West-FH07;6807323;'20200219142313;W03-C-Antwerpen-West-FH07;19084;FTTH-Cu;;';';;;;;;;7093504;'20191016093322;1737778;'1630000;'1061;Kloosterstraat;'3;';2000;Antwerpen - Anvers;;'151892,943;'211918,057;';Y;IRREG;4;12;Unknown;Unknown;;None;;;';;';;Y;;;;'15/01/2019 12:41:18;4;10357951;;LU;1;';';';';';Y;;HOUSE;WONING - MAISON;NA;;;';;';;Y;;;;'15/01/2019 12:41:18
;;;Zoning;6807323;'20200219142313;W03-C-Antwerpen-West-FH07;6807323;'20200219142313;W03-C-Antwerpen-West-FH07;19084;FTTH-Cu;;';';;;;;;;7093504;'20191016093322;1737778;'1630000;'1061;Kloosterstraat;'3;';2000;Antwerpen - Anvers;;'151892,943;'211918,057;';Y;IRREG;4;12;Unknown;Unknown;;None;;;';;';;Y;;;;'15/01/2019 12:41:18;5;10357952;;LU;1;';';';';';Y;;HOUSE;WONING - MAISON;NA;;;';;';;Y;;;;'15/01/2019 12:41:18
;;;Zoning;6807323;'20200219142313;W03-C-Antwerpen-West-FH07;6807323;'20200219142313;W03-C-Antwerpen-West-FH07;19084;FTTH-Cu;;';';;;;;;;7093504;'20191016093322;1737778;'1630000;'1061;Kloosterstraat;'3;';2000;Antwerpen - Anvers;;'151892,943;'211918,057;';Y;IRREG;4;12;Unknown;Unknown;;None;;;';;';;Y;;;;'15/01/2019 12:41:18;6;10357953;;LU;1;';';';';';Y;;HOUSE;WONING - MAISON;NA;;;';;';;Y;;;;'15/01/2019 12:41:18
;;;Zoning;6807323;'20200219142313;W03-C-Antwerpen-West-FH07;6807323;'20200219142313;W03-C-Antwerpen-West-FH07;19084;FTTH-Cu;;';';;;;;;;7093504;'20191016093322;1737778;'1630000;'1061;Kloosterstraat;'3;';2000;Antwerpen - Anvers;;'151892,943;'211918,057;';Y;IRREG;4;12;Unknown;Unknown;;None;;;';;';;Y;;;;'15/01/2019 12:41:18;7;10357954;;LU;1;';';';';';Y;;HOUSE;WONING - MAISON;NA;;;';;';;Y;;;;'15/01/2019 12:41:18
;;;Zoning;6807323;'20200219142313;W03-C-Antwerpen-West-FH07;6807323;'20200219142313;W03-C-Antwerpen-West-FH07;19084;FTTH-Cu;;';';;;;;;;7093504;'20191016093322;1737778;'1630000;'1061;Kloosterstraat;'3;';2000;Antwerpen - Anvers;;'151892,943;'211918,057;';Y;IRREG;4;12;Unknown;Unknown;;None;;;';;';;Y;;;;'15/01/2019 12:41:18;8;10357955;;LU;1;';';';';';Y;;HOUSE;WONING - MAISON;NA;;;';;';;Y;;;;'15/01/2019 12:41:18
;;;Zoning;6807323;'20200219142313;W03-C-Antwerpen-West-FH07;6807323;'20200219142313;W03-C-Antwerpen-West-FH07;19084;FTTH-Cu;;';';;;;;;;7093537;'20191018083748;3918280;'1630000;'1061;Kloosterstraat;'5;';2000;Antwerpen - Anvers;;'151883,105;'211904,89;';N;ORN;4;12;Unknown;Unknown;;None;;;';;';;Y;;;;'15/01/2019 12:41:18;1;10362448;;LU;1;';';';';';Y;;APTBLD;APPARTEMENTSGEBOUW - IMMEUBLE A APPARTEMENTS;NA;;;';;';;Y;;;;'15/01/2019 12:41:18
;;;Zoning;6807323;'20200219142313;W03-C-Antwerpen-West-FH07;6807323;'20200219142313;W03-C-Antwerpen-West-FH07;19084;FTTH-Cu;;';';;;;;;;7093537;'20191018083748;3918280;'1630000;'1061;Kloosterstraat;'5;';2000;Antwerpen - Anvers;;'151883,105;'211904,89;';N;ORN;4;12;Unknown;Unknown;;None;;;';;';;Y;;;;'15/01/2019 12:41:18;2;10362449;;LU;1;';';';';';Y;;APTBLD;APPARTEMENTSGEBOUW - IMMEUBLE A APPARTEMENTS;NA;;;';;';;Y;;;;'15/01/2019 12:41:18
;;;Zoning;6807323;'20200219142313;W03-C-Antwerpen-West-FH07;6807323;'20200219142313;W03-C-Antwerpen-West-FH07;19084;FTTH-Cu;;';';;;;;;;7093537;'20191018083748;3918280;'1630000;'1061;Kloosterstraat;'5;';2000;Antwerpen - Anvers;;'151883,105;'211904,89;';N;ORN;4;12;Unknown;Unknown;;None;;;';;';;Y;;;;'15/01/2019 12:41:18;3;10362450;;LU;1;';';';';';Y;;APTBLD;APPARTEMENTSGEBOUW - IMMEUBLE A APPARTEMENTS;NA;;;';;';;Y;;;;'15/01/2019 12:41:18
;;;Zoning;6807323;'20200219142313;W03-C-Antwerpen-West-FH07;6807323;'20200219142313;W03-C-Antwerpen-West-FH07;19084;FTTH-Cu;;';';;;;;;;7093537;'20191018083748;3918280;'1630000;'1061;Kloosterstraat;'5;';2000;Antwerpen - Anvers;;'151883,105;'211904,89;';N;ORN;4;12;Unknown;Unknown;;None;;;';;';;Y;;;;'15/01/2019 12:41:18;4;10362451;;LU;1;';';';';';Y;;APTBLD;APPARTEMENTSGEBOUW - IMMEUBLE A APPARTEMENTS;NA;;;';;';;Y;;;;'15/01/2019 12:41:18
;;;Zoning;6807323;'20200219142313;W03-C-Antwerpen-West-FH07;6807323;'20200219142313;W03-C-Antwerpen-West-FH07;19084;FTTH-Cu;;';';;;;;;;7093537;'20191018083748;3918280;'1630000;'1061;Kloosterstraat;'5;';2000;Antwerpen - Anvers;;'151883,105;'211904,89;';N;ORN;4;12;Unknown;Unknown;;None;;;';;';;Y;;;;'15/01/2019 12:41:18;5;11086634;;BU;1;';';';';';;;;;;;;';;';;Y;;;;'15/01/2019 12:41:18
;;;Zoning;6807323;'20200219142313;W03-C-Antwerpen-West-FH07;6807323;'20200219142313;W03-C-Antwerpen-West-FH07;19084;FTTH-Cu;;';';;;;;;;7093537;'20191018083748;3918280;'1630000;'1061;Kloosterstraat;'5;';2000;Antwerpen - Anvers;;'151883,105;'211904,89;';N;ORN;4;12;Unknown;Unknown;;None;;;';;';;Y;;;;'15/01/2019 12:41:18;6;11086635;;LU;1;';';';';';;;;;;;;';;';;Y;;;;'15/01/2019 12:41:18
;;;Zoning;6807323;'20200219142313;W03-C-Antwerpen-West-FH07;6807323;'20200219142313;W03-C-Antwerpen-West-FH07;19084;FTTH-Cu;11382513;'20191018084112;'Kloosterstraat 7,9;;;;;;;11508572;'20191018084036;1737780;'1630000;'1061;Kloosterstraat;'7;';2000;Antwerpen - Anvers;;'151877,842;'211895,447;';N;ORN;1;0;Unknown;Unknown;;None;;;';IFH_BATCH;'12/07/2019 07:30:23;;Y;;;;'12/07/2019 07:28:35;1;1841864;;BU;1;';';';';';Y;;HOUSE;WONING - MAISON;NA;;;';;';;Y;;;;'12/07/2019 07:28:35
;;;Zoning;6807323;'20200219142313;W03-C-Antwerpen-West-FH07;6807323;'20200219142313;W03-C-Antwerpen-West-FH07;19084;FTTH-Cu;11382513;'20191018084112;'Kloosterstraat 7,9;;;;;;;7093506;'20190712080954;1737782;'1630000;'1061;Kloosterstraat;'9;';2000;Antwerpen - Anvers;;'151877,013;'211890,351;';Y;NA;3;4;Unknown;Unknown;;None;;;';IFH_BATCH;'12/07/2019 07:30:25;;Y;;;;'12/07/2019 07:28:35;1;1867692;;LU;1;';';';';';Y;;HOUSE;WONING - MAISON;NA;;;';;';;Y;;;;'12/07/2019 07:28:35
;;;Zoning;6807323;'20200219142313;W03-C-Antwerpen-West-FH07;6807323;'20200219142313;W03-C-Antwerpen-West-FH07;19084;FTTH-Cu;;';';;;;;;;11508588;'20191018084255;44173;'1630000;'1061;Kloosterstraat;'11;';2000;Antwerpen - Anvers;;'151872,71;'211885,658;';Y;NA;3;9;Unknown;Unknown;;None;;;';;';;Y;;;;'30/01/2019 11:57:53;1;1630644;;LU;1;';';';';';Y;;HOUSE;WONING - MAISON;NA;;;';;';;Y;;;;'30/01/2019 11:57:53
;;;Zoning;6807323;'20200219142313;W03-C-Antwerpen-West-FH07;6807323;'20200219142313;W03-C-Antwerpen-West-FH07;19084;FTTH-Cu;;';';;;;;;;11508573;'20191016093209;1737785;'1630000;'1061;Kloosterstraat;'13;';2000;Antwerpen - Anvers;;'151870,525;'211879,408;';Y;IRREG;3;12;Unknown;Unknown;;None;;;';;';;Y;;;;'30/01/2019 11:57:53;1;1645511;;BU;1;';';';';';Y;#A1/BL.1.A1/K4;APPART;DEEL_APP_GEBOUW - PARTIE_IMMEUBLE_APP;APPART;;;';;';;Y;;;;'30/01/2019 11:57:53
;;;Zoning;6807323;'20200219142313;W03-C-Antwerpen-West-FH07;6807323;'20200219142313;W03-C-Antwerpen-West-FH07;19084;FTTH-Cu;;';';;;;;;;11508573;'20191016093209;1737785;'1630000;'1061;Kloosterstraat;'13;';2000;Antwerpen - Anvers;;'151870,525;'211879,408;';Y;IRREG;3;12;Unknown;Unknown;;None;;;';;';;Y;;;;'30/01/2019 11:57:53;2;1645752;;LU;1;';';';';';Y;#A2/BL.1.A2/K3;APPART;DEEL_APP_GEBOUW - PARTIE_IMMEUBLE_APP;APPART;;;';;';;Y;;;;'30/01/2019 11:57:53
;;;Zoning;6807323;'20200219142313;W03-C-Antwerpen-West-FH07;6807323;'20200219142313;W03-C-Antwerpen-West-FH07;19084;FTTH-Cu;;';';;;;;;;11508573;'20191016093209;1737785;'1630000;'1061;Kloosterstraat;'13;';2000;Antwerpen - Anvers;;'151870,525;'211879,408;';Y;IRREG;3;12;Unknown;Unknown;;None;;;';;';;Y;;;;'30/01/2019 11:57:53;3;1645941;;LU;1;';';';';';Y;#A3/BL.1.A3/K1.2;APPART;DEEL_APP_GEBOUW - PARTIE_IMMEUBLE_APP;APPART;;;';;';;Y;;;;'30/01/2019 11:57:53
;;;Zoning;6807323;'20200219142313;W03-C-Antwerpen-West-FH07;6807323;'20200219142313;W03-C-Antwerpen-West-FH07;19084;FTTH-Cu;;';';;;;;;;11508573;'20191016093209;1737785;'1630000;'1061;Kloosterstraat;'13;';2000;Antwerpen - Anvers;;'151870,525;'211879,408;';Y;IRREG;3;12;Unknown;Unknown;;None;;;';;';;Y;;;;'30/01/2019 11:57:53;4;1646294;;LU;1;';';';';';Y;#BL.2/BU2/;APPART;DEEL_APP_GEBOUW - PARTIE_IMMEUBLE_APP;NA;;;';;';;Y;;;;'30/01/2019 11:57:53
;;;Zoning;6807323;'20200219142313;W03-C-Antwerpen-West-FH07;6807323;'20200219142313;W03-C-Antwerpen-West-FH07;19084;FTTH-Cu;;';';;;;;;;11508573;'20191016093209;1737785;'1630000;'1061;Kloosterstraat;'13;';2000;Antwerpen - Anvers;;'151870,525;'211879,408;';Y;IRREG;3;12;Unknown;Unknown;;None;;;';;';;Y;;;;'30/01/2019 11:57:53;5;1646295;;LU;1;';';';';';Y;#BL.2/BU3/;APPART;DEEL_APP_GEBOUW - PARTIE_IMMEUBLE_APP;NA;;;';;';;Y;;;;'30/01/2019 11:57:53
;;;Zoning;6807323;'20200219142313;W03-C-Antwerpen-West-FH07;6807323;'20200219142313;W03-C-Antwerpen-West-FH07;19084;FTTH-Cu;;';';;;;;;;11508573;'20191016093209;1737785;'1630000;'1061;Kloosterstraat;'13;';2000;Antwerpen - Anvers;;'151870,525;'211879,408;';Y;IRREG;3;12;Unknown;Unknown;;None;;;';;';;Y;;;;'30/01/2019 11:57:53;6;1646296;;LU;1;';';';';';Y;#BL.2/HA.GV/1/K5.6;APPART;DEEL_APP_GEBOUW - PARTIE_IMMEUBLE_APP;NA;;;';;';;Y;;;;'30/01/2019 11:57:53
;;;Zoning;6807323;'20200219142313;W03-C-Antwerpen-West-FH07;6807323;'20200219142313;W03-C-Antwerpen-West-FH07;19084;FTTH-Cu;;';';;;;;;;11508574;'20191016093220;1737787;'1630000;'1061;Kloosterstraat;'15;';2000;Antwerpen - Anvers;;'151864,356;'211866,794;';N;MON;3;0;Unknown;Unknown;;None;;;';IFH_BATCH;'12/07/2019 07:30:04;;Y;;;;'12/07/2019 07:28:35;1;1662028;;BU;1;';';';';';Y;;OFFICE;KANTOORGEBOUW - BATIMENT DE BUREAU;NA;;;';;';;Y;;;;'12/07/2019 07:28:35
;;;Zoning;6807323;'20200219142313;W03-C-Antwerpen-West-FH07;6807323;'20200219142313;W03-C-Antwerpen-West-FH07;19084;FTTH-Cu;;';';;;;;;;11508590;'20191018084311;44177;'1630000;'1061;Kloosterstraat;'19;';2000;Antwerpen - Anvers;;'151861,763;'211854,579;';N;ORN;4;12;Unknown;Unknown;;None;;;';;';;Y;;;;'30/01/2019 11:57:53;1;1685781;;BU;1;';';';';';Y;;HOUSE;WONING - MAISON;NA;;;';;';;Y;;;;'30/01/2019 11:57:53
;;;Zoning;6807323;'20200219142313;W03-C-Antwerpen-West-FH07;6807323;'20200219142313;W03-C-Antwerpen-West-FH07;19084;FTTH-Cu;;';';;;;;;;11508590;'20191018084311;44177;'1630000;'1061;Kloosterstraat;'19;';2000;Antwerpen - Anvers;;'151861,763;'211854,579;';N;ORN;4;12;Unknown;Unknown;;None;;;';;';;Y;;;;'30/01/2019 11:57:53;2;10357937;;LU;1;';';';';';Y;;HOUSE;WONING - MAISON;NA;;;';;';;Y;;;;'30/01/2019 11:57:53
;;;Zoning;6807323;'20200219142313;W03-C-Antwerpen-West-FH07;6807323;'20200219142313;W03-C-Antwerpen-West-FH07;19084;FTTH-Cu;;';';;;;;;;11508590;'20191018084311;44177;'1630000;'1061;Kloosterstraat;'19;';2000;Antwerpen - Anvers;;'151861,763;'211854,579;';N;ORN;4;12;Unknown;Unknown;;None;;;';;';;Y;;;;'30/01/2019 11:57:53;3;10357938;;LU;1;';';';';';Y;;HOUSE;WONING - MAISON;NA;;;';;';;Y;;;;'30/01/2019 11:57:53
;;;Zoning;6807323;'20200219142313;W03-C-Antwerpen-West-FH07;6807323;'20200219142313;W03-C-Antwerpen-West-FH07;19084;FTTH-Cu;;';';;;;;;;11508590;'20191018084311;44177;'1630000;'1061;Kloosterstraat;'19;';2000;Antwerpen - Anvers;;'151861,763;'211854,579;';N;ORN;4;12;Unknown;Unknown;;None;;;';;';;Y;;;;'30/01/2019 11:57:53;4;11096429;;LU;1;';';';';';;;;;;;;';;';;Y;;;;'30/01/2019 11:57:53
;;;Zoning;6807323;'20200219142313;W03-C-Antwerpen-West-FH07;6807323;'20200219142313;W03-C-Antwerpen-West-FH07;19084;FTTH-Cu;;';';;;;;;;11508592;'20191015161038;44179;'1630000;'1061;Kloosterstraat;'21;';2000;Antwerpen - Anvers;;'151860,024;'211845,219;';Y;NA;4;12;Unknown;Unknown;;None;;;';;';;Y;;;;'30/01/2019 11:57:53;1;1703333;;BU;1;';';';';';Y;;COMM;HANDELSZAAK - COMMERCE;NA;;;';;';;Y;;;;'30/01/2019 11:57:53
;;;Zoning;6807323;'20200219142313;W03-C-Antwerpen-West-FH07;6807323;'20200219142313;W03-C-Antwerpen-West-FH07;19084;FTTH-Cu;;';';;;;;;;11508592;'20191015161038;44179;'1630000;'1061;Kloosterstraat;'21;';2000;Antwerpen - Anvers;;'151860,024;'211845,219;';Y;NA;4;12;Unknown;Unknown;;None;;;';;';;Y;;;;'30/01/2019 11:57:53;2;1703418;;LU;1;';';';';';Y;;HOUSE;WONING - MAISON;NA;;;';;';;Y;;;;'30/01/2019 11:57:53
;;;Zoning;6807323;'20200219142313;W03-C-Antwerpen-West-FH07;6807323;'20200219142313;W03-C-Antwerpen-West-FH07;19084;FTTH-Cu;;';';;;;;;;11508592;'20191015161038;44179;'1630000;'1061;Kloosterstraat;'21;';2000;Antwerpen - Anvers;;'151860,024;'211845,219;';Y;NA;4;12;Unknown;Unknown;;None;;;';;';;Y;;;;'30/01/2019 11:57:53;3;11096430;;LU;1;';';';';';;;;;;;;';;';;Y;;;;'30/01/2019 11:57:53
;;;Zoning;6807323;'20200219142313;W03-C-Antwerpen-West-FH07;6807323;'20200219142313;W03-C-Antwerpen-West-FH07;19084;FTTH-Cu;;';';;;;;;;11508592;'20191015161038;44179;'1630000;'1061;Kloosterstraat;'21;';2000;Antwerpen - Anvers;;'151860,024;'211845,219;';Y;NA;4;12;Unknown;Unknown;;None;;;';;';;Y;;;;'30/01/2019 11:57:53;4;11096431;;LU;1;';';';';';;;;;;;;';;';;Y;;;;'30/01/2019 11:57:53
;;;Zoning;6807323;'20200219142313;W03-C-Antwerpen-West-FH07;6807323;'20200219142313;W03-C-Antwerpen-West-FH07;19084;FTTH-Cu;;';';;;;;;;11508592;'20191015161038;44179;'1630000;'1061;Kloosterstraat;'21;';2000;Antwerpen - Anvers;;'151860,024;'211845,219;';Y;NA;4;12;Unknown;Unknown;;None;;;';;';;Y;;;;'30/01/2019 11:57:53;5;11096432;;LU;1;';';';';';;;;;;;;';;';;Y;;;;'30/01/2019 11:57:53
;;;Zoning;6807323;'20200219142313;W03-C-Antwerpen-West-FH07;6807323;'20200219142313;W03-C-Antwerpen-West-FH07;19084;FTTH-Cu;;';';;;;;;;11508592;'20191015161038;44179;'1630000;'1061;Kloosterstraat;'21;';2000;Antwerpen - Anvers;;'151860,024;'211845,219;';Y;NA;4;12;Unknown;Unknown;;None;;;';;';;Y;;;;'30/01/2019 11:57:53;6;11096433;;LU;1;';';';';';;;;;;;;';;';;Y;;;;'30/01/2019 11:57:53
;;;Zoning;6807323;'20200219142313;W03-C-Antwerpen-West-FH07;6807323;'20200219142313;W03-C-Antwerpen-West-FH07;19084;FTTH-Cu;;';';;;;;;;11508576;'20191015161028;1737794;'1630000;'1061;Kloosterstraat;'27;';2000;Antwerpen - Anvers;;'151859,559;'211839,005;';Y;NA;1;3;Unknown;Unknown;;None;;;';;';;Y;;;;'30/01/2019 11:57:53;1;1728656;;LU;1;';';';';';Y;;HOUSE;WONING - MAISON;NA;;;';;';;Y;;;;'30/01/2019 11:57:53
;;;Zoning;6807323;'20200219142313;W03-C-Antwerpen-West-FH07;6807323;'20200219142313;W03-C-Antwerpen-West-FH07;19084;FTTH-Cu;;';';;;;;;;11508591;'20191018084326;44178;'1630000;'1061;Kloosterstraat;'29;';2000;Antwerpen - Anvers;;'151856,921;'211834,263;';Y;NA;3;12;Unknown;Unknown;;None;;;';;';;Y;;;;'30/01/2019 11:57:53;1;1734451;;BU;1;';';';';';Y;#A1;APPART;DEEL_APP_GEBOUW - PARTIE_IMMEUBLE_APP;APPART;;;';;';;Y;;;;'30/01/2019 11:57:53
;;;Zoning;6807323;'20200219142313;W03-C-Antwerpen-West-FH07;6807323;'20200219142313;W03-C-Antwerpen-West-FH07;19084;FTTH-Cu;;';';;;;;;;11508591;'20191018084326;44178;'1630000;'1061;Kloosterstraat;'29;';2000;Antwerpen - Anvers;;'151856,921;'211834,263;';Y;NA;3;12;Unknown;Unknown;;None;;;';;';;Y;;;;'30/01/2019 11:57:53;2;1734680;;LU;1;';';';';';Y;#A2;APPART;DEEL_APP_GEBOUW - PARTIE_IMMEUBLE_APP;APPART;;;';;';;Y;;;;'30/01/2019 11:57:53
;;;Zoning;6807323;'20200219142313;W03-C-Antwerpen-West-FH07;6807323;'20200219142313;W03-C-Antwerpen-West-FH07;19084;FTTH-Cu;;';';;;;;;;11508591;'20191018084326;44178;'1630000;'1061;Kloosterstraat;'29;';2000;Antwerpen - Anvers;;'151856,921;'211834,263;';Y;NA;3;12;Unknown;Unknown;;None;;;';;';;Y;;;;'30/01/2019 11:57:53;3;1735163;;LU;1;';';';';';Y;#BERGING;APPART;DEEL_APP_GEBOUW - PARTIE_IMMEUBLE_APP;NA;;;';;';;Y;;;;'30/01/2019 11:57:53
;;;Zoning;6807323;'20200219142313;W03-C-Antwerpen-West-FH07;6807323;'20200219142313;W03-C-Antwerpen-West-FH07;19084;FTTH-Cu;;';';;;;;;;11508591;'20191018084326;44178;'1630000;'1061;Kloosterstraat;'29;';2000;Antwerpen - Anvers;;'151856,921;'211834,263;';Y;NA;3;12;Unknown;Unknown;;None;;;';;';;Y;;;;'30/01/2019 11:57:53;4;1735195;;LU;1;';';';';';Y;#DAKV.;APPART;DEEL_APP_GEBOUW - PARTIE_IMMEUBLE_APP;NA;;;';;';;Y;;;;'30/01/2019 11:57:53
;;;Zoning;6807323;'20200219142313;W03-C-Antwerpen-West-FH07;6807323;'20200219142313;W03-C-Antwerpen-West-FH07;19084;FTTH-Cu;;';';;;;;;;7093507;'20191018084336;1737795;'1630000;'1061;Kloosterstraat;'31;';2000;Antwerpen - Anvers;;'151853,75;'211825,631;';N;MON;4;0;Unknown;Unknown;;None;;;';IFH_BATCH;'12/07/2019 07:30:28;;Y;;;;'12/07/2019 07:28:35;1;1748677;;LU;1;';';';';';Y;;HOUSE;WONING - MAISON;NA;;;';;';;Y;;;;'12/07/2019 07:28:35
;;;Zoning;6807323;'20200219142313;W03-C-Antwerpen-West-FH07;6807323;'20200219142313;W03-C-Antwerpen-West-FH07;19084;FTTH-Cu;;';';;;;;;;7093507;'20191018084336;1737795;'1630000;'1061;Kloosterstraat;'31;';2000;Antwerpen - Anvers;;'151853,75;'211825,631;';N;MON;4;0;Unknown;Unknown;;None;;;';IFH_BATCH;'12/07/2019 07:30:28;;Y;;;;'12/07/2019 07:28:35;2;11086636;;LU;1;';';';';';;;;;;;;';;';;Y;;;;'12/07/2019 07:28:35
;;;Zoning;6807323;'20200219142313;W03-C-Antwerpen-West-FH07;6807323;'20200219142313;W03-C-Antwerpen-West-FH07;19084;FTTH-Cu;;';';;;;;;;7093507;'20191018084336;1737795;'1630000;'1061;Kloosterstraat;'31;';2000;Antwerpen - Anvers;;'151853,75;'211825,631;';N;MON;4;0;Unknown;Unknown;;None;;;';IFH_BATCH;'12/07/2019 07:30:28;;Y;;;;'12/07/2019 07:28:35;3;11086637;;LU;1;';';';';';;;;;;;;';;';;Y;;;;'12/07/2019 07:28:35
;;;Zoning;6807323;'20200219142313;W03-C-Antwerpen-West-FH07;6807323;'20200219142313;W03-C-Antwerpen-West-FH07;19084;FTTH-Cu;;';';;;;;;;7093507;'20191018084336;1737795;'1630000;'1061;Kloosterstraat;'31;';2000;Antwerpen - Anvers;;'151853,75;'211825,631;';N;MON;4;0;Unknown;Unknown;;None;;;';IFH_BATCH;'12/07/2019 07:30:28;;Y;;;;'12/07/2019 07:28:35;4;11086638;;LU;1;';';';';';;;;;;;;';;';;Y;;;;'12/07/2019 07:28:35
;;;Zoning;6807323;'20200219142313;W03-C-Antwerpen-West-FH07;6807323;'20200219142313;W03-C-Antwerpen-West-FH07;19084;FTTH-Cu;;';';;;;;;;7093508;'20191018084337;1737796;'1630000;'1061;Kloosterstraat;'33;';2000;Antwerpen - Anvers;;'151851,24;'211816,896;';N;ORN;4;0;Unknown;Unknown;;None;;;';IFH_BATCH;'12/07/2019 07:30:30;;Y;;;;'12/07/2019 07:28:35;1;1754770;;BU;1;';';';';';Y;;COMM;HANDELSZAAK - COMMERCE;NA;;;';;';;Y;;;;'12/07/2019 07:28:35
;;;Zoning;6807323;'20200219142313;W03-C-Antwerpen-West-FH07;6807323;'20200219142313;W03-C-Antwerpen-West-FH07;19084;FTTH-Cu;;';';;;;;;;11508577;'20191018084346;1737797;'1630000;'1061;Kloosterstraat;'35;';2000;Antwerpen - Anvers;;'151849,315;'211808,5;';Y;NA;4;12;Unknown;Unknown;;None;;;';;';;Y;;;;'30/01/2019 11:57:53;1;1760893;;BU;1;';';';';';Y;;APTBLD;APPARTEMENTSGEBOUW - IMMEUBLE A APPARTEMENTS;NA;;;';;';;Y;;;;'30/01/2019 11:57:53
;;;Zoning;6807323;'20200219142313;W03-C-Antwerpen-West-FH07;6807323;'20200219142313;W03-C-Antwerpen-West-FH07;19084;FTTH-Cu;;';';;;;;;;11508577;'20191018084346;1737797;'1630000;'1061;Kloosterstraat;'35;';2000;Antwerpen - Anvers;;'151849,315;'211808,5;';Y;NA;4;12;Unknown;Unknown;;None;;;';;';;Y;;;;'30/01/2019 11:57:53;2;10362438;;LU;1;';';';';';Y;;APTBLD;APPARTEMENTSGEBOUW - IMMEUBLE A APPARTEMENTS;NA;;;';;';;Y;;;;'30/01/2019 11:57:53
;;;Zoning;6807323;'20200219142313;W03-C-Antwerpen-West-FH07;6807323;'20200219142313;W03-C-Antwerpen-West-FH07;19084;FTTH-Cu;;';';;;;;;;11508577;'20191018084346;1737797;'1630000;'1061;Kloosterstraat;'35;';2000;Antwerpen - Anvers;;'151849,315;'211808,5;';Y;NA;4;12;Unknown;Unknown;;None;;;';;';;Y;;;;'30/01/2019 11:57:53;3;10362439;;LU;1;';';';';';Y;;APTBLD;APPARTEMENTSGEBOUW - IMMEUBLE A APPARTEMENTS;NA;;;';;';;Y;;;;'30/01/2019 11:57:53
;;;Zoning;6807323;'20200219142313;W03-C-Antwerpen-West-FH07;6807323;'20200219142313;W03-C-Antwerpen-West-FH07;19084;FTTH-Cu;;';';;;;;;;11508577;'20191018084346;1737797;'1630000;'1061;Kloosterstraat;'35;';2000;Antwerpen - Anvers;;'151849,315;'211808,5;';Y;NA;4;12;Unknown;Unknown;;None;;;';;';;Y;;;;'30/01/2019 11:57:53;4;10362440;;LU;1;';';';';';Y;;APTBLD;APPARTEMENTSGEBOUW - IMMEUBLE A APPARTEMENTS;NA;;;';;';;Y;;;;'30/01/2019 11:57:53
;;;Zoning;6807323;'20200219142313;W03-C-Antwerpen-West-FH07;6807323;'20200219142313;W03-C-Antwerpen-West-FH07;19084;FTTH-Cu;;';';;;;;;;11508577;'20191018084346;1737797;'1630000;'1061;Kloosterstraat;'35;';2000;Antwerpen - Anvers;;'151849,315;'211808,5;';Y;NA;4;12;Unknown;Unknown;;None;;;';;';;Y;;;;'30/01/2019 11:57:53;5;10362441;;LU;1;';';';';';Y;;APTBLD;APPARTEMENTSGEBOUW - IMMEUBLE A APPARTEMENTS;NA;;;';;';;Y;;;;'30/01/2019 11:57:53
;;;Zoning;6807323;'20200219142313;W03-C-Antwerpen-West-FH07;6807323;'20200219142313;W03-C-Antwerpen-West-FH07;19084;FTTH-Cu;;';';;;;;;;11508577;'20191018084346;1737797;'1630000;'1061;Kloosterstraat;'35;';2000;Antwerpen - Anvers;;'151849,315;'211808,5;';Y;NA;4;12;Unknown;Unknown;;None;;;';;';;Y;;;;'30/01/2019 11:57:53;6;10362442;;LU;1;';';';';';Y;;APTBLD;APPARTEMENTSGEBOUW - IMMEUBLE A APPARTEMENTS;NA;;;';;';;Y;;;;'30/01/2019 11:57:53
;;;Zoning;6807323;'20200219142313;W03-C-Antwerpen-West-FH07;6807323;'20200219142313;W03-C-Antwerpen-West-FH07;19084;FTTH-Cu;;';';;;;;;;11508577;'20191018084346;1737797;'1630000;'1061;Kloosterstraat;'35;';2000;Antwerpen - Anvers;;'151849,315;'211808,5;';Y;NA;4;12;Unknown;Unknown;;None;;;';;';;Y;;;;'30/01/2019 11:57:53;7;11096434;;LU;1;';';';';';;;;;;;;';;';;Y;;;;'30/01/2019 11:57:53
;;;Zoning;6807323;'20200219142313;W03-C-Antwerpen-West-FH07;6807323;'20200219142313;W03-C-Antwerpen-West-FH07;19084;FTTH-Cu;;';';;;;;;;13476422;'20190712100911;4505136;'1630000;'1061;Kloosterstraat;'43;';2000;Antwerpen - Anvers;;'151841;'211792;';NA;NA;;;Unknown;Unknown;;None;;;';;';;;;;;';1;1785323;;LU;1;';';';';';Y;;HOUSE;WONING - MAISON;NA;;;';;';;N;;;;'
;;;Zoning;6807323;'20200219142313;W03-C-Antwerpen-West-FH07;6807323;'20200219142313;W03-C-Antwerpen-West-FH07;19084;FTTH-Cu;;';';;;;;;;7093509;'20191018085027;1737803;'1630000;'1061;Kloosterstraat;'51;';2000;Antwerpen - Anvers;;'151838,796;'211777,348;';Y;NA;3;9;Unknown;Unknown;;None;;;';;';;Y;;;;'15/01/2019 12:41:18;1;1807456;;LU;1;';';';';';Y;;HOUSE;WONING - MAISON;NA;;;';;';;Y;;;;'15/01/2019 12:41:18
;;;Zoning;6807323;'20200219142313;W03-C-Antwerpen-West-FH07;6807323;'20200219142313;W03-C-Antwerpen-West-FH07;19084;FTTH-Cu;;';';;;;;;;7093509;'20191018085027;1737803;'1630000;'1061;Kloosterstraat;'51;';2000;Antwerpen - Anvers;;'151838,796;'211777,348;';Y;NA;3;9;Unknown;Unknown;;None;;;';;';;Y;;;;'15/01/2019 12:41:18;2;10357934;;BU;1;';';';';';Y;;HOUSE;WONING - MAISON;NA;;;';;';;Y;;;;'15/01/2019 12:41:18
;;;Zoning;6807323;'20200219142313;W03-C-Antwerpen-West-FH07;6807323;'20200219142313;W03-C-Antwerpen-West-FH07;19084;FTTH-Cu;;';';;;;;;;11508578;'20191018085035;1737805;'1630000;'1061;Kloosterstraat;'53;';2000;Antwerpen - Anvers;;'151838,169;'211771,669;';Y;NA;4;12;Unknown;Unknown;;None;;;';;';;Y;;;;'30/01/2019 11:57:53;1;1809903;;BU;1;';';';';';Y;#A1/K3;APPART;DEEL_APP_GEBOUW - PARTIE_IMMEUBLE_APP;APPART;;;';;';;Y;;;;'30/01/2019 11:57:53
;;;Zoning;6807323;'20200219142313;W03-C-Antwerpen-West-FH07;6807323;'20200219142313;W03-C-Antwerpen-West-FH07;19084;FTTH-Cu;;';';;;;;;;11508578;'20191018085035;1737805;'1630000;'1061;Kloosterstraat;'53;';2000;Antwerpen - Anvers;;'151838,169;'211771,669;';Y;NA;4;12;Unknown;Unknown;;None;;;';;';;Y;;;;'30/01/2019 11:57:53;2;1810031;;LU;1;';';';';';Y;#A2/K1B;APPART;DEEL_APP_GEBOUW - PARTIE_IMMEUBLE_APP;APPART;;;';;';;Y;;;;'30/01/2019 11:57:53
;;;Zoning;6807323;'20200219142313;W03-C-Antwerpen-West-FH07;6807323;'20200219142313;W03-C-Antwerpen-West-FH07;19084;FTTH-Cu;;';';;;;;;;11508578;'20191018085035;1737805;'1630000;'1061;Kloosterstraat;'53;';2000;Antwerpen - Anvers;;'151838,169;'211771,669;';Y;NA;4;12;Unknown;Unknown;;None;;;';;';;Y;;;;'30/01/2019 11:57:53;3;1810124;;LU;1;';';';';';Y;#A3/K1C;APPART;DEEL_APP_GEBOUW - PARTIE_IMMEUBLE_APP;APPART;;;';;';;Y;;;;'30/01/2019 11:57:53
;;;Zoning;6807323;'20200219142313;W03-C-Antwerpen-West-FH07;6807323;'20200219142313;W03-C-Antwerpen-West-FH07;19084;FTTH-Cu;;';';;;;;;;11508578;'20191018085035;1737805;'1630000;'1061;Kloosterstraat;'53;';2000;Antwerpen - Anvers;;'151838,169;'211771,669;';Y;NA;4;12;Unknown;Unknown;;None;;;';;';;Y;;;;'30/01/2019 11:57:53;4;11087784;;LU;1;';';';';';Y;;HOUSE;;;;;';;';;Y;;;;'30/01/2019 11:57:53
;;;Zoning;6807323;'20200219142313;W03-C-Antwerpen-West-FH07;6807323;'20200219142313;W03-C-Antwerpen-West-FH07;19084;FTTH-Cu;;';';;;;;;;11508571;'20191018085046;1471079;'1630000;'1061;Kloosterstraat;'55;';2000;Antwerpen - Anvers;;'151835,598;'211766,125;';Y;NA;4;12;Unknown;Unknown;;None;;;';;';;Y;;;;'30/01/2019 11:57:53;1;1813458;;LU;1;';';';';';Y;#A1;APPART;DEEL_APP_GEBOUW - PARTIE_IMMEUBLE_APP;APPART;;;';;';;Y;;;;'30/01/2019 11:57:53
;;;Zoning;6807323;'20200219142313;W03-C-Antwerpen-West-FH07;6807323;'20200219142313;W03-C-Antwerpen-West-FH07;19084;FTTH-Cu;;';';;;;;;;11508571;'20191018085046;1471079;'1630000;'1061;Kloosterstraat;'55;';2000;Antwerpen - Anvers;;'151835,598;'211766,125;';Y;NA;4;12;Unknown;Unknown;;None;;;';;';;Y;;;;'30/01/2019 11:57:53;2;1813578;;LU;1;';';';';';Y;#A2;APPART;DEEL_APP_GEBOUW - PARTIE_IMMEUBLE_APP;APPART;;;';;';;Y;;;;'30/01/2019 11:57:53
;;;Zoning;6807323;'20200219142313;W03-C-Antwerpen-West-FH07;6807323;'20200219142313;W03-C-Antwerpen-West-FH07;19084;FTTH-Cu;;';';;;;;;;11508571;'20191018085046;1471079;'1630000;'1061;Kloosterstraat;'55;';2000;Antwerpen - Anvers;;'151835,598;'211766,125;';Y;NA;4;12;Unknown;Unknown;;None;;;';;';;Y;;;;'30/01/2019 11:57:53;3;1813672;;LU;1;';';';';';Y;#A3;APPART;DEEL_APP_GEBOUW - PARTIE_IMMEUBLE_APP;APPART;;;';;';;Y;;;;'30/01/2019 11:57:53
;;;Zoning;6807323;'20200219142313;W03-C-Antwerpen-West-FH07;6807323;'20200219142313;W03-C-Antwerpen-West-FH07;19084;FTTH-Cu;;';';;;;;;;11508596;'20191018085046;4505143;'1630000;'1061;Kloosterstraat;'57;';2000;Antwerpen - Anvers;;'151840,425;'211764,017;';Y;NA;4;12;Unknown;Unknown;;None;;;';;';;Y;;;;'30/01/2019 11:57:53;1;1817139;;BU;1;';';';';';Y;;HOUSE;WONING - MAISON;NA;;;';;';;Y;;;;'30/01/2019 11:57:53
;;;Zoning;6807323;'20200219142313;W03-C-Antwerpen-West-FH07;6807323;'20200219142313;W03-C-Antwerpen-West-FH07;19084;FTTH-Cu;;';';;;;;;;11508587;'20191018085114;4006062;'1630000;'1061;Kloosterstraat;'59;';2000;Antwerpen - Anvers;;'151834,284;'211759,639;';Y;NA;4;12;Unknown;Unknown;;None;;;';;';;Y;;;;'30/01/2019 11:57:53;1;10362452;;BU;1;';';';';';Y;;HOUSE;APPARTEMENTSGEBOUW - IMMEUBLE A APPARTEMENTS;NA;;;';;';;Y;;;;'30/01/2019 11:57:53
;;;Zoning;6807323;'20200219142313;W03-C-Antwerpen-West-FH07;6807323;'20200219142313;W03-C-Antwerpen-West-FH07;19084;FTTH-Cu;;';';;;;;;;11508579;'20191018085136;1737812;'1630000;'1061;Kloosterstraat;'65;';2000;Antwerpen - Anvers;;'151828,26;'211741,15;';Y;NA;3;9;Unknown;Unknown;;None;;;';;';;Y;;;;'30/01/2019 11:57:53;1;1833710;;BU;1;';';';';';Y;;HOUSE;WONING - MAISON;NA;;;';;';;Y;;;;'30/01/2019 11:57:53
;;;Zoning;6807323;'20200219142313;W03-C-Antwerpen-West-FH07;6807323;'20200219142313;W03-C-Antwerpen-West-FH07;19084;FTTH-Cu;;';';;;;;;;11508579;'20191018085136;1737812;'1630000;'1061;Kloosterstraat;'65;';2000;Antwerpen - Anvers;;'151828,26;'211741,15;';Y;NA;3;9;Unknown;Unknown;;None;;;';;';;Y;;;;'30/01/2019 11:57:53;2;10357928;;LU;1;';';';';';Y;;HOUSE;WONING - MAISON;NA;;;';;';;Y;;;;'30/01/2019 11:57:53
;;;Zoning;6807323;'20200219142313;W03-C-Antwerpen-West-FH07;6807323;'20200219142313;W03-C-Antwerpen-West-FH07;19084;FTTH-Cu;;';';;;;;;;11508579;'20191018085136;1737812;'1630000;'1061;Kloosterstraat;'65;';2000;Antwerpen - Anvers;;'151828,26;'211741,15;';Y;NA;3;9;Unknown;Unknown;;None;;;';;';;Y;;;;'30/01/2019 11:57:53;3;10357929;;LU;1;';';';';';Y;;HOUSE;WONING - MAISON;NA;;;';;';;Y;;;;'30/01/2019 11:57:53
;;;Zoning;6807323;'20200219142313;W03-C-Antwerpen-West-FH07;6807323;'20200219142313;W03-C-Antwerpen-West-FH07;19084;FTTH-Cu;;';';;;;;;;11508579;'20191018085136;1737812;'1630000;'1061;Kloosterstraat;'65;';2000;Antwerpen - Anvers;;'151828,26;'211741,15;';Y;NA;3;9;Unknown;Unknown;;None;;;';;';;Y;;;;'30/01/2019 11:57:53;4;10357930;;LU;1;';';';';';Y;;HOUSE;WONING - MAISON;NA;;;';;';;Y;;;;'30/01/2019 11:57:53
;;;Zoning;6807323;'20200219142313;W03-C-Antwerpen-West-FH07;6807323;'20200219142313;W03-C-Antwerpen-West-FH07;19084;FTTH-Cu;;';';;;;;;;11508579;'20191018085136;1737812;'1630000;'1061;Kloosterstraat;'65;';2000;Antwerpen - Anvers;;'151828,26;'211741,15;';Y;NA;3;9;Unknown;Unknown;;None;;;';;';;Y;;;;'30/01/2019 11:57:53;5;10357931;;LU;1;';';';';';Y;;HOUSE;WONING - MAISON;NA;;;';;';;Y;;;;'30/01/2019 11:57:53
;;;Zoning;6807323;'20200219142313;W03-C-Antwerpen-West-FH07;6807323;'20200219142313;W03-C-Antwerpen-West-FH07;19084;FTTH-Cu;;';';;;;;;;13476423;'20191021134251;4519687;'1630000;'1061;Kloosterstraat;'75;';2000;Antwerpen - Anvers;;'151818,084;'211705,634;';N;NA;;;Unknown;Unknown;;None;;;';;';;Y;;;;';1;1848418;;BU;1;';';';';';Y;;COMM;HANDELSZAAK - COMMERCE;NA;;;';;';;Y;;;;'
;;;Zoning;6807323;'20200219142313;W03-C-Antwerpen-West-FH07;6807323;'20200219142313;W03-C-Antwerpen-West-FH07;19084;FTTH-Cu;;';';;;;;;;11508580;'20191021134331;1737817;'1630000;'1061;Kloosterstraat;'79;';2000;Antwerpen - Anvers;;'151812,559;'211688,169;';N;ORN;6;18;Unknown;Unknown;;None;;;';;';;Y;;;;'30/01/2019 11:57:53;1;1851974;;BU;1;';';';';';Y;#A2/2/;APPART;DEEL_APP_GEBOUW - PARTIE_IMMEUBLE_APP;APPART;;;';;';;Y;;;;'30/01/2019 11:57:53
;;;Zoning;6807323;'20200219142313;W03-C-Antwerpen-West-FH07;6807323;'20200219142313;W03-C-Antwerpen-West-FH07;19084;FTTH-Cu;;';';;;;;;;11508580;'20191021134331;1737817;'1630000;'1061;Kloosterstraat;'79;';2000;Antwerpen - Anvers;;'151812,559;'211688,169;';N;ORN;6;18;Unknown;Unknown;;None;;;';;';;Y;;;;'30/01/2019 11:57:53;2;1852004;;LU;1;';';';';';Y;#A3/3/;APPART;DEEL_APP_GEBOUW - PARTIE_IMMEUBLE_APP;APPART;;;';;';;Y;;;;'30/01/2019 11:57:53
;;;Zoning;6807323;'20200219142313;W03-C-Antwerpen-West-FH07;6807323;'20200219142313;W03-C-Antwerpen-West-FH07;19084;FTTH-Cu;;';';;;;;;;11508580;'20191021134331;1737817;'1630000;'1061;Kloosterstraat;'79;';2000;Antwerpen - Anvers;;'151812,559;'211688,169;';N;ORN;6;18;Unknown;Unknown;;None;;;';;';;Y;;;;'30/01/2019 11:57:53;3;1852017;;LU;1;';';';';';Y;#A4/4/;APPART;DEEL_APP_GEBOUW - PARTIE_IMMEUBLE_APP;APPART;;;';;';;Y;;;;'30/01/2019 11:57:53
;;;Zoning;6807323;'20200219142313;W03-C-Antwerpen-West-FH07;6807323;'20200219142313;W03-C-Antwerpen-West-FH07;19084;FTTH-Cu;;';';;;;;;;11508580;'20191021134331;1737817;'1630000;'1061;Kloosterstraat;'79;';2000;Antwerpen - Anvers;;'151812,559;'211688,169;';N;ORN;6;18;Unknown;Unknown;;None;;;';;';;Y;;;;'30/01/2019 11:57:53;4;1852026;;LU;1;';';';';';Y;#A5/5/;APPART;DEEL_APP_GEBOUW - PARTIE_IMMEUBLE_APP;APPART;;;';;';;Y;;;;'30/01/2019 11:57:53
;;;Zoning;6807323;'20200219142313;W03-C-Antwerpen-West-FH07;6807323;'20200219142313;W03-C-Antwerpen-West-FH07;19084;FTTH-Cu;;';';;;;;;;11508580;'20191021134331;1737817;'1630000;'1061;Kloosterstraat;'79;';2000;Antwerpen - Anvers;;'151812,559;'211688,169;';N;ORN;6;18;Unknown;Unknown;;None;;;';;';;Y;;;;'30/01/2019 11:57:53;5;1852052;;BU;1;';';';';';Y;#HA.GV.1/OL/;APPART;DEEL_APP_GEBOUW - PARTIE_IMMEUBLE_APP;COMM;;;';;';;Y;;;;'30/01/2019 11:57:53
;;;Zoning;6807323;'20200219142313;W03-C-Antwerpen-West-FH07;6807323;'20200219142313;W03-C-Antwerpen-West-FH07;19084;FTTH-Cu;11382514;'20191021134525;'Kloosterstraat 81,83;;;;;;;11508581;'20200110140834;1737819;'1630000;'1061;Kloosterstraat;'81;';2000;Antwerpen - Anvers;;'151808,375;'211680,447;';Y;NA;1;3;Unknown;Unknown;;None;;;';;';;Y;;;;'30/01/2019 11:57:53;1;1858300;;BU;1;';';';';';Y;;COMM;HANDELSZAAK - COMMERCE;NA;;;';;';;Y;;;;'30/01/2019 11:57:53
;;;Zoning;6807323;'20200219142313;W03-C-Antwerpen-West-FH07;6807323;'20200219142313;W03-C-Antwerpen-West-FH07;19084;FTTH-Cu;11382514;'20191021134525;'Kloosterstraat 81,83;;;;;;;7093510;'20191021134348;1737821;'1630000;'1061;Kloosterstraat;'83;';2000;Antwerpen - Anvers;;'151808,337;'211675,23;';Y;NA;3;9;Unknown;Unknown;;None;;;';;';;Y;;;;'15/01/2019 12:41:18;1;1860139;;BU;1;';';';';';Y;;COMM;HANDELSZAAK - COMMERCE;NA;;;';;';;Y;;;;'15/01/2019 12:41:18
;;;Zoning;6807323;'20200219142313;W03-C-Antwerpen-West-FH07;6807323;'20200219142313;W03-C-Antwerpen-West-FH07;19084;FTTH-Cu;11382514;'20191021134525;'Kloosterstraat 81,83;;;;;;;7093510;'20191021134348;1737821;'1630000;'1061;Kloosterstraat;'83;';2000;Antwerpen - Anvers;;'151808,337;'211675,23;';Y;NA;3;9;Unknown;Unknown;;None;;;';;';;Y;;;;'15/01/2019 12:41:18;2;11087111;;LU;1;';';';';';;;;;;;;';;';;Y;;;;'15/01/2019 12:41:18
;;;Zoning;6807323;'20200219142313;W03-C-Antwerpen-West-FH07;6807323;'20200219142313;W03-C-Antwerpen-West-FH07;19084;FTTH-Cu;11382514;'20191021134525;'Kloosterstraat 81,83;;;;;;;7093510;'20191021134348;1737821;'1630000;'1061;Kloosterstraat;'83;';2000;Antwerpen - Anvers;;'151808,337;'211675,23;';Y;NA;3;9;Unknown;Unknown;;None;;;';;';;Y;;;;'15/01/2019 12:41:18;3;11087112;;LU;1;';';';';';;;;;;;;';;';;Y;;;;'15/01/2019 12:41:18
;;;Zoning;6807323;'20200219142313;W03-C-Antwerpen-West-FH07;6807323;'20200219142313;W03-C-Antwerpen-West-FH07;19084;FTTH-Cu;;';';;;;;;;11508582;'20191021134357;1737823;'1630000;'1061;Kloosterstraat;'85;';2000;Antwerpen - Anvers;;'151805,786;'211670,406;';Y;NA;4;12;Unknown;Unknown;;None;;;';;';;Y;;;;'30/01/2019 11:57:53;1;1861685;;BU;1;';';';';';Y;;HOUSE;WONING - MAISON;NA;;;';;';;Y;;;;'30/01/2019 11:57:53
;;;Zoning;6807323;'20200219142313;W03-C-Antwerpen-West-FH07;6807323;'20200219142313;W03-C-Antwerpen-West-FH07;19084;FTTH-Cu;;';';;;;;;;11508582;'20191021134357;1737823;'1630000;'1061;Kloosterstraat;'85;';2000;Antwerpen - Anvers;;'151805,786;'211670,406;';Y;NA;4;12;Unknown;Unknown;;None;;;';;';;Y;;;;'30/01/2019 11:57:53;2;10357925;;LU;1;';';';';';Y;;HOUSE;WONING - MAISON;NA;;;';;';;Y;;;;'30/01/2019 11:57:53
;;;Zoning;6807323;'20200219142313;W03-C-Antwerpen-West-FH07;6807323;'20200219142313;W03-C-Antwerpen-West-FH07;19084;FTTH-Cu;;';';;;;;;;11508582;'20191021134357;1737823;'1630000;'1061;Kloosterstraat;'85;';2000;Antwerpen - Anvers;;'151805,786;'211670,406;';Y;NA;4;12;Unknown;Unknown;;None;;;';;';;Y;;;;'30/01/2019 11:57:53;3;10357926;;LU;1;';';';';';Y;;HOUSE;WONING - MAISON;NA;;;';;';;Y;;;;'30/01/2019 11:57:53
;;;Zoning;6807323;'20200219142313;W03-C-Antwerpen-West-FH07;6807323;'20200219142313;W03-C-Antwerpen-West-FH07;19084;FTTH-Cu;;';';;;;;;;11508582;'20191021134357;1737823;'1630000;'1061;Kloosterstraat;'85;';2000;Antwerpen - Anvers;;'151805,786;'211670,406;';Y;NA;4;12;Unknown;Unknown;;None;;;';;';;Y;;;;'30/01/2019 11:57:53;4;10357927;;LU;1;';';';';';Y;;HOUSE;WONING - MAISON;NA;;;';;';;Y;;;;'30/01/2019 11:57:53
;;;Zoning;6807323;'20200219142313;W03-C-Antwerpen-West-FH07;6807323;'20200219142313;W03-C-Antwerpen-West-FH07;19084;FTTH-Cu;;';';;;;;;;11508582;'20191021134357;1737823;'1630000;'1061;Kloosterstraat;'85;';2000;Antwerpen - Anvers;;'151805,786;'211670,406;';Y;NA;4;12;Unknown;Unknown;;None;;;';;';;Y;;;;'30/01/2019 11:57:53;5;11096435;;LU;1;';';';';';;;;;;;;';;';;Y;;;;'30/01/2019 11:57:53
;;;Zoning;6807323;'20200219142313;W03-C-Antwerpen-West-FH07;6807323;'20200219142313;W03-C-Antwerpen-West-FH07;19084;FTTH-Cu;;';';;;;;;;11508582;'20191021134357;1737823;'1630000;'1061;Kloosterstraat;'85;';2000;Antwerpen - Anvers;;'151805,786;'211670,406;';Y;NA;4;12;Unknown;Unknown;;None;;;';;';;Y;;;;'30/01/2019 11:57:53;6;11096436;;LU;1;';';';';';;;;;;;;';;';;Y;;;;'30/01/2019 11:57:53
;;;Zoning;6807323;'20200219142313;W03-C-Antwerpen-West-FH07;6807323;'20200219142313;W03-C-Antwerpen-West-FH07;19084;FTTH-Cu;;';';;;;;;;11508582;'20191021134357;1737823;'1630000;'1061;Kloosterstraat;'85;';2000;Antwerpen - Anvers;;'151805,786;'211670,406;';Y;NA;4;12;Unknown;Unknown;;None;;;';;';;Y;;;;'30/01/2019 11:57:53;7;11096437;;LU;1;';';';';';;;;;;;;';;';;Y;;;;'30/01/2019 11:57:53
;;;Zoning;6807323;'20200219142313;W03-C-Antwerpen-West-FH07;6807323;'20200219142313;W03-C-Antwerpen-West-FH07;19084;FTTH-Cu;;';';;;;;;;11508583;'20191021134406;1737825;'1630000;'1061;Kloosterstraat;'87;';2000;Antwerpen - Anvers;;'151804,74;'211664,547;';Y;NA;1;3;Unknown;Unknown;;None;;;';;';;Y;;;;'30/01/2019 11:57:53;1;1863168;;BU;1;';';';';';Y;;COMM;HANDELSZAAK - COMMERCE;NA;;;';;';;Y;;;;'30/01/2019 11:57:53
;;;Zoning;6807323;'20200219142313;W03-C-Antwerpen-West-FH07;6807323;'20200219142313;W03-C-Antwerpen-West-FH07;19084;FTTH-Cu;;';';;;;;;;13476424;'20191021134418;4519695;'1630000;'1061;Kloosterstraat;'97;';2000;Antwerpen - Anvers;;'151800,991;'211659,181;';Y;NA;;;Unknown;Unknown;;None;;;';;';;Y;;;;';1;1873807;;LU;1;';';';';';Y;;HOUSE;WONING - MAISON;NA;;;';;';;Y;;;;'
;;;Zoning;6807323;'20200219142313;W03-C-Antwerpen-West-FH07;6807323;'20200219142313;W03-C-Antwerpen-West-FH07;19084;FTTH-Cu;;';';;;;;;;13476424;'20191021134418;4519695;'1630000;'1061;Kloosterstraat;'97;';2000;Antwerpen - Anvers;;'151800,991;'211659,181;';Y;NA;;;Unknown;Unknown;;None;;;';;';;Y;;;;';2;1873835;;LU;1;';';';';';Y;;HOUSE;WONING - MAISON;NA;;;';;';;Y;;;;'
;;;Zoning;6807323;'20200219142313;W03-C-Antwerpen-West-FH07;6807323;'20200219142313;W03-C-Antwerpen-West-FH07;19084;FTTH-Cu;;';';;;;;;;13476424;'20191021134418;4519695;'1630000;'1061;Kloosterstraat;'97;';2000;Antwerpen - Anvers;;'151800,991;'211659,181;';Y;NA;;;Unknown;Unknown;;None;;;';;';;Y;;;;';3;11087787;;LU;1;';';';';';Y;;HOUSE;;;;;';;';;Y;;;;'
;;;Zoning;6807323;'20200219142313;W03-C-Antwerpen-West-FH07;6807323;'20200219142313;W03-C-Antwerpen-West-FH07;19084;FTTH-Cu;;';';;;;;;;13476424;'20191021134418;4519695;'1630000;'1061;Kloosterstraat;'97;';2000;Antwerpen - Anvers;;'151800,991;'211659,181;';Y;NA;;;Unknown;Unknown;;None;;;';;';;Y;;;;';4;11087788;;LU;1;';';';';';Y;;HOUSE;;;;;';;';;Y;;;;'
;;;Zoning;6807323;'20200219142313;W03-C-Antwerpen-West-FH07;6807323;'20200219142313;W03-C-Antwerpen-West-FH07;19084;FTTH-Cu;;';';;;;;;;13476424;'20191021134418;4519695;'1630000;'1061;Kloosterstraat;'97;';2000;Antwerpen - Anvers;;'151800,991;'211659,181;';Y;NA;;;Unknown;Unknown;;None;;;';;';;Y;;;;';5;11087789;;LU;1;';';';';';Y;;HOUSE;;;;;';;';;Y;;;;'
;;;Zoning;6807323;'20200219142313;W03-C-Antwerpen-West-FH07;6807323;'20200219142313;W03-C-Antwerpen-West-FH07;19084;FTTH-Cu;;';';;;;;;;13476424;'20191021134418;4519695;'1630000;'1061;Kloosterstraat;'97;';2000;Antwerpen - Anvers;;'151800,991;'211659,181;';Y;NA;;;Unknown;Unknown;;None;;;';;';;Y;;;;';6;11087790;;LU;1;';';';';';Y;;HOUSE;;;;;';;';;Y;;;;'
;;;Zoning;6807323;'20200219142313;W03-C-Antwerpen-West-FH07;6807323;'20200219142313;W03-C-Antwerpen-West-FH07;19084;FTTH-Cu;;';';;;;;;;13476425;'20191021134419;4519696;'1630000;'1061;Kloosterstraat;'99;';2000;Antwerpen - Anvers;;'151799,991;'211655,181;';Y;NA;;;Unknown;Unknown;;None;;;';;';;Y;;;;';1;1875370;;BU;1;';';';';';Y;;HOUSE;APPARTEMENTSGEBOUW - IMMEUBLE A APPARTEMENTS;NA;;;';;';;Y;;;;'
;;;Zoning;6807323;'20200219142313;W03-C-Antwerpen-West-FH07;6807323;'20200219142313;W03-C-Antwerpen-West-FH07;19084;FTTH-Cu;;';';;;;;;;11508597;'20191021135310;972775;'1630000;'1061;Kloosterstraat;'139;';2000;Antwerpen - Anvers;;'151797,015;'211642,542;';N;IRREG;4;12;Unknown;Unknown;;None;;;';;';;Y;;;;'30/01/2019 12:20:58;1;1652499;;LU;1;';';';';';Y;;APTBLD;APPARTEMENTSGEBOUW - IMMEUBLE A APPARTEMENTS;NA;;;';;';;Y;;;;'30/01/2019 11:57:53
;;;Zoning;6807323;'20200219142313;W03-C-Antwerpen-West-FH07;6807323;'20200219142313;W03-C-Antwerpen-West-FH07;19084;FTTH-Cu;;';';;;;;;;11508597;'20191021135310;972775;'1630000;'1061;Kloosterstraat;'139;';2000;Antwerpen - Anvers;;'151797,015;'211642,542;';N;IRREG;4;12;Unknown;Unknown;;None;;;';;';;Y;;;;'30/01/2019 12:20:58;2;10362408;;LU;1;';';';';';Y;;APTBLD;APPARTEMENTSGEBOUW - IMMEUBLE A APPARTEMENTS;NA;;;';;';;Y;;;;'30/01/2019 11:57:53
;;;Zoning;6807323;'20200219142313;W03-C-Antwerpen-West-FH07;6807323;'20200219142313;W03-C-Antwerpen-West-FH07;19084;FTTH-Cu;;';';;;;;;;11508597;'20191021135310;972775;'1630000;'1061;Kloosterstraat;'139;';2000;Antwerpen - Anvers;;'151797,015;'211642,542;';N;IRREG;4;12;Unknown;Unknown;;None;;;';;';;Y;;;;'30/01/2019 12:20:58;3;10362409;;LU;1;';';';';';Y;;APTBLD;APPARTEMENTSGEBOUW - IMMEUBLE A APPARTEMENTS;NA;;;';;';;Y;;;;'30/01/2019 11:57:53
;;;Zoning;6807323;'20200219142313;W03-C-Antwerpen-West-FH07;6807323;'20200219142313;W03-C-Antwerpen-West-FH07;19084;FTTH-Cu;;';';;;;;;;11508597;'20191021135310;972775;'1630000;'1061;Kloosterstraat;'139;';2000;Antwerpen - Anvers;;'151797,015;'211642,542;';N;IRREG;4;12;Unknown;Unknown;;None;;;';;';;Y;;;;'30/01/2019 12:20:58;4;10362410;;LU;1;';';';';';Y;;APTBLD;APPARTEMENTSGEBOUW - IMMEUBLE A APPARTEMENTS;NA;;;';;';;Y;;;;'30/01/2019 11:57:53
;;;Zoning;6807323;'20200219142313;W03-C-Antwerpen-West-FH07;6807323;'20200219142313;W03-C-Antwerpen-West-FH07;19084;FTTH-Cu;;';';;;;;;;11508597;'20191021135310;972775;'1630000;'1061;Kloosterstraat;'139;';2000;Antwerpen - Anvers;;'151797,015;'211642,542;';N;IRREG;4;12;Unknown;Unknown;;None;;;';;';;Y;;;;'30/01/2019 12:20:58;5;10362411;;LU;1;';';';';';Y;;APTBLD;APPARTEMENTSGEBOUW - IMMEUBLE A APPARTEMENTS;NA;;;';;';;Y;;;;'30/01/2019 11:57:53
;;;Zoning;6807323;'20200219142313;W03-C-Antwerpen-West-FH07;6807323;'20200219142313;W03-C-Antwerpen-West-FH07;19084;FTTH-Cu;;';';;;;;;;11508597;'20191021135310;972775;'1630000;'1061;Kloosterstraat;'139;';2000;Antwerpen - Anvers;;'151797,015;'211642,542;';N;IRREG;4;12;Unknown;Unknown;;None;;;';;';;Y;;;;'30/01/2019 12:20:58;6;10362412;;LU;1;';';';';';Y;;APTBLD;APPARTEMENTSGEBOUW - IMMEUBLE A APPARTEMENTS;NA;;;';;';;Y;;;;'30/01/2019 11:57:53
;;;Zoning;6807323;'20200219142313;W03-C-Antwerpen-West-FH07;6807323;'20200219142313;W03-C-Antwerpen-West-FH07;19084;FTTH-Cu;;';';;;;;;;11508597;'20191021135310;972775;'1630000;'1061;Kloosterstraat;'139;';2000;Antwerpen - Anvers;;'151797,015;'211642,542;';N;IRREG;4;12;Unknown;Unknown;;None;;;';;';;Y;;;;'30/01/2019 12:20:58;7;10362413;;LU;1;';';';';';Y;;APTBLD;APPARTEMENTSGEBOUW - IMMEUBLE A APPARTEMENTS;NA;;;';;';;Y;;;;'30/01/2019 11:57:53
;;;Zoning;6807323;'20200219142313;W03-C-Antwerpen-West-FH07;6807323;'20200219142313;W03-C-Antwerpen-West-FH07;19084;FTTH-Cu;;';';;;;;;;11508597;'20191021135310;972775;'1630000;'1061;Kloosterstraat;'139;';2000;Antwerpen - Anvers;;'151797,015;'211642,542;';N;IRREG;4;12;Unknown;Unknown;;None;;;';;';;Y;;;;'30/01/2019 12:20:58;8;10362414;;LU;1;';';';';';Y;;APTBLD;APPARTEMENTSGEBOUW - IMMEUBLE A APPARTEMENTS;NA;;;';;';;Y;;;;'30/01/2019 11:57:53
;;;Zoning;6807323;'20200219142313;W03-C-Antwerpen-West-FH07;6807323;'20200219142313;W03-C-Antwerpen-West-FH07;19084;FTTH-Cu;;';';;;;;;;11508597;'20191021135310;972775;'1630000;'1061;Kloosterstraat;'139;';2000;Antwerpen - Anvers;;'151797,015;'211642,542;';N;IRREG;4;12;Unknown;Unknown;;None;;;';;';;Y;;;;'30/01/2019 12:20:58;9;10362415;;LU;1;';';';';';Y;;APTBLD;APPARTEMENTSGEBOUW - IMMEUBLE A APPARTEMENTS;NA;;;';;';;Y;;;;'30/01/2019 11:57:53
;;;Zoning;6807323;'20200219142313;W03-C-Antwerpen-West-FH07;6807323;'20200219142313;W03-C-Antwerpen-West-FH07;19084;FTTH-Cu;;';';;;;;;;11508597;'20191021135310;972775;'1630000;'1061;Kloosterstraat;'139;';2000;Antwerpen - Anvers;;'151797,015;'211642,542;';N;IRREG;4;12;Unknown;Unknown;;None;;;';;';;Y;;;;'30/01/2019 12:20:58;10;10362416;;LU;1;';';';';';Y;;APTBLD;APPARTEMENTSGEBOUW - IMMEUBLE A APPARTEMENTS;NA;;;';;';;Y;;;;'30/01/2019 11:57:53
;;;Zoning;6807323;'20200219142313;W03-C-Antwerpen-West-FH07;6807323;'20200219142313;W03-C-Antwerpen-West-FH07;19084;FTTH-Cu;;';';;;;;;;11508597;'20191021135310;972775;'1630000;'1061;Kloosterstraat;'139;';2000;Antwerpen - Anvers;;'151797,015;'211642,542;';N;IRREG;4;12;Unknown;Unknown;;None;;;';;';;Y;;;;'30/01/2019 12:20:58;11;10362417;;LU;1;';';';';';Y;;APTBLD;APPARTEMENTSGEBOUW - IMMEUBLE A APPARTEMENTS;NA;;;';;';;Y;;;;'30/01/2019 11:57:53
;;;Zoning;6807323;'20200219142313;W03-C-Antwerpen-West-FH07;6807323;'20200219142313;W03-C-Antwerpen-West-FH07;19084;FTTH-Cu;;';';;;;;;;11508597;'20191021135310;972775;'1630000;'1061;Kloosterstraat;'139;';2000;Antwerpen - Anvers;;'151797,015;'211642,542;';N;IRREG;4;12;Unknown;Unknown;;None;;;';;';;Y;;;;'30/01/2019 12:20:58;12;10362418;;LU;1;';';';';';Y;;APTBLD;APPARTEMENTSGEBOUW - IMMEUBLE A APPARTEMENTS;NA;;;';;';;Y;;;;'30/01/2019 11:57:53
;;;Zoning;6807323;'20200219142313;W03-C-Antwerpen-West-FH07;6807323;'20200219142313;W03-C-Antwerpen-West-FH07;19084;FTTH-Cu;;';';;;;;;;11508597;'20191021135310;972775;'1630000;'1061;Kloosterstraat;'139;';2000;Antwerpen - Anvers;;'151797,015;'211642,542;';N;IRREG;4;12;Unknown;Unknown;;None;;;';;';;Y;;;;'30/01/2019 12:20:58;13;10362419;;LU;1;';';';';';Y;;APTBLD;APPARTEMENTSGEBOUW - IMMEUBLE A APPARTEMENTS;NA;;;';;';;Y;;;;'30/01/2019 11:57:53
;;;Zoning;6807323;'20200219142313;W03-C-Antwerpen-West-FH07;6807323;'20200219142313;W03-C-Antwerpen-West-FH07;19084;FTTH-Cu;;';';;;;;;;11508597;'20191021135310;972775;'1630000;'1061;Kloosterstraat;'139;';2000;Antwerpen - Anvers;;'151797,015;'211642,542;';N;IRREG;4;12;Unknown;Unknown;;None;;;';;';;Y;;;;'30/01/2019 12:20:58;14;10362420;;LU;1;';';';';';Y;;APTBLD;APPARTEMENTSGEBOUW - IMMEUBLE A APPARTEMENTS;NA;;;';;';;Y;;;;'30/01/2019 11:57:53
;;;Zoning;6807323;'20200219142313;W03-C-Antwerpen-West-FH07;6807323;'20200219142313;W03-C-Antwerpen-West-FH07;19084;FTTH-Cu;;';';;;;;;;11508598;'20191021135319;972776;'1630000;'1061;Kloosterstraat;'141;';2000;Antwerpen - Anvers;;'151791,278;'211622,541;';Y;NA;4;4;Unknown;Unknown;;None;;;';IFH_BATCH;'12/07/2019 07:30:11;;Y;;;;'12/07/2019 07:28:35;1;1656568;;LU;1;';';';';';Y;;HOUSE;WONING - MAISON;NA;;;';;';;Y;;;;'12/07/2019 07:28:35
;;;Zoning;6807323;'20200219142313;W03-C-Antwerpen-West-FH07;6807323;'20200219142313;W03-C-Antwerpen-West-FH07;19084;FTTH-Cu;;';';;;;;;;11508598;'20191021135319;972776;'1630000;'1061;Kloosterstraat;'141;';2000;Antwerpen - Anvers;;'151791,278;'211622,541;';Y;NA;4;4;Unknown;Unknown;;None;;;';IFH_BATCH;'12/07/2019 07:30:11;;Y;;;;'12/07/2019 07:28:35;2;1656569;;LU;1;';';';';';Y;;HOUSE;WONING - MAISON;NA;;;';;';;Y;;;;'12/07/2019 07:28:35
;;;Zoning;6807323;'20200219142313;W03-C-Antwerpen-West-FH07;6807323;'20200219142313;W03-C-Antwerpen-West-FH07;19084;FTTH-Cu;;';';;;;;;;11508598;'20191021135319;972776;'1630000;'1061;Kloosterstraat;'141;';2000;Antwerpen - Anvers;;'151791,278;'211622,541;';Y;NA;4;4;Unknown;Unknown;;None;;;';IFH_BATCH;'12/07/2019 07:30:11;;Y;;;;'12/07/2019 07:28:35;3;1656570;;LU;1;';';';';';Y;;HOUSE;WONING - MAISON;NA;;;';;';;Y;;;;'12/07/2019 07:28:35
;;;Zoning;6807323;'20200219142313;W03-C-Antwerpen-West-FH07;6807323;'20200219142313;W03-C-Antwerpen-West-FH07;19084;FTTH-Cu;;';';;;;;;;7093577;'20191021143154;976574;'1630000;'1061;Kloosterstraat;'143;';2000;Antwerpen - Anvers;;'151792,893;'211583,768;';N;ORN;3;12;Unknown;Unknown;;None;;;';;';;Y;;;;'15/01/2019 12:41:18;1;1657322;;LU;1;';';';';';Y;;APTBLD;APPARTEMENTSGEBOUW - IMMEUBLE A APPARTEMENTS;NA;;;';;';;Y;;;;'15/01/2019 12:41:18
;;;Zoning;6807323;'20200219142313;W03-C-Antwerpen-West-FH07;6807323;'20200219142313;W03-C-Antwerpen-West-FH07;19084;FTTH-Cu;;';';;;;;;;7093577;'20191021143154;976574;'1630000;'1061;Kloosterstraat;'143;';2000;Antwerpen - Anvers;;'151792,893;'211583,768;';N;ORN;3;12;Unknown;Unknown;;None;;;';;';;Y;;;;'15/01/2019 12:41:18;2;10362365;;LU;1;';';';';';Y;;APTBLD;APPARTEMENTSGEBOUW - IMMEUBLE A APPARTEMENTS;NA;;;';;';;Y;;;;'15/01/2019 12:41:18
;;;Zoning;6807323;'20200219142313;W03-C-Antwerpen-West-FH07;6807323;'20200219142313;W03-C-Antwerpen-West-FH07;19084;FTTH-Cu;;';';;;;;;;7093577;'20191021143154;976574;'1630000;'1061;Kloosterstraat;'143;';2000;Antwerpen - Anvers;;'151792,893;'211583,768;';N;ORN;3;12;Unknown;Unknown;;None;;;';;';;Y;;;;'15/01/2019 12:41:18;3;10362366;;LU;1;';';';';';Y;;APTBLD;APPARTEMENTSGEBOUW - IMMEUBLE A APPARTEMENTS;NA;;;';;';;Y;;;;'15/01/2019 12:41:18
;;;Zoning;6807323;'20200219142313;W03-C-Antwerpen-West-FH07;6807323;'20200219142313;W03-C-Antwerpen-West-FH07;19084;FTTH-Cu;;';';;;;;;;11508600;'20191021143701;976578;'1630000;'1061;Kloosterstraat;'151;';2000;Antwerpen - Anvers;;'151779,459;'211519,178;';N;IRREG;3;12;Unknown;Unknown;;None;;;';;';;Y;;;;'30/01/2019 11:57:53;1;1663613;;LU;1;';';';';';Y;;HOUSE;HANDELSZAAK - COMMERCE;NA;;;';;';;Y;;;;'30/01/2019 11:57:53
;;;Zoning;6807323;'20200219142313;W03-C-Antwerpen-West-FH07;6807323;'20200219142313;W03-C-Antwerpen-West-FH07;19084;FTTH-Cu;;';';;;;;;;11508600;'20191021143701;976578;'1630000;'1061;Kloosterstraat;'151;';2000;Antwerpen - Anvers;;'151779,459;'211519,178;';N;IRREG;3;12;Unknown;Unknown;;None;;;';;';;Y;;;;'30/01/2019 11:57:53;2;11087785;;LU;1;';';';';';Y;;HOUSE;;;;;';;';;Y;;;;'30/01/2019 11:57:53
;;;Zoning;6807323;'20200219142313;W03-C-Antwerpen-West-FH07;6807323;'20200219142313;W03-C-Antwerpen-West-FH07;19084;FTTH-Cu;;';';;;;;;;11508600;'20191021143701;976578;'1630000;'1061;Kloosterstraat;'151;';2000;Antwerpen - Anvers;;'151779,459;'211519,178;';N;IRREG;3;12;Unknown;Unknown;;None;;;';;';;Y;;;;'30/01/2019 11:57:53;3;11087786;;LU;1;';';';';';Y;;HOUSE;;;;;';;';;Y;;;;'30/01/2019 11:57:53
;;;Zoning;6807323;'20200219142313;W03-C-Antwerpen-West-FH07;6807323;'20200219142313;W03-C-Antwerpen-West-FH07;19084;FTTH-Cu;;';';;;;;;;11508601;'20191021143643;976579;'1630000;'1061;Kloosterstraat;'153;';2000;Antwerpen - Anvers;;'151780,094;'211503,953;';N;IRREG;3;12;Unknown;Unknown;;None;;;';;';;Y;;;;'30/01/2019 11:57:53;1;1664257;;LU;1;';';';';';Y;;HOUSE;WONING - MAISON;NA;;;';;';;Y;;;;'30/01/2019 11:57:53
;;;Zoning;6807323;'20200219142313;W03-C-Antwerpen-West-FH07;6807323;'20200219142313;W03-C-Antwerpen-West-FH07;19084;FTTH-Cu;;';';;;;;;;11508601;'20191021143643;976579;'1630000;'1061;Kloosterstraat;'153;';2000;Antwerpen - Anvers;;'151780,094;'211503,953;';N;IRREG;3;12;Unknown;Unknown;;None;;;';;';;Y;;;;'30/01/2019 11:57:53;2;1664258;;LU;1;';';';';';Y;;HOUSE;WONING - MAISON;NA;;;';;';;Y;;;;'30/01/2019 11:57:53
;;;Zoning;6807323;'20200219142313;W03-C-Antwerpen-West-FH07;6807323;'20200219142313;W03-C-Antwerpen-West-FH07;19084;FTTH-Cu;;';';;;;;;;11508601;'20191021143643;976579;'1630000;'1061;Kloosterstraat;'153;';2000;Antwerpen - Anvers;;'151780,094;'211503,953;';N;IRREG;3;12;Unknown;Unknown;;None;;;';;';;Y;;;;'30/01/2019 11:57:53;3;11096428;;LU;1;';';';';';;;;;;;;';;';;Y;;;;'30/01/2019 11:57:53
;;;Zoning;6807323;'20200219142313;W03-C-Antwerpen-West-FH07;6807323;'20200219142313;W03-C-Antwerpen-West-FH07;19084;FTTH-Cu;;';';;;;;;;11508585;'20190712080937;1737841;'1630000;'1061;Kloosterstraat;'155;';2000;Antwerpen - Anvers;;'151784;'211487;';N;ORN;4;0;Unknown;Unknown;;None;;;';IFH_BATCH;'12/07/2019 07:30:16;;Y;;;;'12/07/2019 07:28:35;1;1664929;;BU;1;';';';';';Y;;COMM;HANDELSZAAK - COMMERCE;NA;;;';;';;Y;;;;'12/07/2019 07:28:35
;;;Zoning;6807323;'20200219142313;W03-C-Antwerpen-West-FH07;6807323;'20200219142313;W03-C-Antwerpen-West-FH07;19084;FTTH-Cu;;';';;;;;;;11508586;'20191021151217;1737848;'1630000;'1061;Kloosterstraat;'173;';2000;Antwerpen - Anvers;;'151781,765;'211441,725;';Y;NA;4;12;Unknown;Unknown;;None;;;';;';;Y;;;;'30/01/2019 11:57:53;1;1676460;;LU;1;';';';';';Y;;HOUSE;WONING - MAISON;NA;;;';;';;Y;;;;'30/01/2019 11:57:53
;;;Zoning;6807323;'20200219142313;W03-C-Antwerpen-West-FH07;6807323;'20200219142313;W03-C-Antwerpen-West-FH07;19084;FTTH-Cu;;';';;;;;;;11508586;'20191021151217;1737848;'1630000;'1061;Kloosterstraat;'173;';2000;Antwerpen - Anvers;;'151781,765;'211441,725;';Y;NA;4;12;Unknown;Unknown;;None;;;';;';;Y;;;;'30/01/2019 11:57:53;2;1676461;;LU;1;';';';';';Y;;HOUSE;WONING - MAISON;NA;;;';;';;Y;;;;'30/01/2019 11:57:53
;;;Zoning;6807323;'20200219142313;W03-C-Antwerpen-West-FH07;6807323;'20200219142313;W03-C-Antwerpen-West-FH07;19084;FTTH-Cu;;';';;;;;;;11508586;'20191021151217;1737848;'1630000;'1061;Kloosterstraat;'173;';2000;Antwerpen - Anvers;;'151781,765;'211441,725;';Y;NA;4;12;Unknown;Unknown;;None;;;';;';;Y;;;;'30/01/2019 11:57:53;3;10357918;;LU;1;';';';';';Y;;HOUSE;WONING - MAISON;NA;;;';;';;Y;;;;'30/01/2019 11:57:53
;;;Zoning;6807323;'20200219142313;W03-C-Antwerpen-West-FH07;6807323;'20200219142313;W03-C-Antwerpen-West-FH07;19084;FTTH-Cu;;';';;;;;;;11508586;'20191021151217;1737848;'1630000;'1061;Kloosterstraat;'173;';2000;Antwerpen - Anvers;;'151781,765;'211441,725;';Y;NA;4;12;Unknown;Unknown;;None;;;';;';;Y;;;;'30/01/2019 11:57:53;4;10357919;;BU;1;';';';';';Y;;HOUSE;WONING - MAISON;NA;;;';;';;Y;;;;'30/01/2019 11:57:53
;;;Zoning;6807323;'20200219142313;W03-C-Antwerpen-West-FH07;6807323;'20200219142313;W03-C-Antwerpen-West-FH07;19084;FTTH-Cu;;';';;;;;;;7093518;'20190131101508;1971915;'1630000;'17252;Kronenburgstraat;'5;';2000;Antwerpen - Anvers;;'151802,966;'211395,521;';Y;NA;3;9;Unknown;Unknown;;None;;;';;';;Y;;;;'15/01/2019 12:41:18;3;10412276;;LU;1;';';';';';Y;#A1/APP1/;APPART;DEEL_APP_GEBOUW - PARTIE_IMMEUBLE_APP;APPART;;;';;';;Y;;;;'15/01/2019 12:41:18
;;;Zoning;6807323;'20200219142313;W03-C-Antwerpen-West-FH07;6807323;'20200219142313;W03-C-Antwerpen-West-FH07;19084;FTTH-Cu;;';';;;;;;;7093518;'20190131101508;1971915;'1630000;'17252;Kronenburgstraat;'5;';2000;Antwerpen - Anvers;;'151802,966;'211395,521;';Y;NA;3;9;Unknown;Unknown;;None;;;';;';;Y;;;;'15/01/2019 12:41:18;4;10412403;;LU;1;';';';';';Y;#A2/APP2/;APPART;DEEL_APP_GEBOUW - PARTIE_IMMEUBLE_APP;APPART;;;';;';;Y;;;;'15/01/2019 12:41:18
;;;Zoning;6807323;'20200219142313;W03-C-Antwerpen-West-FH07;6807323;'20200219142313;W03-C-Antwerpen-West-FH07;19084;FTTH-Cu;;';';;;;;;;7093518;'20190131101508;1971915;'1630000;'17252;Kronenburgstraat;'5;';2000;Antwerpen - Anvers;;'151802,966;'211395,521;';Y;NA;3;9;Unknown;Unknown;;None;;;';;';;Y;;;;'15/01/2019 12:41:18;5;10414442;;BU;1;';';';';';Y;#HA.GV/HGVL/;APPART;DEEL_APP_GEBOUW - PARTIE_IMMEUBLE_APP;COMM;;;';;';;Y;;;;'15/01/2019 12:41:18
;;;Zoning;6807323;'20200219142313;W03-C-Antwerpen-West-FH07;6807323;'20200219142313;W03-C-Antwerpen-West-FH07;19084;FTTH-Cu;;';';;;;;;;7093519;'20200110130845;1971954;'1630000;'17252;Kronenburgstraat;'17;';2000;Antwerpen - Anvers;;'151834,81;'211389,546;';Y;NA;4;12;Unknown;Unknown;;None;;;';;';;Y;;;;'15/01/2019 12:41:18;4;10410588;;BU;1;';';';';';Y;;COMM;HANDELSZAAK - COMMERCE;NA;;;';;';;Y;;;;'15/01/2019 12:41:18
;;;Zoning;6807323;'20200219142313;W03-C-Antwerpen-West-FH07;6807323;'20200219142313;W03-C-Antwerpen-West-FH07;19084;FTTH-Cu;;';';;;;;;;7093570;'20190712080955;973302;'1630000;'17252;Kronenburgstraat;'27;';2000;Antwerpen - Anvers;;'151873,598;'211383,95;';Y;NA;18;4;Unknown;Unknown;;None;;;';IFH_BATCH;'12/07/2019 07:31:35;;Y;;;;'12/07/2019 07:28:35;1;1727121;;LU;1;';';';';';Y;#A1/1A/S-1/9.10/;APPART;DEEL_APP_GEBOUW - PARTIE_IMMEUBLE_APP;APPART;;;';;';;Y;;;;'12/07/2019 07:28:35
;;;Zoning;6807323;'20200219142313;W03-C-Antwerpen-West-FH07;6807323;'20200219142313;W03-C-Antwerpen-West-FH07;19084;FTTH-Cu;;';';;;;;;;7093570;'20190712080955;973302;'1630000;'17252;Kronenburgstraat;'27;';2000;Antwerpen - Anvers;;'151873,598;'211383,95;';Y;NA;18;4;Unknown;Unknown;;None;;;';IFH_BATCH;'12/07/2019 07:31:35;;Y;;;;'12/07/2019 07:28:35;2;1727122;;LU;1;';';';';';Y;#A1/1B/S-1/21.22/;APPART;DEEL_APP_GEBOUW - PARTIE_IMMEUBLE_APP;APPART;;;';;';;Y;;;;'12/07/2019 07:28:35
;;;Zoning;6807323;'20200219142313;W03-C-Antwerpen-West-FH07;6807323;'20200219142313;W03-C-Antwerpen-West-FH07;19084;FTTH-Cu;;';';;;;;;;7093570;'20190712080955;973302;'1630000;'17252;Kronenburgstraat;'27;';2000;Antwerpen - Anvers;;'151873,598;'211383,95;';Y;NA;18;4;Unknown;Unknown;;None;;;';IFH_BATCH;'12/07/2019 07:31:35;;Y;;;;'12/07/2019 07:28:35;3;1727239;;LU;1;';';';';';Y;#A1/LOFT 1A/S-1/30/;APPART;DEEL_APP_GEBOUW - PARTIE_IMMEUBLE_APP;APPART;;;';;';;Y;;;;'12/07/2019 07:28:35
;;;Zoning;6807323;'20200219142313;W03-C-Antwerpen-West-FH07;6807323;'20200219142313;W03-C-Antwerpen-West-FH07;19084;FTTH-Cu;;';';;;;;;;7093570;'20190712080955;973302;'1630000;'17252;Kronenburgstraat;'27;';2000;Antwerpen - Anvers;;'151873,598;'211383,95;';Y;NA;18;4;Unknown;Unknown;;None;;;';IFH_BATCH;'12/07/2019 07:31:35;;Y;;;;'12/07/2019 07:28:35;4;1727240;;LU;1;';';';';';Y;#A1/LOFT 1B/;APPART;DEEL_APP_GEBOUW - PARTIE_IMMEUBLE_APP;APPART;;;';;';;Y;;;;'12/07/2019 07:28:35
;;;Zoning;6807323;'20200219142313;W03-C-Antwerpen-West-FH07;6807323;'20200219142313;W03-C-Antwerpen-West-FH07;19084;FTTH-Cu;;';';;;;;;;7093570;'20190712080955;973302;'1630000;'17252;Kronenburgstraat;'27;';2000;Antwerpen - Anvers;;'151873,598;'211383,95;';Y;NA;18;4;Unknown;Unknown;;None;;;';IFH_BATCH;'12/07/2019 07:31:35;;Y;;;;'12/07/2019 07:28:35;5;1727241;;LU;1;';';';';';Y;#A1/LOFT 1C/K-10/S-1/35.36/;APPART;DEEL_APP_GEBOUW - PARTIE_IMMEUBLE_APP;APPART;;;';;';;Y;;;;'12/07/2019 07:28:35
;;;Zoning;6807323;'20200219142313;W03-C-Antwerpen-West-FH07;6807323;'20200219142313;W03-C-Antwerpen-West-FH07;19084;FTTH-Cu;;';';;;;;;;7093570;'20190712080955;973302;'1630000;'17252;Kronenburgstraat;'27;';2000;Antwerpen - Anvers;;'151873,598;'211383,95;';Y;NA;18;4;Unknown;Unknown;;None;;;';IFH_BATCH;'12/07/2019 07:31:35;;Y;;;;'12/07/2019 07:28:35;6;1727242;;LU;1;';';';';';Y;#A1/LOFT 1D/K-1/6/;APPART;DEEL_APP_GEBOUW - PARTIE_IMMEUBLE_APP;APPART;;;';;';;Y;;;;'12/07/2019 07:28:35
;;;Zoning;6807323;'20200219142313;W03-C-Antwerpen-West-FH07;6807323;'20200219142313;W03-C-Antwerpen-West-FH07;19084;FTTH-Cu;;';';;;;;;;7093570;'20190712080955;973302;'1630000;'17252;Kronenburgstraat;'27;';2000;Antwerpen - Anvers;;'151873,598;'211383,95;';Y;NA;18;4;Unknown;Unknown;;None;;;';IFH_BATCH;'12/07/2019 07:31:35;;Y;;;;'12/07/2019 07:28:35;7;1727347;;LU;1;';';';';';Y;#A2/2A/S-1/24/;APPART;DEEL_APP_GEBOUW - PARTIE_IMMEUBLE_APP;APPART;;;';;';;Y;;;;'12/07/2019 07:28:35
;;;Zoning;6807323;'20200219142313;W03-C-Antwerpen-West-FH07;6807323;'20200219142313;W03-C-Antwerpen-West-FH07;19084;FTTH-Cu;;';';;;;;;;7093570;'20190712080955;973302;'1630000;'17252;Kronenburgstraat;'27;';2000;Antwerpen - Anvers;;'151873,598;'211383,95;';Y;NA;18;4;Unknown;Unknown;;None;;;';IFH_BATCH;'12/07/2019 07:31:35;;Y;;;;'12/07/2019 07:28:35;8;1727477;;LU;1;';';';';';Y;#A2/LOFT 2A/S-1/11/;APPART;DEEL_APP_GEBOUW - PARTIE_IMMEUBLE_APP;APPART;;;';;';;Y;;;;'12/07/2019 07:28:35
;;;Zoning;6807323;'20200219142313;W03-C-Antwerpen-West-FH07;6807323;'20200219142313;W03-C-Antwerpen-West-FH07;19084;FTTH-Cu;;';';;;;;;;7093570;'20190712080955;973302;'1630000;'17252;Kronenburgstraat;'27;';2000;Antwerpen - Anvers;;'151873,598;'211383,95;';Y;NA;18;4;Unknown;Unknown;;None;;;';IFH_BATCH;'12/07/2019 07:31:35;;Y;;;;'12/07/2019 07:28:35;9;1727478;;LU;1;';';';';';Y;#A2/LOFT 2B/K-1/5/S-1/25/;APPART;DEEL_APP_GEBOUW - PARTIE_IMMEUBLE_APP;APPART;;;';;';;Y;;;;'12/07/2019 07:28:35
;;;Zoning;6807323;'20200219142313;W03-C-Antwerpen-West-FH07;6807323;'20200219142313;W03-C-Antwerpen-West-FH07;19084;FTTH-Cu;;';';;;;;;;7093570;'20190712080955;973302;'1630000;'17252;Kronenburgstraat;'27;';2000;Antwerpen - Anvers;;'151873,598;'211383,95;';Y;NA;18;4;Unknown;Unknown;;None;;;';IFH_BATCH;'12/07/2019 07:31:35;;Y;;;;'12/07/2019 07:28:35;10;1727479;;LU;1;';';';';';Y;#A2/LOFT 2C/S-1/27.28/;APPART;DEEL_APP_GEBOUW - PARTIE_IMMEUBLE_APP;APPART;;;';;';;Y;;;;'12/07/2019 07:28:35
;;;Zoning;6807323;'20200219142313;W03-C-Antwerpen-West-FH07;6807323;'20200219142313;W03-C-Antwerpen-West-FH07;19084;FTTH-Cu;;';';;;;;;;7093570;'20190712080955;973302;'1630000;'17252;Kronenburgstraat;'27;';2000;Antwerpen - Anvers;;'151873,598;'211383,95;';Y;NA;18;4;Unknown;Unknown;;None;;;';IFH_BATCH;'12/07/2019 07:31:35;;Y;;;;'12/07/2019 07:28:35;11;1727480;;LU;1;';';';';';Y;#A2/LOFT 2D/K-1/3/;APPART;DEEL_APP_GEBOUW - PARTIE_IMMEUBLE_APP;APPART;;;';;';;Y;;;;'12/07/2019 07:28:35
;;;Zoning;6807323;'20200219142313;W03-C-Antwerpen-West-FH07;6807323;'20200219142313;W03-C-Antwerpen-West-FH07;19084;FTTH-Cu;;';';;;;;;;7093570;'20190712080955;973302;'1630000;'17252;Kronenburgstraat;'27;';2000;Antwerpen - Anvers;;'151873,598;'211383,95;';Y;NA;18;4;Unknown;Unknown;;None;;;';IFH_BATCH;'12/07/2019 07:31:35;;Y;;;;'12/07/2019 07:28:35;12;1727545;;LU;1;';';';';';Y;#A3/3A/;APPART;DEEL_APP_GEBOUW - PARTIE_IMMEUBLE_APP;APPART;;;';;';;Y;;;;'12/07/2019 07:28:35
;;;Zoning;6807323;'20200219142313;W03-C-Antwerpen-West-FH07;6807323;'20200219142313;W03-C-Antwerpen-West-FH07;19084;FTTH-Cu;;';';;;;;;;7093570;'20190712080955;973302;'1630000;'17252;Kronenburgstraat;'27;';2000;Antwerpen - Anvers;;'151873,598;'211383,95;';Y;NA;18;4;Unknown;Unknown;;None;;;';IFH_BATCH;'12/07/2019 07:31:35;;Y;;;;'12/07/2019 07:28:35;13;1727546;;LU;1;';';';';';Y;#A3/3B/;APPART;DEEL_APP_GEBOUW - PARTIE_IMMEUBLE_APP;APPART;;;';;';;Y;;;;'12/07/2019 07:28:35
;;;Zoning;6807323;'20200219142313;W03-C-Antwerpen-West-FH07;6807323;'20200219142313;W03-C-Antwerpen-West-FH07;19084;FTTH-Cu;;';';;;;;;;7093570;'20190712080955;973302;'1630000;'17252;Kronenburgstraat;'27;';2000;Antwerpen - Anvers;;'151873,598;'211383,95;';Y;NA;18;4;Unknown;Unknown;;None;;;';IFH_BATCH;'12/07/2019 07:31:35;;Y;;;;'12/07/2019 07:28:35;14;1727628;;LU;1;';';';';';Y;#A3/LOFT 3A/;APPART;DEEL_APP_GEBOUW - PARTIE_IMMEUBLE_APP;APPART;;;';;';;Y;;;;'12/07/2019 07:28:35
;;;Zoning;6807323;'20200219142313;W03-C-Antwerpen-West-FH07;6807323;'20200219142313;W03-C-Antwerpen-West-FH07;19084;FTTH-Cu;;';';;;;;;;7093570;'20190712080955;973302;'1630000;'17252;Kronenburgstraat;'27;';2000;Antwerpen - Anvers;;'151873,598;'211383,95;';Y;NA;18;4;Unknown;Unknown;;None;;;';IFH_BATCH;'12/07/2019 07:31:35;;Y;;;;'12/07/2019 07:28:35;15;1727629;;LU;1;';';';';';Y;#A3/LOFT 3B/K-1/2/S-1/39/;APPART;DEEL_APP_GEBOUW - PARTIE_IMMEUBLE_APP;APPART;;;';;';;Y;;;;'12/07/2019 07:28:35
;;;Zoning;6807323;'20200219142313;W03-C-Antwerpen-West-FH07;6807323;'20200219142313;W03-C-Antwerpen-West-FH07;19084;FTTH-Cu;;';';;;;;;;7093570;'20190712080955;973302;'1630000;'17252;Kronenburgstraat;'27;';2000;Antwerpen - Anvers;;'151873,598;'211383,95;';Y;NA;18;4;Unknown;Unknown;;None;;;';IFH_BATCH;'12/07/2019 07:31:35;;Y;;;;'12/07/2019 07:28:35;16;1727630;;LU;1;';';';';';Y;#A3/LOFT 3C/;APPART;DEEL_APP_GEBOUW - PARTIE_IMMEUBLE_APP;APPART;;;';;';;Y;;;;'12/07/2019 07:28:35
;;;Zoning;6807323;'20200219142313;W03-C-Antwerpen-West-FH07;6807323;'20200219142313;W03-C-Antwerpen-West-FH07;19084;FTTH-Cu;;';';;;;;;;7093570;'20190712080955;973302;'1630000;'17252;Kronenburgstraat;'27;';2000;Antwerpen - Anvers;;'151873,598;'211383,95;';Y;NA;18;4;Unknown;Unknown;;None;;;';IFH_BATCH;'12/07/2019 07:31:35;;Y;;;;'12/07/2019 07:28:35;17;1727631;;LU;1;';';';';';Y;#A3/LOFT 3D/K-1/7/S-1/38/;APPART;DEEL_APP_GEBOUW - PARTIE_IMMEUBLE_APP;APPART;;;';;';;Y;;;;'12/07/2019 07:28:35
;;;Zoning;6807323;'20200219142313;W03-C-Antwerpen-West-FH07;6807323;'20200219142313;W03-C-Antwerpen-West-FH07;19084;FTTH-Cu;;';';;;;;;;7093570;'20190712080955;973302;'1630000;'17252;Kronenburgstraat;'27;';2000;Antwerpen - Anvers;;'151873,598;'211383,95;';Y;NA;18;4;Unknown;Unknown;;None;;;';IFH_BATCH;'12/07/2019 07:31:35;;Y;;;;'12/07/2019 07:28:35;18;1727661;;LU;1;';';';';';Y;#A4/4A/S-1/34/;APPART;DEEL_APP_GEBOUW - PARTIE_IMMEUBLE_APP;APPART;;;';;';;Y;;;;'12/07/2019 07:28:35
;;;Zoning;6807323;'20200219142313;W03-C-Antwerpen-West-FH07;6807323;'20200219142313;W03-C-Antwerpen-West-FH07;19084;FTTH-Cu;;';';;;;;;;7093570;'20190712080955;973302;'1630000;'17252;Kronenburgstraat;'27;';2000;Antwerpen - Anvers;;'151873,598;'211383,95;';Y;NA;18;4;Unknown;Unknown;;None;;;';IFH_BATCH;'12/07/2019 07:31:35;;Y;;;;'12/07/2019 07:28:35;19;1727662;;LU;1;';';';';';Y;#A4/4B/;APPART;DEEL_APP_GEBOUW - PARTIE_IMMEUBLE_APP;APPART;;;';;';;Y;;;;'12/07/2019 07:28:35
;;;Zoning;6807323;'20200219142313;W03-C-Antwerpen-West-FH07;6807323;'20200219142313;W03-C-Antwerpen-West-FH07;19084;FTTH-Cu;;';';;;;;;;7093570;'20190712080955;973302;'1630000;'17252;Kronenburgstraat;'27;';2000;Antwerpen - Anvers;;'151873,598;'211383,95;';Y;NA;18;4;Unknown;Unknown;;None;;;';IFH_BATCH;'12/07/2019 07:31:35;;Y;;;;'12/07/2019 07:28:35;20;1727714;;LU;1;';';';';';Y;#A4/LOFT 4A/K-1/18/S-1/18/;APPART;DEEL_APP_GEBOUW - PARTIE_IMMEUBLE_APP;APPART;;;';;';;Y;;;;'12/07/2019 07:28:35
;;;Zoning;6807323;'20200219142313;W03-C-Antwerpen-West-FH07;6807323;'20200219142313;W03-C-Antwerpen-West-FH07;19084;FTTH-Cu;;';';;;;;;;7093570;'20190712080955;973302;'1630000;'17252;Kronenburgstraat;'27;';2000;Antwerpen - Anvers;;'151873,598;'211383,95;';Y;NA;18;4;Unknown;Unknown;;None;;;';IFH_BATCH;'12/07/2019 07:31:35;;Y;;;;'12/07/2019 07:28:35;21;1727715;;LU;1;';';';';';Y;#A4/LOFT 4B/K-1/11/S-1/14.42/;APPART;DEEL_APP_GEBOUW - PARTIE_IMMEUBLE_APP;APPART;;;';;';;Y;;;;'12/07/2019 07:28:35
;;;Zoning;6807323;'20200219142313;W03-C-Antwerpen-West-FH07;6807323;'20200219142313;W03-C-Antwerpen-West-FH07;19084;FTTH-Cu;;';';;;;;;;7093570;'20190712080955;973302;'1630000;'17252;Kronenburgstraat;'27;';2000;Antwerpen - Anvers;;'151873,598;'211383,95;';Y;NA;18;4;Unknown;Unknown;;None;;;';IFH_BATCH;'12/07/2019 07:31:35;;Y;;;;'12/07/2019 07:28:35;22;1727716;;LU;1;';';';';';Y;#A4/LOFT 4C/K-1/12/S-1/43/;APPART;DEEL_APP_GEBOUW - PARTIE_IMMEUBLE_APP;APPART;;;';;';;Y;;;;'12/07/2019 07:28:35
;;;Zoning;6807323;'20200219142313;W03-C-Antwerpen-West-FH07;6807323;'20200219142313;W03-C-Antwerpen-West-FH07;19084;FTTH-Cu;;';';;;;;;;7093570;'20190712080955;973302;'1630000;'17252;Kronenburgstraat;'27;';2000;Antwerpen - Anvers;;'151873,598;'211383,95;';Y;NA;18;4;Unknown;Unknown;;None;;;';IFH_BATCH;'12/07/2019 07:31:35;;Y;;;;'12/07/2019 07:28:35;23;1727717;;LU;1;';';';';';Y;#A4/LOFT 4D/S-1/33/;APPART;DEEL_APP_GEBOUW - PARTIE_IMMEUBLE_APP;APPART;;;';;';;Y;;;;'12/07/2019 07:28:35
;;;Zoning;6807323;'20200219142313;W03-C-Antwerpen-West-FH07;6807323;'20200219142313;W03-C-Antwerpen-West-FH07;19084;FTTH-Cu;;';';;;;;;;7093570;'20190712080955;973302;'1630000;'17252;Kronenburgstraat;'27;';2000;Antwerpen - Anvers;;'151873,598;'211383,95;';Y;NA;18;4;Unknown;Unknown;;None;;;';IFH_BATCH;'12/07/2019 07:31:35;;Y;;;;'12/07/2019 07:28:35;24;1727735;;LU;1;';';';';';Y;#A5/5A/PENTH.K-1/1/S-1/13.20/;APPART;DEEL_APP_GEBOUW - PARTIE_IMMEUBLE_APP;APPART;;;';;';;Y;;;;'12/07/2019 07:28:35
;;;Zoning;6807323;'20200219142313;W03-C-Antwerpen-West-FH07;6807323;'20200219142313;W03-C-Antwerpen-West-FH07;19084;FTTH-Cu;;';';;;;;;;7093570;'20190712080955;973302;'1630000;'17252;Kronenburgstraat;'27;';2000;Antwerpen - Anvers;;'151873,598;'211383,95;';Y;NA;18;4;Unknown;Unknown;;None;;;';IFH_BATCH;'12/07/2019 07:31:35;;Y;;;;'12/07/2019 07:28:35;25;1727736;;LU;1;';';';';';Y;#A5/5B/PENTH.S-1/1@4/;APPART;DEEL_APP_GEBOUW - PARTIE_IMMEUBLE_APP;APPART;;;';;';;Y;;;;'12/07/2019 07:28:35
;;;Zoning;6807323;'20200219142313;W03-C-Antwerpen-West-FH07;6807323;'20200219142313;W03-C-Antwerpen-West-FH07;19084;FTTH-Cu;;';';;;;;;;7093570;'20190712080955;973302;'1630000;'17252;Kronenburgstraat;'27;';2000;Antwerpen - Anvers;;'151873,598;'211383,95;';Y;NA;18;4;Unknown;Unknown;;None;;;';IFH_BATCH;'12/07/2019 07:31:35;;Y;;;;'12/07/2019 07:28:35;26;1727770;;LU;1;';';';';';Y;#A5/LOFT 5A/S.OG1/37/;APPART;DEEL_APP_GEBOUW - PARTIE_IMMEUBLE_APP;APPART;;;';;';;Y;;;;'12/07/2019 07:28:35
;;;Zoning;6807323;'20200219142313;W03-C-Antwerpen-West-FH07;6807323;'20200219142313;W03-C-Antwerpen-West-FH07;19084;FTTH-Cu;;';';;;;;;;7093570;'20190712080955;973302;'1630000;'17252;Kronenburgstraat;'27;';2000;Antwerpen - Anvers;;'151873,598;'211383,95;';Y;NA;18;4;Unknown;Unknown;;None;;;';IFH_BATCH;'12/07/2019 07:31:35;;Y;;;;'12/07/2019 07:28:35;27;1727881;;BU;1;';';';';';Y;#BU.GV;APPART;DEEL_APP_GEBOUW - PARTIE_IMMEUBLE_APP;OFFICE;;;';;';;Y;;;;'12/07/2019 07:28:35
;;;Zoning;6807323;'20200219142313;W03-C-Antwerpen-West-FH07;6807323;'20200219142313;W03-C-Antwerpen-West-FH07;19084;FTTH-Cu;;';';;;;;;;7093570;'20190712080955;973302;'1630000;'17252;Kronenburgstraat;'27;';2000;Antwerpen - Anvers;;'151873,598;'211383,95;';Y;NA;18;4;Unknown;Unknown;;None;;;';IFH_BATCH;'12/07/2019 07:31:35;;Y;;;;'12/07/2019 07:28:35;31;1727959;;LU;1;';';';';';Y;#K-1.13;APPART;DEEL_APP_GEBOUW - PARTIE_IMMEUBLE_APP;;;;';;';;Y;;;;'12/07/2019 07:28:35
;;;Zoning;6807323;'20200219142313;W03-C-Antwerpen-West-FH07;6807323;'20200219142313;W03-C-Antwerpen-West-FH07;19084;FTTH-Cu;;';';;;;;;;7093570;'20190712080955;973302;'1630000;'17252;Kronenburgstraat;'27;';2000;Antwerpen - Anvers;;'151873,598;'211383,95;';Y;NA;18;4;Unknown;Unknown;;None;;;';IFH_BATCH;'12/07/2019 07:31:35;;Y;;;;'12/07/2019 07:28:35;32;1727960;;LU;1;';';';';';Y;#K-1/14/;APPART;DEEL_APP_GEBOUW - PARTIE_IMMEUBLE_APP;;;;';;';;Y;;;;'12/07/2019 07:28:35
;;;Zoning;6807323;'20200219142313;W03-C-Antwerpen-West-FH07;6807323;'20200219142313;W03-C-Antwerpen-West-FH07;19084;FTTH-Cu;;';';;;;;;;7093570;'20190712080955;973302;'1630000;'17252;Kronenburgstraat;'27;';2000;Antwerpen - Anvers;;'151873,598;'211383,95;';Y;NA;18;4;Unknown;Unknown;;None;;;';IFH_BATCH;'12/07/2019 07:31:35;;Y;;;;'12/07/2019 07:28:35;33;1727979;;LU;1;';';';';';Y;#S-1/29/;APPART;DEEL_APP_GEBOUW - PARTIE_IMMEUBLE_APP;;;;';;';;Y;;;;'12/07/2019 07:28:35
;;;Zoning;6807323;'20200219142313;W03-C-Antwerpen-West-FH07;6807323;'20200219142313;W03-C-Antwerpen-West-FH07;19084;FTTH-Cu;;';';;;;;;;7093570;'20190712080955;973302;'1630000;'17252;Kronenburgstraat;'27;';2000;Antwerpen - Anvers;;'151873,598;'211383,95;';Y;NA;18;4;Unknown;Unknown;;None;;;';IFH_BATCH;'12/07/2019 07:31:35;;Y;;;;'12/07/2019 07:28:35;34;1727980;;LU;1;';';';';';Y;#S-1/31/;APPART;DEEL_APP_GEBOUW - PARTIE_IMMEUBLE_APP;;;;';;';;Y;;;;'12/07/2019 07:28:35
;;;Zoning;6807323;'20200219142313;W03-C-Antwerpen-West-FH07;6807323;'20200219142313;W03-C-Antwerpen-West-FH07;19084;FTTH-Cu;;';';;;;;;;7093570;'20190712080955;973302;'1630000;'17252;Kronenburgstraat;'27;';2000;Antwerpen - Anvers;;'151873,598;'211383,95;';Y;NA;18;4;Unknown;Unknown;;None;;;';IFH_BATCH;'12/07/2019 07:31:35;;Y;;;;'12/07/2019 07:28:35;35;1727981;;LU;1;';';';';';Y;#S-1/32/;APPART;DEEL_APP_GEBOUW - PARTIE_IMMEUBLE_APP;;;;';;';;Y;;;;'12/07/2019 07:28:35
;;;Zoning;6807323;'20200219142313;W03-C-Antwerpen-West-FH07;6807323;'20200219142313;W03-C-Antwerpen-West-FH07;19084;FTTH-Cu;;';';;;;;;;7093570;'20190712080955;973302;'1630000;'17252;Kronenburgstraat;'27;';2000;Antwerpen - Anvers;;'151873,598;'211383,95;';Y;NA;18;4;Unknown;Unknown;;None;;;';IFH_BATCH;'12/07/2019 07:31:35;;Y;;;;'12/07/2019 07:28:35;36;1727982;;LU;1;';';';';';Y;#S-1/5@8/;APPART;DEEL_APP_GEBOUW - PARTIE_IMMEUBLE_APP;;;;';;';;Y;;;;'12/07/2019 07:28:35
;;;Zoning;6807323;'20200219142313;W03-C-Antwerpen-West-FH07;6807323;'20200219142313;W03-C-Antwerpen-West-FH07;19084;FTTH-Cu;11382551;'20191018114442;'13-15-17;;;;;;;7093541;'20191018114434;4059803;'1630000;'25980;Lange Riddersstraat;'13;';2000;Antwerpen - Anvers;;'151977,646;'211859,122;';N;ORN;4;0;Unknown;Unknown;;None;;;';IFH_BATCH;'12/07/2019 07:36:45;;Y;;;;'12/07/2019 07:28:35;1;10378482;;LU;1;';';';';';Y;#DEEL 1E VERD.&2E VERD.;APTBLD;APPARTEMENTSGEBOUW - IMMEUBLE A APPARTEMENTS;NA;;;';;';;Y;;;;'12/07/2019 07:28:35
;;;Zoning;6807323;'20200219142313;W03-C-Antwerpen-West-FH07;6807323;'20200219142313;W03-C-Antwerpen-West-FH07;19084;FTTH-Cu;11382551;'20191018114442;'13-15-17;;;;;;;7093560;'20191018114411;5394004;'1630000;'25980;Lange Riddersstraat;'15;';2000;Antwerpen - Anvers;;'151979,318;'211855,949;';N;ORN;4;0;Unknown;Unknown;;None;;;';IFH_BATCH;'12/07/2019 07:37:17;;Y;;;;'12/07/2019 07:28:35;2;10378880;;LU;1;';';';';';Y;#DEEL 1E VERD.&2E VERD./DAKVERD.;APTBLD;APPARTEMENTSGEBOUW - IMMEUBLE A APPARTEMENTS;NA;;;';;';;Y;;;;'12/07/2019 07:28:35
;;;Zoning;6807323;'20200219142313;W03-C-Antwerpen-West-FH07;6807323;'20200219142313;W03-C-Antwerpen-West-FH07;19084;FTTH-Cu;;';';;;;;;;7093562;'20190712080955;5429490;'1630000;'25980;Lange Riddersstraat;'19;';2000;Antwerpen - Anvers;;'151974,261;'211848,601;';N;ORN;4;0;Unknown;Unknown;;None;;;';IFH_BATCH;'12/07/2019 07:37:20;;Y;;;;'12/07/2019 07:28:35;2;10378881;;LU;1;';';';';';Y;#DEEL 1E VERD.&2E VERD./DAKVERD.;APTBLD;APPARTEMENTSGEBOUW - IMMEUBLE A APPARTEMENTS;NA;;;';;';;Y;;;;'12/07/2019 07:28:35
;;;Zoning;6807323;'20200219142313;W03-C-Antwerpen-West-FH07;6807323;'20200219142313;W03-C-Antwerpen-West-FH07;19084;FTTH-Cu;;';';;;;;;;7093567;'20190115201330;718924;'1630000;'25980;Lange Riddersstraat;'22;';2000;Antwerpen - Anvers;;'151954,116;'211848,67;';Y;NA;4;12;Unknown;Unknown;;None;;;';;';;Y;;;;'15/01/2019 12:41:18;1;1708469;;LU;1;';';';';';Y;;HOUSE;WONING - MAISON;NA;;;';;';;Y;;;;'15/01/2019 12:41:18
;;;Zoning;6807323;'20200219142313;W03-C-Antwerpen-West-FH07;6807323;'20200219142313;W03-C-Antwerpen-West-FH07;19084;FTTH-Cu;;';';;;;;;;7093567;'20190115201330;718924;'1630000;'25980;Lange Riddersstraat;'22;';2000;Antwerpen - Anvers;;'151954,116;'211848,67;';Y;NA;4;12;Unknown;Unknown;;None;;;';;';;Y;;;;'15/01/2019 12:41:18;2;1708470;;LU;1;';';';';';Y;;HOUSE;WONING - MAISON;NA;;;';;';;Y;;;;'15/01/2019 12:41:18
;;;Zoning;6807323;'20200219142313;W03-C-Antwerpen-West-FH07;6807323;'20200219142313;W03-C-Antwerpen-West-FH07;19084;FTTH-Cu;;';';;;;;;;7093545;'20200110161024;4505153;'1630000;'25980;Lange Riddersstraat;'52;';2000;Antwerpen - Anvers;;'151885,214;'211759,134;';N;ORN;2;6;Unknown;Unknown;;None;;;';;';;Y;;;;'15/01/2019 12:41:18;1;10410623;;BU;1;';';';';';Y;;CARE;ZORGINSTELLING - ETABLISSEMENT DE BIENFAISANCE;NA;;;';;';;Y;;;;'15/01/2019 12:41:18
;;;Zoning;6807323;'20200219142313;W03-C-Antwerpen-West-FH07;6807323;'20200219142313;W03-C-Antwerpen-West-FH07;19084;FTTH-Cu;;';';;;;;;;7093549;'20190115201329;4509994;'1630000;'25980;Lange Riddersstraat;'55;';2000;Antwerpen - Anvers;;'151941,789;'211763,109;';N;ORN;5;15;Unknown;Unknown;;None;;;';;';;Y;;;;'15/01/2019 12:41:18;1;10370955;;BU;1;';';';';';Y;#KA1/1.1/;APPART;DEEL_APP_GEBOUW - PARTIE_IMMEUBLE_APP;ROOM;;;';;';;Y;;;;'15/01/2019 12:41:18
;;;Zoning;6807323;'20200219142313;W03-C-Antwerpen-West-FH07;6807323;'20200219142313;W03-C-Antwerpen-West-FH07;19084;FTTH-Cu;11382568;'20200207153650;'Nationalestraat 56 - 58 - 60;;;;;;;7093566;'20200207153833;60995;'1630000;'22002;Nationalestraat;'56;';2000;Antwerpen - Anvers;;'152105,499;'211807,634;';N;ORN;7;21;Unknown;Unknown;;None;;;';;';;Y;;;;'15/01/2019 12:41:18;1;1814987;;LU;1;';';';';';Y;#A1/E/S.21;APPART;DEEL_APP_GEBOUW - PARTIE_IMMEUBLE_APP;APPART;;;';;';;Y;;;;'15/01/2019 12:41:18
;;;Zoning;6807323;'20200219142313;W03-C-Antwerpen-West-FH07;6807323;'20200219142313;W03-C-Antwerpen-West-FH07;19084;FTTH-Cu;11382568;'20200207153650;'Nationalestraat 56 - 58 - 60;;;;;;;7093566;'20200207153833;60995;'1630000;'22002;Nationalestraat;'56;';2000;Antwerpen - Anvers;;'152105,499;'211807,634;';N;ORN;7;21;Unknown;Unknown;;None;;;';;';;Y;;;;'15/01/2019 12:41:18;2;1814988;;LU;1;';';';';';Y;#A1/F/B4-S.23;APPART;DEEL_APP_GEBOUW - PARTIE_IMMEUBLE_APP;APPART;;;';;';;Y;;;;'15/01/2019 12:41:18
;;;Zoning;6807323;'20200219142313;W03-C-Antwerpen-West-FH07;6807323;'20200219142313;W03-C-Antwerpen-West-FH07;19084;FTTH-Cu;11382568;'20200207153650;'Nationalestraat 56 - 58 - 60;;;;;;;7093566;'20200207153833;60995;'1630000;'22002;Nationalestraat;'56;';2000;Antwerpen - Anvers;;'152105,499;'211807,634;';N;ORN;7;21;Unknown;Unknown;;None;;;';;';;Y;;;;'15/01/2019 12:41:18;3;1815045;;LU;1;';';';';';Y;#A2/E/;APPART;DEEL_APP_GEBOUW - PARTIE_IMMEUBLE_APP;APPART;;;';;';;Y;;;;'15/01/2019 12:41:18
;;;Zoning;6807323;'20200219142313;W03-C-Antwerpen-West-FH07;6807323;'20200219142313;W03-C-Antwerpen-West-FH07;19084;FTTH-Cu;11382568;'20200207153650;'Nationalestraat 56 - 58 - 60;;;;;;;7093566;'20200207153833;60995;'1630000;'22002;Nationalestraat;'56;';2000;Antwerpen - Anvers;;'152105,499;'211807,634;';N;ORN;7;21;Unknown;Unknown;;None;;;';;';;Y;;;;'15/01/2019 12:41:18;4;1815046;;LU;1;';';';';';Y;#A2/F/B15;APPART;DEEL_APP_GEBOUW - PARTIE_IMMEUBLE_APP;APPART;;;';;';;Y;;;;'15/01/2019 12:41:18
;;;Zoning;6807323;'20200219142313;W03-C-Antwerpen-West-FH07;6807323;'20200219142313;W03-C-Antwerpen-West-FH07;19084;FTTH-Cu;11382568;'20200207153650;'Nationalestraat 56 - 58 - 60;;;;;;;7093566;'20200207153833;60995;'1630000;'22002;Nationalestraat;'56;';2000;Antwerpen - Anvers;;'152105,499;'211807,634;';N;ORN;7;21;Unknown;Unknown;;None;;;';;';;Y;;;;'15/01/2019 12:41:18;5;1815095;;LU;1;';';';';';Y;#A3/E/;APPART;DEEL_APP_GEBOUW - PARTIE_IMMEUBLE_APP;APPART;;;';;';;Y;;;;'15/01/2019 12:41:18
;;;Zoning;6807323;'20200219142313;W03-C-Antwerpen-West-FH07;6807323;'20200219142313;W03-C-Antwerpen-West-FH07;19084;FTTH-Cu;11382568;'20200207153650;'Nationalestraat 56 - 58 - 60;;;;;;;7093566;'20200207153833;60995;'1630000;'22002;Nationalestraat;'56;';2000;Antwerpen - Anvers;;'152105,499;'211807,634;';N;ORN;7;21;Unknown;Unknown;;None;;;';;';;Y;;;;'15/01/2019 12:41:18;6;1815096;;LU;1;';';';';';Y;#A3/F/;APPART;DEEL_APP_GEBOUW - PARTIE_IMMEUBLE_APP;APPART;;;';;';;Y;;;;'15/01/2019 12:41:18
;;;Zoning;6807323;'20200219142313;W03-C-Antwerpen-West-FH07;6807323;'20200219142313;W03-C-Antwerpen-West-FH07;19084;FTTH-Cu;11382568;'20200207153650;'Nationalestraat 56 - 58 - 60;;;;;;;7093566;'20200207153833;60995;'1630000;'22002;Nationalestraat;'56;';2000;Antwerpen - Anvers;;'152105,499;'211807,634;';N;ORN;7;21;Unknown;Unknown;;None;;;';;';;Y;;;;'15/01/2019 12:41:18;7;1815117;;LU;1;';';';';';Y;#A4/E/S.16;APPART;DEEL_APP_GEBOUW - PARTIE_IMMEUBLE_APP;APPART;;;';;';;Y;;;;'15/01/2019 12:41:18
;;;Zoning;6807323;'20200219142313;W03-C-Antwerpen-West-FH07;6807323;'20200219142313;W03-C-Antwerpen-West-FH07;19084;FTTH-Cu;11382568;'20200207153650;'Nationalestraat 56 - 58 - 60;;;;;;;7093566;'20200207153833;60995;'1630000;'22002;Nationalestraat;'56;';2000;Antwerpen - Anvers;;'152105,499;'211807,634;';N;ORN;7;21;Unknown;Unknown;;None;;;';;';;Y;;;;'15/01/2019 12:41:18;8;1815120;;LU;1;';';';';';Y;#A4/F/S.18;APPART;DEEL_APP_GEBOUW - PARTIE_IMMEUBLE_APP;APPART;;;';;';;Y;;;;'15/01/2019 12:41:18
;;;Zoning;6807323;'20200219142313;W03-C-Antwerpen-West-FH07;6807323;'20200219142313;W03-C-Antwerpen-West-FH07;19084;FTTH-Cu;11382568;'20200207153650;'Nationalestraat 56 - 58 - 60;;;;;;;7093566;'20200207153833;60995;'1630000;'22002;Nationalestraat;'56;';2000;Antwerpen - Anvers;;'152105,499;'211807,634;';N;ORN;7;21;Unknown;Unknown;;None;;;';;';;Y;;;;'15/01/2019 12:41:18;9;1815137;;LU;1;';';';';';Y;#A6/R/S.32;APPART;DEEL_APP_GEBOUW - PARTIE_IMMEUBLE_APP;APPART;;;';;';;Y;;;;'15/01/2019 12:41:18
;;;Zoning;6807323;'20200219142313;W03-C-Antwerpen-West-FH07;6807323;'20200219142313;W03-C-Antwerpen-West-FH07;19084;FTTH-Cu;11382568;'20200207153650;'Nationalestraat 56 - 58 - 60;;;;;;;7093566;'20200207153833;60995;'1630000;'22002;Nationalestraat;'56;';2000;Antwerpen - Anvers;;'152105,499;'211807,634;';N;ORN;7;21;Unknown;Unknown;;None;;;';;';;Y;;;;'15/01/2019 12:41:18;10;11086748;;LU;1;';';';';';;;;;;;;';;';;Y;;;;'15/01/2019 12:41:18
;;;Zoning;6807323;'20200219142313;W03-C-Antwerpen-West-FH07;6807323;'20200219142313;W03-C-Antwerpen-West-FH07;19084;FTTH-Cu;;';';;;;;;;7093523;'20191021124257;2025339;'1630000;'22002;Nationalestraat;'106;';2000;Antwerpen - Anvers;;'152050,913;'211606,41;';Y;NA;4;4;Unknown;Unknown;;None;;;';IFH_BATCH;'12/07/2019 07:33:25;;Y;;;;'12/07/2019 07:28:35;1;10368261;;LU;1;';';';';';Y;#A1/A1/;APPART;DEEL_APP_GEBOUW - PARTIE_IMMEUBLE_APP;APPART;;;';;';;Y;;;;'12/07/2019 07:28:35
;;;Zoning;6807323;'20200219142313;W03-C-Antwerpen-West-FH07;6807323;'20200219142313;W03-C-Antwerpen-West-FH07;19084;FTTH-Cu;;';';;;;;;;7093523;'20191021124257;2025339;'1630000;'22002;Nationalestraat;'106;';2000;Antwerpen - Anvers;;'152050,913;'211606,41;';Y;NA;4;4;Unknown;Unknown;;None;;;';IFH_BATCH;'12/07/2019 07:33:25;;Y;;;;'12/07/2019 07:28:35;2;10368459;;LU;1;';';';';';Y;#A2/A2/;APPART;DEEL_APP_GEBOUW - PARTIE_IMMEUBLE_APP;APPART;;;';;';;Y;;;;'12/07/2019 07:28:35
;;;Zoning;6807323;'20200219142313;W03-C-Antwerpen-West-FH07;6807323;'20200219142313;W03-C-Antwerpen-West-FH07;19084;FTTH-Cu;;';';;;;;;;7093523;'20191021124257;2025339;'1630000;'22002;Nationalestraat;'106;';2000;Antwerpen - Anvers;;'152050,913;'211606,41;';Y;NA;4;4;Unknown;Unknown;;None;;;';IFH_BATCH;'12/07/2019 07:33:25;;Y;;;;'12/07/2019 07:28:35;3;10368572;;LU;1;';';';';';Y;#A3/A3/;APPART;DEEL_APP_GEBOUW - PARTIE_IMMEUBLE_APP;APPART;;;';;';;Y;;;;'12/07/2019 07:28:35
;;;Zoning;6807323;'20200219142313;W03-C-Antwerpen-West-FH07;6807323;'20200219142313;W03-C-Antwerpen-West-FH07;19084;FTTH-Cu;;';';;;;;;;7093523;'20191021124257;2025339;'1630000;'22002;Nationalestraat;'106;';2000;Antwerpen - Anvers;;'152050,913;'211606,41;';Y;NA;4;4;Unknown;Unknown;;None;;;';IFH_BATCH;'12/07/2019 07:33:25;;Y;;;;'12/07/2019 07:28:35;7;10414952;;BU;1;';';';';';Y;#HA.OG.GV/HP/;APPART;DEEL_APP_GEBOUW - PARTIE_IMMEUBLE_APP;COMM;;;';;';;Y;;;;'12/07/2019 07:28:35
;;;Zoning;6807323;'20200219142313;W03-C-Antwerpen-West-FH07;6807323;'20200219142313;W03-C-Antwerpen-West-FH07;19084;FTTH-Cu;;';';;;;;;;7093499;'20191016141706;1439802;'1630000;'22851;Oever;'27;';2000;Antwerpen - Anvers;;'151934,522;'211938,697;';N;MON;3;0;Unknown;Unknown;;None;;;';IFH_BATCH;'12/07/2019 07:34:17;;Y;;;;'12/07/2019 07:28:35;4;10410770;;LU;1;';';';';';Y;#A1/;APPART;DEEL_APP_GEBOUW - PARTIE_IMMEUBLE_APP;APPART;;;';;';;Y;;;;'12/07/2019 07:28:35
;;;Zoning;6807323;'20200219142313;W03-C-Antwerpen-West-FH07;6807323;'20200219142313;W03-C-Antwerpen-West-FH07;19084;FTTH-Cu;;';';;;;;;;7093499;'20191016141706;1439802;'1630000;'22851;Oever;'27;';2000;Antwerpen - Anvers;;'151934,522;'211938,697;';N;MON;3;0;Unknown;Unknown;;None;;;';IFH_BATCH;'12/07/2019 07:34:17;;Y;;;;'12/07/2019 07:28:35;5;10411027;;LU;1;';';';';';Y;#A2.3/;APPART;DEEL_APP_GEBOUW - PARTIE_IMMEUBLE_APP;APPART;;;';;';;Y;;;;'12/07/2019 07:28:35
;;;Zoning;6807323;'20200219142313;W03-C-Antwerpen-West-FH07;6807323;'20200219142313;W03-C-Antwerpen-West-FH07;19084;FTTH-Cu;;';';;;;;;;7093499;'20191016141706;1439802;'1630000;'22851;Oever;'27;';2000;Antwerpen - Anvers;;'151934,522;'211938,697;';N;MON;3;0;Unknown;Unknown;;None;;;';IFH_BATCH;'12/07/2019 07:34:17;;Y;;;;'12/07/2019 07:28:35;6;10411469;;BU;1;';';';';';Y;#HA.GV/;APPART;DEEL_APP_GEBOUW - PARTIE_IMMEUBLE_APP;COMM;;;';;';;Y;;;;'12/07/2019 07:28:35
;;;Zoning;6807323;'20200219142313;W03-C-Antwerpen-West-FH07;6807323;'20200219142313;W03-C-Antwerpen-West-FH07;19084;FTTH-Cu;;';';;;;;;;7093526;'20191021132417;2038468;'1630000;'23723;Pachtstraat;'5;';2000;Antwerpen - Anvers;;'151941,205;'211609,719;';Y;NA;4;12;Unknown;Unknown;;None;;;';;';;Y;;;;'15/01/2019 12:41:18;5;10410769;;LU;1;';';';';';Y;#A1/;APPART;DEEL_APP_GEBOUW - PARTIE_IMMEUBLE_APP;APPART;;;';;';;Y;;;;'15/01/2019 12:41:18
;;;Zoning;6807323;'20200219142313;W03-C-Antwerpen-West-FH07;6807323;'20200219142313;W03-C-Antwerpen-West-FH07;19084;FTTH-Cu;;';';;;;;;;7093526;'20191021132417;2038468;'1630000;'23723;Pachtstraat;'5;';2000;Antwerpen - Anvers;;'151941,205;'211609,719;';Y;NA;4;12;Unknown;Unknown;;None;;;';;';;Y;;;;'15/01/2019 12:41:18;6;10410786;;LU;1;';';';';';Y;#A2/;APPART;DEEL_APP_GEBOUW - PARTIE_IMMEUBLE_APP;APPART;;;';;';;Y;;;;'15/01/2019 12:41:18
;;;Zoning;6807323;'20200219142313;W03-C-Antwerpen-West-FH07;6807323;'20200219142313;W03-C-Antwerpen-West-FH07;19084;FTTH-Cu;;';';;;;;;;7093526;'20191021132417;2038468;'1630000;'23723;Pachtstraat;'5;';2000;Antwerpen - Anvers;;'151941,205;'211609,719;';Y;NA;4;12;Unknown;Unknown;;None;;;';;';;Y;;;;'15/01/2019 12:41:18;7;10411096;;LU;1;';';';';';Y;#A3.4/;APPART;DEEL_APP_GEBOUW - PARTIE_IMMEUBLE_APP;APPART;;;';;';;Y;;;;'15/01/2019 12:41:18
;;;Zoning;6807323;'20200219142313;W03-C-Antwerpen-West-FH07;6807323;'20200219142313;W03-C-Antwerpen-West-FH07;19084;FTTH-Cu;;';';;;;;;;7093526;'20191021132417;2038468;'1630000;'23723;Pachtstraat;'5;';2000;Antwerpen - Anvers;;'151941,205;'211609,719;';Y;NA;4;12;Unknown;Unknown;;None;;;';;';;Y;;;;'15/01/2019 12:41:18;8;10411509;;LU;1;';';';';';Y;#A.GV.1/;APPART;DEEL_APP_GEBOUW - PARTIE_IMMEUBLE_APP;APPART;;;';;';;Y;;;;'15/01/2019 12:41:18
;;;Zoning;6807323;'20200219142313;W03-C-Antwerpen-West-FH07;6807323;'20200219142313;W03-C-Antwerpen-West-FH07;19084;FTTH-Cu;11382566;'20191018101443;'Pastoor Visschersplein 8 - 9 - 10;;;;;;;7093561;'20191018101425;5414460;'1630000;'45891;Pastoor Visschersplein;'10;';2000;Antwerpen - Anvers;;'151987,418;'211843,551;';N;ORN;4;0;Unknown;Unknown;;None;;;';IFH_BATCH;'12/07/2019 07:40:48;;Y;;;;'12/07/2019 07:28:35;1;10378699;;LU;1;';';';';';Y;#DEEL 1E VERD. & 2E VERD.;APTBLD;APPARTEMENTSGEBOUW - IMMEUBLE A APPARTEMENTS;NA;;;';;';;Y;;;;'12/07/2019 07:28:35
;;;Zoning;6807323;'20200219142313;W03-C-Antwerpen-West-FH07;6807323;'20200219142313;W03-C-Antwerpen-West-FH07;19084;FTTH-Cu;;';';;;;;;;7093563;'20191021144300;5576142;'1630000;'25165;Prekersstraat;'14;';2000;Antwerpen - Anvers;;'151911,052;'211565,2;';N;ORN;4;0;Unknown;Unknown;;None;;;';IFH_BATCH;'12/07/2019 07:35:11;;Y;;;;'12/07/2019 07:28:35;1;10366645;;BU;1;';';';';';Y;;RECR;RECREATIE GEBOUW - BATIMENT DE RECREATION;NA;;;';;';;Y;;;;'12/07/2019 07:28:35
;;;Zoning;6807323;'20200219142313;W03-C-Antwerpen-West-FH07;6807323;'20200219142313;W03-C-Antwerpen-West-FH07;19084;FTTH-Cu;11382495;'20191021144657;'Prekersstraat 16 - 18 - 18 A - 18 B - 18 C - 18 D;;;;;;;7093575;'20191021144631;976563;'1630000;'25165;Prekersstraat;'16;';2000;Antwerpen - Anvers;;'151920,091;'211562,074;';N;IRREG;5;15;Unknown;Unknown;;None;;;';;';;Y;;;;'15/01/2019 12:41:18;1;1668477;;BU;1;';';';';';Y;;APTBLD;APPARTEMENTSGEBOUW - IMMEUBLE A APPARTEMENTS;NA;;;';;';;Y;;;;'15/01/2019 12:41:18
;;;Zoning;6807323;'20200219142313;W03-C-Antwerpen-West-FH07;6807323;'20200219142313;W03-C-Antwerpen-West-FH07;19084;FTTH-Cu;;';';;;;;;;7093569;'20191021135418;972778;'1630000;'25165;Prekersstraat;'27;';2000;Antwerpen - Anvers;;'151847,11;'211605,268;';N;ORN;5;15;Unknown;Unknown;;None;;;';;';;Y;;;;'15/01/2019 12:41:18;1;1729020;;LU;1;';';';';';Y;;APTBLD;APPARTEMENTSGEBOUW - IMMEUBLE A APPARTEMENTS;NA;;;';;';;Y;;;;'15/01/2019 12:41:18
;;;Zoning;6807323;'20200219142313;W03-C-Antwerpen-West-FH07;6807323;'20200219142313;W03-C-Antwerpen-West-FH07;19084;FTTH-Cu;;';';;;;;;;7093569;'20191021135418;972778;'1630000;'25165;Prekersstraat;'27;';2000;Antwerpen - Anvers;;'151847,11;'211605,268;';N;ORN;5;15;Unknown;Unknown;;None;;;';;';;Y;;;;'15/01/2019 12:41:18;2;1729021;;LU;1;';';';';';Y;;APTBLD;APPARTEMENTSGEBOUW - IMMEUBLE A APPARTEMENTS;NA;;;';;';;Y;;;;'15/01/2019 12:41:18
;;;Zoning;6807323;'20200219142313;W03-C-Antwerpen-West-FH07;6807323;'20200219142313;W03-C-Antwerpen-West-FH07;19084;FTTH-Cu;;';';;;;;;;7093569;'20191021135418;972778;'1630000;'25165;Prekersstraat;'27;';2000;Antwerpen - Anvers;;'151847,11;'211605,268;';N;ORN;5;15;Unknown;Unknown;;None;;;';;';;Y;;;;'15/01/2019 12:41:18;3;1729022;;LU;1;';';';';';Y;;APTBLD;APPARTEMENTSGEBOUW - IMMEUBLE A APPARTEMENTS;NA;;;';;';;Y;;;;'15/01/2019 12:41:18
;;;Zoning;6807323;'20200219142313;W03-C-Antwerpen-West-FH07;6807323;'20200219142313;W03-C-Antwerpen-West-FH07;19084;FTTH-Cu;;';';;;;;;;7093569;'20191021135418;972778;'1630000;'25165;Prekersstraat;'27;';2000;Antwerpen - Anvers;;'151847,11;'211605,268;';N;ORN;5;15;Unknown;Unknown;;None;;;';;';;Y;;;;'15/01/2019 12:41:18;4;1729023;;LU;1;';';';';';Y;;APTBLD;APPARTEMENTSGEBOUW - IMMEUBLE A APPARTEMENTS;NA;;;';;';;Y;;;;'15/01/2019 12:41:18
;;;Zoning;6807323;'20200219142313;W03-C-Antwerpen-West-FH07;6807323;'20200219142313;W03-C-Antwerpen-West-FH07;19084;FTTH-Cu;;';';;;;;;;7093569;'20191021135418;972778;'1630000;'25165;Prekersstraat;'27;';2000;Antwerpen - Anvers;;'151847,11;'211605,268;';N;ORN;5;15;Unknown;Unknown;;None;;;';;';;Y;;;;'15/01/2019 12:41:18;5;1729024;;LU;1;';';';';';Y;;APTBLD;APPARTEMENTSGEBOUW - IMMEUBLE A APPARTEMENTS;NA;;;';;';;Y;;;;'15/01/2019 12:41:18
;;;Zoning;6807323;'20200219142313;W03-C-Antwerpen-West-FH07;6807323;'20200219142313;W03-C-Antwerpen-West-FH07;19084;FTTH-Cu;;';';;;;;;;7093569;'20191021135418;972778;'1630000;'25165;Prekersstraat;'27;';2000;Antwerpen - Anvers;;'151847,11;'211605,268;';N;ORN;5;15;Unknown;Unknown;;None;;;';;';;Y;;;;'15/01/2019 12:41:18;6;1729025;;LU;1;';';';';';Y;;APTBLD;APPARTEMENTSGEBOUW - IMMEUBLE A APPARTEMENTS;NA;;;';;';;Y;;;;'15/01/2019 12:41:18
;;;Zoning;6807323;'20200219142313;W03-C-Antwerpen-West-FH07;6807323;'20200219142313;W03-C-Antwerpen-West-FH07;19084;FTTH-Cu;;';';;;;;;;7093569;'20191021135418;972778;'1630000;'25165;Prekersstraat;'27;';2000;Antwerpen - Anvers;;'151847,11;'211605,268;';N;ORN;5;15;Unknown;Unknown;;None;;;';;';;Y;;;;'15/01/2019 12:41:18;7;1729026;;LU;1;';';';';';Y;;APTBLD;APPARTEMENTSGEBOUW - IMMEUBLE A APPARTEMENTS;NA;;;';;';;Y;;;;'15/01/2019 12:41:18
;;;Zoning;6807323;'20200219142313;W03-C-Antwerpen-West-FH07;6807323;'20200219142313;W03-C-Antwerpen-West-FH07;19084;FTTH-Cu;;';';;;;;;;7093569;'20191021135418;972778;'1630000;'25165;Prekersstraat;'27;';2000;Antwerpen - Anvers;;'151847,11;'211605,268;';N;ORN;5;15;Unknown;Unknown;;None;;;';;';;Y;;;;'15/01/2019 12:41:18;8;1729027;;LU;1;';';';';';Y;;APTBLD;APPARTEMENTSGEBOUW - IMMEUBLE A APPARTEMENTS;NA;;;';;';;Y;;;;'15/01/2019 12:41:18
;;;Zoning;6807323;'20200219142313;W03-C-Antwerpen-West-FH07;6807323;'20200219142313;W03-C-Antwerpen-West-FH07;19084;FTTH-Cu;;';';;;;;;;7093569;'20191021135418;972778;'1630000;'25165;Prekersstraat;'27;';2000;Antwerpen - Anvers;;'151847,11;'211605,268;';N;ORN;5;15;Unknown;Unknown;;None;;;';;';;Y;;;;'15/01/2019 12:41:18;9;1729028;;LU;1;';';';';';Y;;APTBLD;APPARTEMENTSGEBOUW - IMMEUBLE A APPARTEMENTS;NA;;;';;';;Y;;;;'15/01/2019 12:41:18
;;;Zoning;6807323;'20200219142313;W03-C-Antwerpen-West-FH07;6807323;'20200219142313;W03-C-Antwerpen-West-FH07;19084;FTTH-Cu;;';';;;;;;;8423666;'20191021154753;4516989;'1630000;'27332;Scheldestraat;'50;';2000;Antwerpen - Anvers;;'151811,738;'211287,232;';Y;NA;1;3;Unknown;Unknown;;None;;;';;';;Y;;;;'15/01/2019 12:41:18;1;10365219;;BU;1;';';';';';Y;;INDU;NIJVERHEIDSGEBOUW - ENTREPRISE INDUSTRIELLE;NA;;;';;';;Y;;;;'15/01/2019 12:41:18
;;;Zoning;6807323;'20200219142313;W03-C-Antwerpen-West-FH07;6807323;'20200219142313;W03-C-Antwerpen-West-FH07;19084;FTTH-Cu;;';';;;;;;;7093557;'20190115201329;49164;'1630000;'610;Sint-Andriesplaats;'6;';2000;Antwerpen - Anvers;;'151930,032;'211712,103;';Y;NA;5;15;Unknown;Unknown;;None;;;';;';;Y;;;;'15/01/2019 12:41:18;1;1824212;;BU;1;';';';';';Y;;COMM;HANDELSZAAK - COMMERCE;NA;;;';;';;Y;;;;'15/01/2019 12:41:18
;;;Zoning;6807323;'20200219142313;W03-C-Antwerpen-West-FH07;6807323;'20200219142313;W03-C-Antwerpen-West-FH07;19084;FTTH-Cu;;';';;;;;;;7093557;'20190115201329;49164;'1630000;'610;Sint-Andriesplaats;'6;';2000;Antwerpen - Anvers;;'151930,032;'211712,103;';Y;NA;5;15;Unknown;Unknown;;None;;;';;';;Y;;;;'15/01/2019 12:41:18;2;1824213;;LU;1;';';';';';Y;;COMM;HANDELSZAAK - COMMERCE;NA;;;';;';;Y;;;;'15/01/2019 12:41:18
;;;Zoning;6807323;'20200219142313;W03-C-Antwerpen-West-FH07;6807323;'20200219142313;W03-C-Antwerpen-West-FH07;19084;FTTH-Cu;;';';;;;;;;7093557;'20190115201329;49164;'1630000;'610;Sint-Andriesplaats;'6;';2000;Antwerpen - Anvers;;'151930,032;'211712,103;';Y;NA;5;15;Unknown;Unknown;;None;;;';;';;Y;;;;'15/01/2019 12:41:18;3;1824214;;LU;1;';';';';';Y;;COMM;HANDELSZAAK - COMMERCE;NA;;;';;';;Y;;;;'15/01/2019 12:41:18
;;;Zoning;6807323;'20200219142313;W03-C-Antwerpen-West-FH07;6807323;'20200219142313;W03-C-Antwerpen-West-FH07;19084;FTTH-Cu;;';';;;;;;;7093557;'20190115201329;49164;'1630000;'610;Sint-Andriesplaats;'6;';2000;Antwerpen - Anvers;;'151930,032;'211712,103;';Y;NA;5;15;Unknown;Unknown;;None;;;';;';;Y;;;;'15/01/2019 12:41:18;4;1824215;;LU;1;';';';';';Y;;COMM;HANDELSZAAK - COMMERCE;NA;;;';;';;Y;;;;'15/01/2019 12:41:18
;;;Zoning;6807323;'20200219142313;W03-C-Antwerpen-West-FH07;6807323;'20200219142313;W03-C-Antwerpen-West-FH07;19084;FTTH-Cu;;';';;;;;;;7093557;'20190115201329;49164;'1630000;'610;Sint-Andriesplaats;'6;';2000;Antwerpen - Anvers;;'151930,032;'211712,103;';Y;NA;5;15;Unknown;Unknown;;None;;;';;';;Y;;;;'15/01/2019 12:41:18;5;1824216;;LU;1;';';';';';Y;;COMM;HANDELSZAAK - COMMERCE;NA;;;';;';;Y;;;;'15/01/2019 12:41:18
;;;Zoning;6807323;'20200219142313;W03-C-Antwerpen-West-FH07;6807323;'20200219142313;W03-C-Antwerpen-West-FH07;19084;FTTH-Cu;;';';;;;;;;7093557;'20190115201329;49164;'1630000;'610;Sint-Andriesplaats;'6;';2000;Antwerpen - Anvers;;'151930,032;'211712,103;';Y;NA;5;15;Unknown;Unknown;;None;;;';;';;Y;;;;'15/01/2019 12:41:18;6;1824217;;LU;1;';';';';';Y;;COMM;HANDELSZAAK - COMMERCE;NA;;;';;';;Y;;;;'15/01/2019 12:41:18
;;;Zoning;6807323;'20200219142313;W03-C-Antwerpen-West-FH07;6807323;'20200219142313;W03-C-Antwerpen-West-FH07;19084;FTTH-Cu;;';';;;;;;;7093557;'20190115201329;49164;'1630000;'610;Sint-Andriesplaats;'6;';2000;Antwerpen - Anvers;;'151930,032;'211712,103;';Y;NA;5;15;Unknown;Unknown;;None;;;';;';;Y;;;;'15/01/2019 12:41:18;7;1824218;;LU;1;';';';';';Y;;COMM;HANDELSZAAK - COMMERCE;NA;;;';;';;Y;;;;'15/01/2019 12:41:18
;;;Zoning;6807323;'20200219142313;W03-C-Antwerpen-West-FH07;6807323;'20200219142313;W03-C-Antwerpen-West-FH07;19084;FTTH-Cu;;';';;;;;;;7093557;'20190115201329;49164;'1630000;'610;Sint-Andriesplaats;'6;';2000;Antwerpen - Anvers;;'151930,032;'211712,103;';Y;NA;5;15;Unknown;Unknown;;None;;;';;';;Y;;;;'15/01/2019 12:41:18;8;1824219;;LU;1;';';';';';Y;;COMM;HANDELSZAAK - COMMERCE;NA;;;';;';;Y;;;;'15/01/2019 12:41:18
;;;Zoning;6807323;'20200219142313;W03-C-Antwerpen-West-FH07;6807323;'20200219142313;W03-C-Antwerpen-West-FH07;19084;FTTH-Cu;;';';;;;;;;7093557;'20190115201329;49164;'1630000;'610;Sint-Andriesplaats;'6;';2000;Antwerpen - Anvers;;'151930,032;'211712,103;';Y;NA;5;15;Unknown;Unknown;;None;;;';;';;Y;;;;'15/01/2019 12:41:18;9;1824220;;LU;1;';';';';';Y;;COMM;HANDELSZAAK - COMMERCE;NA;;;';;';;Y;;;;'15/01/2019 12:41:18
;;;Zoning;6807323;'20200219142313;W03-C-Antwerpen-West-FH07;6807323;'20200219142313;W03-C-Antwerpen-West-FH07;19084;FTTH-Cu;;';';;;;;;;7093557;'20190115201329;49164;'1630000;'610;Sint-Andriesplaats;'6;';2000;Antwerpen - Anvers;;'151930,032;'211712,103;';Y;NA;5;15;Unknown;Unknown;;None;;;';;';;Y;;;;'15/01/2019 12:41:18;10;1824221;;LU;1;';';';';';Y;;COMM;HANDELSZAAK - COMMERCE;NA;;;';;';;Y;;;;'15/01/2019 12:41:18
;;;Zoning;6807323;'20200219142313;W03-C-Antwerpen-West-FH07;6807323;'20200219142313;W03-C-Antwerpen-West-FH07;19084;FTTH-Cu;;';';;;;;;;7093568;'20191016092943;972768;'1630000;'610;Sint-Andriesplaats;'24;';2000;Antwerpen - Anvers;;'151901,109;'211653,115;';Y;NA;2;4;Unknown;Unknown;;None;;;';IFH_BATCH;'12/07/2019 07:41:11;;Y;;;;'12/07/2019 07:28:35;1;10364816;;BU;1;';';';';';Y;;INDU;NIJVERHEIDSGEBOUW - ENTREPRISE INDUSTRIELLE;NA;;;';;';;Y;;;;'12/07/2019 07:28:35
;;;Zoning;6807323;'20200219142313;W03-C-Antwerpen-West-FH07;6807323;'20200219142313;W03-C-Antwerpen-West-FH07;19084;FTTH-Cu;;';';;;;;;;7093543;'20190115201329;4193803;'1630000;'612;Sint-Andriesstraat;'3;';2000;Antwerpen - Anvers;;'151980,871;'211836,053;';N;ORN;3;9;Unknown;Unknown;;None;;;';;';;Y;;;;'15/01/2019 12:41:18;1;10378483;;LU;1;';';';';';Y;#DEEL 1E VERD.&2E VERD.;APTBLD;APPARTEMENTSGEBOUW - IMMEUBLE A APPARTEMENTS;NA;;;';;';;Y;;;;'15/01/2019 12:41:18
;;;Zoning;6807323;'20200219142313;W03-C-Antwerpen-West-FH07;6807323;'20200219142313;W03-C-Antwerpen-West-FH07;19084;FTTH-Cu;;';';;;;;;;7093502;'20190712080954;1735130;'1630000;'612;Sint-Andriesstraat;'3;'A;2000;Antwerpen - Anvers;;'151987,107;'211834,023;';N;ORN;4;0;Unknown;Unknown;;None;;;';IFH_BATCH;'12/07/2019 07:41:35;;Y;;;;'12/07/2019 07:28:35;2;10378931;;LU;1;';';';';';Y;#DEEL 1E VERD. & 2E VERD. DAKVERD;APTBLD;APPARTEMENTSGEBOUW - IMMEUBLE A APPARTEMENTS;NA;;;';;';;Y;;;;'12/07/2019 07:28:35
;;;Zoning;6807323;'20200219142313;W03-C-Antwerpen-West-FH07;6807323;'20200219142313;W03-C-Antwerpen-West-FH07;19084;FTTH-Cu;;';';;;;;;;7093556;'20190712080955;49142;'1630000;'612;Sint-Andriesstraat;'5;';2000;Antwerpen - Anvers;;'152055,52;'211803,716;';N;ORN;3;0;Unknown;Unknown;;None;;;';IFH_BATCH;'12/07/2019 07:41:32;;Y;;;;'12/07/2019 07:28:35;2;10410241;;BU;1;';';';';';Y;;APTBLD;APPARTEMENTSGEBOUW - IMMEUBLE A APPARTEMENTS;NA;;;';;';;Y;;;;'12/07/2019 07:28:35
;;;Zoning;6807323;'20200219142313;W03-C-Antwerpen-West-FH07;6807323;'20200219142313;W03-C-Antwerpen-West-FH07;19084;FTTH-Cu;;';';;;;;;;7093536;'20191021123437;2054386;'1630000;'29477;Steenbergstraat;'28;';2000;Antwerpen - Anvers;;'152025,386;'211634,717;';Y;NA;5;4;Unknown;Unknown;;None;;;';IFH_BATCH;'12/07/2019 07:38:23;;Y;;;;'12/07/2019 07:28:35;11;10411561;;LU;1;';';';';';Y;#A1/1.1/;APPART;DEEL_APP_GEBOUW - PARTIE_IMMEUBLE_APP;APPART;;;';;';;Y;;;;'12/07/2019 07:28:35
;;;Zoning;6807323;'20200219142313;W03-C-Antwerpen-West-FH07;6807323;'20200219142313;W03-C-Antwerpen-West-FH07;19084;FTTH-Cu;;';';;;;;;;7093536;'20191021123437;2054386;'1630000;'29477;Steenbergstraat;'28;';2000;Antwerpen - Anvers;;'152025,386;'211634,717;';Y;NA;5;4;Unknown;Unknown;;None;;;';IFH_BATCH;'12/07/2019 07:38:23;;Y;;;;'12/07/2019 07:28:35;12;10411573;;LU;1;';';';';';Y;#A1/1.2/;APPART;DEEL_APP_GEBOUW - PARTIE_IMMEUBLE_APP;APPART;;;';;';;Y;;;;'12/07/2019 07:28:35
;;;Zoning;6807323;'20200219142313;W03-C-Antwerpen-West-FH07;6807323;'20200219142313;W03-C-Antwerpen-West-FH07;19084;FTTH-Cu;;';';;;;;;;7093536;'20191021123437;2054386;'1630000;'29477;Steenbergstraat;'28;';2000;Antwerpen - Anvers;;'152025,386;'211634,717;';Y;NA;5;4;Unknown;Unknown;;None;;;';IFH_BATCH;'12/07/2019 07:38:23;;Y;;;;'12/07/2019 07:28:35;13;10411721;;LU;1;';';';';';Y;#A2/2.1/;APPART;DEEL_APP_GEBOUW - PARTIE_IMMEUBLE_APP;APPART;;;';;';;Y;;;;'12/07/2019 07:28:35
;;;Zoning;6807323;'20200219142313;W03-C-Antwerpen-West-FH07;6807323;'20200219142313;W03-C-Antwerpen-West-FH07;19084;FTTH-Cu;;';';;;;;;;7093536;'20191021123437;2054386;'1630000;'29477;Steenbergstraat;'28;';2000;Antwerpen - Anvers;;'152025,386;'211634,717;';Y;NA;5;4;Unknown;Unknown;;None;;;';IFH_BATCH;'12/07/2019 07:38:23;;Y;;;;'12/07/2019 07:28:35;14;10411733;;LU;1;';';';';';Y;#A2/2.2/;APPART;DEEL_APP_GEBOUW - PARTIE_IMMEUBLE_APP;APPART;;;';;';;Y;;;;'12/07/2019 07:28:35
;;;Zoning;6807323;'20200219142313;W03-C-Antwerpen-West-FH07;6807323;'20200219142313;W03-C-Antwerpen-West-FH07;19084;FTTH-Cu;;';';;;;;;;7093536;'20191021123437;2054386;'1630000;'29477;Steenbergstraat;'28;';2000;Antwerpen - Anvers;;'152025,386;'211634,717;';Y;NA;5;4;Unknown;Unknown;;None;;;';IFH_BATCH;'12/07/2019 07:38:23;;Y;;;;'12/07/2019 07:28:35;15;10411874;;LU;1;';';';';';Y;#A3/3.1/;APPART;DEEL_APP_GEBOUW - PARTIE_IMMEUBLE_APP;APPART;;;';;';;Y;;;;'12/07/2019 07:28:35
;;;Zoning;6807323;'20200219142313;W03-C-Antwerpen-West-FH07;6807323;'20200219142313;W03-C-Antwerpen-West-FH07;19084;FTTH-Cu;;';';;;;;;;7093536;'20191021123437;2054386;'1630000;'29477;Steenbergstraat;'28;';2000;Antwerpen - Anvers;;'152025,386;'211634,717;';Y;NA;5;4;Unknown;Unknown;;None;;;';IFH_BATCH;'12/07/2019 07:38:23;;Y;;;;'12/07/2019 07:28:35;16;10411881;;LU;1;';';';';';Y;#A3/3.2/;APPART;DEEL_APP_GEBOUW - PARTIE_IMMEUBLE_APP;APPART;;;';;';;Y;;;;'12/07/2019 07:28:35
;;;Zoning;6807323;'20200219142313;W03-C-Antwerpen-West-FH07;6807323;'20200219142313;W03-C-Antwerpen-West-FH07;19084;FTTH-Cu;;';';;;;;;;7093536;'20191021123437;2054386;'1630000;'29477;Steenbergstraat;'28;';2000;Antwerpen - Anvers;;'152025,386;'211634,717;';Y;NA;5;4;Unknown;Unknown;;None;;;';IFH_BATCH;'12/07/2019 07:38:23;;Y;;;;'12/07/2019 07:28:35;17;10411978;;LU;1;';';';';';Y;#A4/4.1/;APPART;DEEL_APP_GEBOUW - PARTIE_IMMEUBLE_APP;APPART;;;';;';;Y;;;;'12/07/2019 07:28:35
;;;Zoning;6807323;'20200219142313;W03-C-Antwerpen-West-FH07;6807323;'20200219142313;W03-C-Antwerpen-West-FH07;19084;FTTH-Cu;;';';;;;;;;7093536;'20191021123437;2054386;'1630000;'29477;Steenbergstraat;'28;';2000;Antwerpen - Anvers;;'152025,386;'211634,717;';Y;NA;5;4;Unknown;Unknown;;None;;;';IFH_BATCH;'12/07/2019 07:38:23;;Y;;;;'12/07/2019 07:28:35;18;10411983;;LU;1;';';';';';Y;#A4/4.2/;APPART;DEEL_APP_GEBOUW - PARTIE_IMMEUBLE_APP;APPART;;;';;';;Y;;;;'12/07/2019 07:28:35
;;;Zoning;6807323;'20200219142313;W03-C-Antwerpen-West-FH07;6807323;'20200219142313;W03-C-Antwerpen-West-FH07;19084;FTTH-Cu;;';';;;;;;;7093536;'20191021123437;2054386;'1630000;'29477;Steenbergstraat;'28;';2000;Antwerpen - Anvers;;'152025,386;'211634,717;';Y;NA;5;4;Unknown;Unknown;;None;;;';IFH_BATCH;'12/07/2019 07:38:23;;Y;;;;'12/07/2019 07:28:35;19;10412880;;LU;1;';';';';';Y;#A.GV/0.1/;APPART;DEEL_APP_GEBOUW - PARTIE_IMMEUBLE_APP;APPART;;;';;';;Y;;;;'12/07/2019 07:28:35
;;;Zoning;6807323;'20200219142313;W03-C-Antwerpen-West-FH07;6807323;'20200219142313;W03-C-Antwerpen-West-FH07;19084;FTTH-Cu;;';';;;;;;;7093536;'20191021123437;2054386;'1630000;'29477;Steenbergstraat;'28;';2000;Antwerpen - Anvers;;'152025,386;'211634,717;';Y;NA;5;4;Unknown;Unknown;;None;;;';IFH_BATCH;'12/07/2019 07:38:23;;Y;;;;'12/07/2019 07:28:35;20;10412886;;LU;1;';';';';';Y;#A.GV/0.2/;APPART;DEEL_APP_GEBOUW - PARTIE_IMMEUBLE_APP;APPART;;;';;';;Y;;;;'12/07/2019 07:28:35
;;;Zoning;6807323;'20200219142313;W03-C-Antwerpen-West-FH07;6807323;'20200219142313;W03-C-Antwerpen-West-FH07;19084;FTTH-Cu;;';';;;;;;;8423667;'20191016093448;48960;'1630000;'29519;Steenhouwersvest;'1;';2000;Antwerpen - Anvers;;'151995,326;'212041,753;';N;NA;6;4;Unknown;Unknown;;None;;;';IFH_BATCH;'12/07/2019 07:38:33;;Y;;;;'12/07/2019 07:28:35;1;1610530;;LU;1;';';';';';Y;#A1/1A/K1;APPART;DEEL_APP_GEBOUW - PARTIE_IMMEUBLE_APP;APPART;;;';;';;Y;;;;'12/07/2019 07:28:35
;;;Zoning;6807323;'20200219142313;W03-C-Antwerpen-West-FH07;6807323;'20200219142313;W03-C-Antwerpen-West-FH07;19084;FTTH-Cu;;';';;;;;;;8423667;'20191016093448;48960;'1630000;'29519;Steenhouwersvest;'1;';2000;Antwerpen - Anvers;;'151995,326;'212041,753;';N;NA;6;4;Unknown;Unknown;;None;;;';IFH_BATCH;'12/07/2019 07:38:33;;Y;;;;'12/07/2019 07:28:35;2;1610532;;LU;1;';';';';';Y;#A1/1B/;APPART;DEEL_APP_GEBOUW - PARTIE_IMMEUBLE_APP;APPART;;;';;';;Y;;;;'12/07/2019 07:28:35
;;;Zoning;6807323;'20200219142313;W03-C-Antwerpen-West-FH07;6807323;'20200219142313;W03-C-Antwerpen-West-FH07;19084;FTTH-Cu;;';';;;;;;;8423667;'20191016093448;48960;'1630000;'29519;Steenhouwersvest;'1;';2000;Antwerpen - Anvers;;'151995,326;'212041,753;';N;NA;6;4;Unknown;Unknown;;None;;;';IFH_BATCH;'12/07/2019 07:38:33;;Y;;;;'12/07/2019 07:28:35;3;1611616;;LU;1;';';';';';Y;#A3/3A/K2;APPART;DEEL_APP_GEBOUW - PARTIE_IMMEUBLE_APP;APPART;;;';;';;Y;;;;'12/07/2019 07:28:35
;;;Zoning;6807323;'20200219142313;W03-C-Antwerpen-West-FH07;6807323;'20200219142313;W03-C-Antwerpen-West-FH07;19084;FTTH-Cu;;';';;;;;;;8423667;'20191016093448;48960;'1630000;'29519;Steenhouwersvest;'1;';2000;Antwerpen - Anvers;;'151995,326;'212041,753;';N;NA;6;4;Unknown;Unknown;;None;;;';IFH_BATCH;'12/07/2019 07:38:33;;Y;;;;'12/07/2019 07:28:35;4;1611618;;LU;1;';';';';';Y;#A3/3B/S5-B3;APPART;DEEL_APP_GEBOUW - PARTIE_IMMEUBLE_APP;APPART;;;';;';;Y;;;;'12/07/2019 07:28:35
;;;Zoning;6807323;'20200219142313;W03-C-Antwerpen-West-FH07;6807323;'20200219142313;W03-C-Antwerpen-West-FH07;19084;FTTH-Cu;;';';;;;;;;8423667;'20191016093448;48960;'1630000;'29519;Steenhouwersvest;'1;';2000;Antwerpen - Anvers;;'151995,326;'212041,753;';N;NA;6;4;Unknown;Unknown;;None;;;';IFH_BATCH;'12/07/2019 07:38:33;;Y;;;;'12/07/2019 07:28:35;5;1611925;;LU;1;';';';';';Y;#A4.5/4A/;APPART;DEEL_APP_GEBOUW - PARTIE_IMMEUBLE_APP;APPART;;;';;';;Y;;;;'12/07/2019 07:28:35
;;;Zoning;6807323;'20200219142313;W03-C-Antwerpen-West-FH07;6807323;'20200219142313;W03-C-Antwerpen-West-FH07;19084;FTTH-Cu;;';';;;;;;;8423667;'20191016093448;48960;'1630000;'29519;Steenhouwersvest;'1;';2000;Antwerpen - Anvers;;'151995,326;'212041,753;';N;NA;6;4;Unknown;Unknown;;None;;;';IFH_BATCH;'12/07/2019 07:38:33;;Y;;;;'12/07/2019 07:28:35;6;1611926;;LU;1;';';';';';Y;#A4.5/4B/S2-B5;APPART;DEEL_APP_GEBOUW - PARTIE_IMMEUBLE_APP;APPART;;;';;';;Y;;;;'12/07/2019 07:28:35
;;;Zoning;6807323;'20200219142313;W03-C-Antwerpen-West-FH07;6807323;'20200219142313;W03-C-Antwerpen-West-FH07;19084;FTTH-Cu;;';';;;;;;;8423667;'20191016093448;48960;'1630000;'29519;Steenhouwersvest;'1;';2000;Antwerpen - Anvers;;'151995,326;'212041,753;';N;NA;6;4;Unknown;Unknown;;None;;;';IFH_BATCH;'12/07/2019 07:38:33;;Y;;;;'12/07/2019 07:28:35;7;11086923;;BU;1;';';';';';;;;;;;;';;';;Y;;;;'12/07/2019 07:28:35
;;;Zoning;6807323;'20200219142313;W03-C-Antwerpen-West-FH07;6807323;'20200219142313;W03-C-Antwerpen-West-FH07;19084;FTTH-Cu;;';';;;;;;;8423667;'20191016093448;48960;'1630000;'29519;Steenhouwersvest;'1;';2000;Antwerpen - Anvers;;'151995,326;'212041,753;';N;NA;6;4;Unknown;Unknown;;None;;;';IFH_BATCH;'12/07/2019 07:38:33;;Y;;;;'12/07/2019 07:28:35;8;11086924;;BU;1;';';';';';;;;;;;;';;';;Y;;;;'12/07/2019 07:28:35
;;;Zoning;6807323;'20200219142313;W03-C-Antwerpen-West-FH07;6807323;'20200219142313;W03-C-Antwerpen-West-FH07;19084;FTTH-Cu;;';';;;;;;;8423667;'20191016093448;48960;'1630000;'29519;Steenhouwersvest;'1;';2000;Antwerpen - Anvers;;'151995,326;'212041,753;';N;NA;6;4;Unknown;Unknown;;None;;;';IFH_BATCH;'12/07/2019 07:38:33;;Y;;;;'12/07/2019 07:28:35;9;11086925;;BU;1;';';';';';;;;;;;;';;';;Y;;;;'12/07/2019 07:28:35
;;;Zoning;6807323;'20200219142313;W03-C-Antwerpen-West-FH07;6807323;'20200219142313;W03-C-Antwerpen-West-FH07;19084;FTTH-Cu;;';';;;;;;;8423667;'20191016093448;48960;'1630000;'29519;Steenhouwersvest;'1;';2000;Antwerpen - Anvers;;'151995,326;'212041,753;';N;NA;6;4;Unknown;Unknown;;None;;;';IFH_BATCH;'12/07/2019 07:38:33;;Y;;;;'12/07/2019 07:28:35;10;11086926;;LU;1;';';';';';;;;;;;;';;';;Y;;;;'12/07/2019 07:28:35
;;;Zoning;6807323;'20200219142313;W03-C-Antwerpen-West-FH07;6807323;'20200219142313;W03-C-Antwerpen-West-FH07;19084;FTTH-Cu;;';';;;;;;;8423667;'20191016093448;48960;'1630000;'29519;Steenhouwersvest;'1;';2000;Antwerpen - Anvers;;'151995,326;'212041,753;';N;NA;6;4;Unknown;Unknown;;None;;;';IFH_BATCH;'12/07/2019 07:38:33;;Y;;;;'12/07/2019 07:28:35;11;11086927;;LU;1;';';';';';;;;;;;;';;';;Y;;;;'12/07/2019 07:28:35
;;;Zoning;6807323;'20200219142313;W03-C-Antwerpen-West-FH07;6807323;'20200219142313;W03-C-Antwerpen-West-FH07;19084;FTTH-Cu;;';';;;;;;;8423662;'20191016141255;2054531;'1630000;'29519;Steenhouwersvest;'55;';2000;Antwerpen - Anvers;;'152135,189;'211994,727;';N;IRREG;7;21;Unknown;Unknown;;None;;;';;';;Y;;;;'15/01/2019 12:41:18;1;10410534;;BU;1;';';';';';Y;;HOTEL;HOTEL - HOTEL;NA;;;';;';;Y;;;;'15/01/2019 12:41:18
;;;Zoning;6807323;'20200219142313;W03-C-Antwerpen-West-FH07;6807323;'20200219142313;W03-C-Antwerpen-West-FH07;19084;FTTH-Cu;;';';;;;;;;7093576;'20191021145607;976571;'1630000;'5593;Van Craesbeeckstraat;'3;';2000;Antwerpen - Anvers;;'151984,823;'211539,705;';Y;NA;4;12;Unknown;Unknown;;None;;;';;';;Y;;;;'15/01/2019 12:41:18;7;10410257;;LU;1;';';';';';Y;;APTBLD;APPARTEMENTSGEBOUW - IMMEUBLE A APPARTEMENTS;NA;;;';;';;Y;;;;'15/01/2019 12:41:18
;;;Zoning;6807323;'20200219142313;W03-C-Antwerpen-West-FH07;6807323;'20200219142313;W03-C-Antwerpen-West-FH07;19084;FTTH-Cu;;';';;;;;;;7093576;'20191021145607;976571;'1630000;'5593;Van Craesbeeckstraat;'3;';2000;Antwerpen - Anvers;;'151984,823;'211539,705;';Y;NA;4;12;Unknown;Unknown;;None;;;';;';;Y;;;;'15/01/2019 12:41:18;8;10410258;;LU;1;';';';';';Y;;APTBLD;APPARTEMENTSGEBOUW - IMMEUBLE A APPARTEMENTS;NA;;;';;';;Y;;;;'15/01/2019 12:41:18
;;;Zoning;6807323;'20200219142313;W03-C-Antwerpen-West-FH07;6807323;'20200219142313;W03-C-Antwerpen-West-FH07;19084;FTTH-Cu;;';';;;;;;;7093576;'20191021145607;976571;'1630000;'5593;Van Craesbeeckstraat;'3;';2000;Antwerpen - Anvers;;'151984,823;'211539,705;';Y;NA;4;12;Unknown;Unknown;;None;;;';;';;Y;;;;'15/01/2019 12:41:18;9;10410259;;LU;1;';';';';';Y;;APTBLD;APPARTEMENTSGEBOUW - IMMEUBLE A APPARTEMENTS;NA;;;';;';;Y;;;;'15/01/2019 12:41:18
;;;Zoning;6807323;'20200219142313;W03-C-Antwerpen-West-FH07;6807323;'20200219142313;W03-C-Antwerpen-West-FH07;19084;FTTH-Cu;;';';;;;;;;7093576;'20191021145607;976571;'1630000;'5593;Van Craesbeeckstraat;'3;';2000;Antwerpen - Anvers;;'151984,823;'211539,705;';Y;NA;4;12;Unknown;Unknown;;None;;;';;';;Y;;;;'15/01/2019 12:41:18;10;10410260;;LU;1;';';';';';Y;;APTBLD;APPARTEMENTSGEBOUW - IMMEUBLE A APPARTEMENTS;NA;;;';;';;Y;;;;'15/01/2019 12:41:18
;;;Zoning;6807323;'20200219142313;W03-C-Antwerpen-West-FH07;6807323;'20200219142313;W03-C-Antwerpen-West-FH07;19084;FTTH-Cu;;';';;;;;;;7093576;'20191021145607;976571;'1630000;'5593;Van Craesbeeckstraat;'3;';2000;Antwerpen - Anvers;;'151984,823;'211539,705;';Y;NA;4;12;Unknown;Unknown;;None;;;';;';;Y;;;;'15/01/2019 12:41:18;11;10410261;;LU;1;';';';';';Y;;APTBLD;APPARTEMENTSGEBOUW - IMMEUBLE A APPARTEMENTS;NA;;;';;';;Y;;;;'15/01/2019 12:41:18
;;;Zoning;6807323;'20200219142313;W03-C-Antwerpen-West-FH07;6807323;'20200219142313;W03-C-Antwerpen-West-FH07;19084;FTTH-Cu;;';';;;;;;;7093576;'20191021145607;976571;'1630000;'5593;Van Craesbeeckstraat;'3;';2000;Antwerpen - Anvers;;'151984,823;'211539,705;';Y;NA;4;12;Unknown;Unknown;;None;;;';;';;Y;;;;'15/01/2019 12:41:18;12;10410262;;LU;1;';';';';';Y;;APTBLD;APPARTEMENTSGEBOUW - IMMEUBLE A APPARTEMENTS;NA;;;';;';;Y;;;;'15/01/2019 12:41:18
;;;Zoning;6807323;'20200219142313;W03-C-Antwerpen-West-FH07;6807323;'20200219142313;W03-C-Antwerpen-West-FH07;19084;FTTH-Cu;;';';;;;;;;7093576;'20191021145607;976571;'1630000;'5593;Van Craesbeeckstraat;'3;';2000;Antwerpen - Anvers;;'151984,823;'211539,705;';Y;NA;4;12;Unknown;Unknown;;None;;;';;';;Y;;;;'15/01/2019 12:41:18;13;10410263;;LU;1;';';';';';Y;;APTBLD;APPARTEMENTSGEBOUW - IMMEUBLE A APPARTEMENTS;NA;;;';;';;Y;;;;'15/01/2019 12:41:18
;;;Zoning;6807323;'20200219142313;W03-C-Antwerpen-West-FH07;6807323;'20200219142313;W03-C-Antwerpen-West-FH07;19084;FTTH-Cu;;';';;;;;;;7093576;'20191021145607;976571;'1630000;'5593;Van Craesbeeckstraat;'3;';2000;Antwerpen - Anvers;;'151984,823;'211539,705;';Y;NA;4;12;Unknown;Unknown;;None;;;';;';;Y;;;;'15/01/2019 12:41:18;14;10410264;;LU;1;';';';';';Y;;APTBLD;APPARTEMENTSGEBOUW - IMMEUBLE A APPARTEMENTS;NA;;;';;';;Y;;;;'15/01/2019 12:41:18
;;;Zoning;6807323;'20200219142313;W03-C-Antwerpen-West-FH07;6807323;'20200219142313;W03-C-Antwerpen-West-FH07;19084;FTTH-Cu;;';';;;;;;;7093576;'20191021145607;976571;'1630000;'5593;Van Craesbeeckstraat;'3;';2000;Antwerpen - Anvers;;'151984,823;'211539,705;';Y;NA;4;12;Unknown;Unknown;;None;;;';;';;Y;;;;'15/01/2019 12:41:18;15;10410265;;LU;1;';';';';';Y;;APTBLD;APPARTEMENTSGEBOUW - IMMEUBLE A APPARTEMENTS;NA;;;';;';;Y;;;;'15/01/2019 12:41:18
;;;Zoning;6807323;'20200219142313;W03-C-Antwerpen-West-FH07;6807323;'20200219142313;W03-C-Antwerpen-West-FH07;19084;FTTH-Cu;;';';;;;;;;7093513;'20200109143128;1813896;'1630000;'5593;Van Craesbeeckstraat;'5;';2000;Antwerpen - Anvers;;'151983,819;'211530,728;';Y;NA;15;4;Unknown;Unknown;;None;;;';IFH_BATCH;'12/07/2019 07:40:51;;Y;;;;'12/07/2019 07:28:35;1;10362355;;LU;1;';';';';';Y;;APTBLD;APPARTEMENTSGEBOUW - IMMEUBLE A APPARTEMENTS;NA;;;';;';;Y;;;;'12/07/2019 07:28:35
;;;Zoning;6807323;'20200219142313;W03-C-Antwerpen-West-FH07;6807323;'20200219142313;W03-C-Antwerpen-West-FH07;19084;FTTH-Cu;;';';;;;;;;7093513;'20200109143128;1813896;'1630000;'5593;Van Craesbeeckstraat;'5;';2000;Antwerpen - Anvers;;'151983,819;'211530,728;';Y;NA;15;4;Unknown;Unknown;;None;;;';IFH_BATCH;'12/07/2019 07:40:51;;Y;;;;'12/07/2019 07:28:35;2;10362356;;LU;1;';';';';';Y;;APTBLD;APPARTEMENTSGEBOUW - IMMEUBLE A APPARTEMENTS;NA;;;';;';;Y;;;;'12/07/2019 07:28:35
;;;Zoning;6807323;'20200219142313;W03-C-Antwerpen-West-FH07;6807323;'20200219142313;W03-C-Antwerpen-West-FH07;19084;FTTH-Cu;;';';;;;;;;7093513;'20200109143128;1813896;'1630000;'5593;Van Craesbeeckstraat;'5;';2000;Antwerpen - Anvers;;'151983,819;'211530,728;';Y;NA;15;4;Unknown;Unknown;;None;;;';IFH_BATCH;'12/07/2019 07:40:51;;Y;;;;'12/07/2019 07:28:35;3;10362357;;LU;1;';';';';';Y;;APTBLD;APPARTEMENTSGEBOUW - IMMEUBLE A APPARTEMENTS;NA;;;';;';;Y;;;;'12/07/2019 07:28:35
;;;Zoning;6807323;'20200219142313;W03-C-Antwerpen-West-FH07;6807323;'20200219142313;W03-C-Antwerpen-West-FH07;19084;FTTH-Cu;;';';;;;;;;7093513;'20200109143128;1813896;'1630000;'5593;Van Craesbeeckstraat;'5;';2000;Antwerpen - Anvers;;'151983,819;'211530,728;';Y;NA;15;4;Unknown;Unknown;;None;;;';IFH_BATCH;'12/07/2019 07:40:51;;Y;;;;'12/07/2019 07:28:35;4;10362358;;LU;1;';';';';';Y;;APTBLD;APPARTEMENTSGEBOUW - IMMEUBLE A APPARTEMENTS;NA;;;';;';;Y;;;;'12/07/2019 07:28:35
;;;Zoning;6807323;'20200219142313;W03-C-Antwerpen-West-FH07;6807323;'20200219142313;W03-C-Antwerpen-West-FH07;19084;FTTH-Cu;;';';;;;;;;7093513;'20200109143128;1813896;'1630000;'5593;Van Craesbeeckstraat;'5;';2000;Antwerpen - Anvers;;'151983,819;'211530,728;';Y;NA;15;4;Unknown;Unknown;;None;;;';IFH_BATCH;'12/07/2019 07:40:51;;Y;;;;'12/07/2019 07:28:35;5;10362359;;LU;1;';';';';';Y;;APTBLD;APPARTEMENTSGEBOUW - IMMEUBLE A APPARTEMENTS;NA;;;';;';;Y;;;;'12/07/2019 07:28:35
;;;Zoning;6807323;'20200219142313;W03-C-Antwerpen-West-FH07;6807323;'20200219142313;W03-C-Antwerpen-West-FH07;19084;FTTH-Cu;;';';;;;;;;7093513;'20200109143128;1813896;'1630000;'5593;Van Craesbeeckstraat;'5;';2000;Antwerpen - Anvers;;'151983,819;'211530,728;';Y;NA;15;4;Unknown;Unknown;;None;;;';IFH_BATCH;'12/07/2019 07:40:51;;Y;;;;'12/07/2019 07:28:35;6;10362360;;LU;1;';';';';';Y;;APTBLD;APPARTEMENTSGEBOUW - IMMEUBLE A APPARTEMENTS;NA;;;';;';;Y;;;;'12/07/2019 07:28:35
;;;Zoning;6807323;'20200219142313;W03-C-Antwerpen-West-FH07;6807323;'20200219142313;W03-C-Antwerpen-West-FH07;19084;FTTH-Cu;;';';;;;;;;7093513;'20200109143128;1813896;'1630000;'5593;Van Craesbeeckstraat;'5;';2000;Antwerpen - Anvers;;'151983,819;'211530,728;';Y;NA;15;4;Unknown;Unknown;;None;;;';IFH_BATCH;'12/07/2019 07:40:51;;Y;;;;'12/07/2019 07:28:35;7;10362361;;LU;1;';';';';';Y;;APTBLD;APPARTEMENTSGEBOUW - IMMEUBLE A APPARTEMENTS;NA;;;';;';;Y;;;;'12/07/2019 07:28:35
;;;Zoning;6807323;'20200219142313;W03-C-Antwerpen-West-FH07;6807323;'20200219142313;W03-C-Antwerpen-West-FH07;19084;FTTH-Cu;;';';;;;;;;7093513;'20200109143128;1813896;'1630000;'5593;Van Craesbeeckstraat;'5;';2000;Antwerpen - Anvers;;'151983,819;'211530,728;';Y;NA;15;4;Unknown;Unknown;;None;;;';IFH_BATCH;'12/07/2019 07:40:51;;Y;;;;'12/07/2019 07:28:35;8;10362362;;LU;1;';';';';';Y;;APTBLD;APPARTEMENTSGEBOUW - IMMEUBLE A APPARTEMENTS;NA;;;';;';;Y;;;;'12/07/2019 07:28:35
;;;Zoning;6807323;'20200219142313;W03-C-Antwerpen-West-FH07;6807323;'20200219142313;W03-C-Antwerpen-West-FH07;19084;FTTH-Cu;;';';;;;;;;7093513;'20200109143128;1813896;'1630000;'5593;Van Craesbeeckstraat;'5;';2000;Antwerpen - Anvers;;'151983,819;'211530,728;';Y;NA;15;4;Unknown;Unknown;;None;;;';IFH_BATCH;'12/07/2019 07:40:51;;Y;;;;'12/07/2019 07:28:35;9;10362363;;LU;1;';';';';';Y;;APTBLD;APPARTEMENTSGEBOUW - IMMEUBLE A APPARTEMENTS;NA;;;';;';;Y;;;;'12/07/2019 07:28:35
;;;Zoning;6807323;'20200219142313;W03-C-Antwerpen-West-FH07;6807323;'20200219142313;W03-C-Antwerpen-West-FH07;19084;FTTH-Cu;;';';;;;;;;7093513;'20200109143128;1813896;'1630000;'5593;Van Craesbeeckstraat;'5;';2000;Antwerpen - Anvers;;'151983,819;'211530,728;';Y;NA;15;4;Unknown;Unknown;;None;;;';IFH_BATCH;'12/07/2019 07:40:51;;Y;;;;'12/07/2019 07:28:35;10;10362364;;LU;1;';';';';';Y;;APTBLD;APPARTEMENTSGEBOUW - IMMEUBLE A APPARTEMENTS;NA;;;';;';;Y;;;;'12/07/2019 07:28:35
;;;Zoning;6807323;'20200219142313;W03-C-Antwerpen-West-FH07;6807323;'20200219142313;W03-C-Antwerpen-West-FH07;19084;FTTH-Cu;;';';;;;;;;8423663;'20191021155012;2061609;'1630000;'32984;Volkstraat;'38;';2000;Antwerpen - Anvers;;'151876,637;'211231,961;';Y;NA;6;4;Unknown;Unknown;;None;;;';IFH_BATCH;'12/07/2019 07:40:32;;Y;;;;'12/07/2019 07:28:35;5;10410707;;LU;1;';';';';';Y;#A1;APPART;DEEL_APP_GEBOUW - PARTIE_IMMEUBLE_APP;APPART;;;';;';;Y;;;;'12/07/2019 07:28:35
;;;Zoning;6807323;'20200219142313;W03-C-Antwerpen-West-FH07;6807323;'20200219142313;W03-C-Antwerpen-West-FH07;19084;FTTH-Cu;;';';;;;;;;8423663;'20191021155012;2061609;'1630000;'32984;Volkstraat;'38;';2000;Antwerpen - Anvers;;'151876,637;'211231,961;';Y;NA;6;4;Unknown;Unknown;;None;;;';IFH_BATCH;'12/07/2019 07:40:32;;Y;;;;'12/07/2019 07:28:35;6;10410730;;LU;1;';';';';';Y;#A2;APPART;DEEL_APP_GEBOUW - PARTIE_IMMEUBLE_APP;APPART;;;';;';;Y;;;;'12/07/2019 07:28:35
;;;Zoning;6807323;'20200219142313;W03-C-Antwerpen-West-FH07;6807323;'20200219142313;W03-C-Antwerpen-West-FH07;19084;FTTH-Cu;;';';;;;;;;8423663;'20191021155012;2061609;'1630000;'32984;Volkstraat;'38;';2000;Antwerpen - Anvers;;'151876,637;'211231,961;';Y;NA;6;4;Unknown;Unknown;;None;;;';IFH_BATCH;'12/07/2019 07:40:32;;Y;;;;'12/07/2019 07:28:35;7;10410748;;LU;1;';';';';';Y;#A3;APPART;DEEL_APP_GEBOUW - PARTIE_IMMEUBLE_APP;APPART;;;';;';;Y;;;;'12/07/2019 07:28:35
;;;Zoning;6807323;'20200219142313;W03-C-Antwerpen-West-FH07;6807323;'20200219142313;W03-C-Antwerpen-West-FH07;19084;FTTH-Cu;;';';;;;;;;8423663;'20191021155012;2061609;'1630000;'32984;Volkstraat;'38;';2000;Antwerpen - Anvers;;'151876,637;'211231,961;';Y;NA;6;4;Unknown;Unknown;;None;;;';IFH_BATCH;'12/07/2019 07:40:32;;Y;;;;'12/07/2019 07:28:35;8;10410755;;LU;1;';';';';';Y;#A4;APPART;DEEL_APP_GEBOUW - PARTIE_IMMEUBLE_APP;APPART;;;';;';;Y;;;;'12/07/2019 07:28:35
;;;Zoning;6807323;'20200219142313;W03-C-Antwerpen-West-FH07;6807323;'20200219142313;W03-C-Antwerpen-West-FH07;19084;FTTH-Cu;;';';;;;;;;8423663;'20191021155012;2061609;'1630000;'32984;Volkstraat;'38;';2000;Antwerpen - Anvers;;'151876,637;'211231,961;';Y;NA;6;4;Unknown;Unknown;;None;;;';IFH_BATCH;'12/07/2019 07:40:32;;Y;;;;'12/07/2019 07:28:35;9;10410756;;LU;1;';';';';';Y;#A5;APPART;DEEL_APP_GEBOUW - PARTIE_IMMEUBLE_APP;APPART;;;';;';;Y;;;;'12/07/2019 07:28:35
;;;Zoning;6807323;'20200219142313;W03-C-Antwerpen-West-FH07;6807323;'20200219142313;W03-C-Antwerpen-West-FH07;19084;FTTH-Cu;;';';;;;;;;8423663;'20191021155012;2061609;'1630000;'32984;Volkstraat;'38;';2000;Antwerpen - Anvers;;'151876,637;'211231,961;';Y;NA;6;4;Unknown;Unknown;;None;;;';IFH_BATCH;'12/07/2019 07:40:32;;Y;;;;'12/07/2019 07:28:35;10;10411216;;BU;1;';';';';';Y;#HA.GV;APPART;DEEL_APP_GEBOUW - PARTIE_IMMEUBLE_APP;COMM;;;';;';;Y;;;;'12/07/2019 07:28:35
;;;Zoning;6807323;'20200219142313;W03-C-Antwerpen-West-FH07;6807323;'20200219142313;W03-C-Antwerpen-West-FH07;19084;FTTH-Cu;;';';;;;;;;8423665;'20200113101338;4516966;'1630000;'32984;Volkstraat;'52;';2000;Antwerpen - Anvers;;'151842,027;'211191,594;';N;ORN;5;15;Unknown;Unknown;;None;;;';;';;Y;;;;'15/01/2019 12:41:18;1;1807999;;LU;1;';';';';';Y;# K.OG2/KELDER 4/;APPART;DEEL_APP_GEBOUW - PARTIE_IMMEUBLE_APP;NA;;;';;';;Y;;;;'15/01/2019 12:41:18
;;;Zoning;6807323;'20200219142313;W03-C-Antwerpen-West-FH07;6807323;'20200219142313;W03-C-Antwerpen-West-FH07;19084;FTTH-Cu;;';';;;;;;;8423665;'20200113101338;4516966;'1630000;'32984;Volkstraat;'52;';2000;Antwerpen - Anvers;;'151842,027;'211191,594;';N;ORN;5;15;Unknown;Unknown;;None;;;';;';;Y;;;;'15/01/2019 12:41:18;2;1808064;;LU;1;';';';';';Y;#A1.2/A.1.2/;APPART;DEEL_APP_GEBOUW - PARTIE_IMMEUBLE_APP;APPART;;;';;';;Y;;;;'15/01/2019 12:41:18
;;;Zoning;6807323;'20200219142313;W03-C-Antwerpen-West-FH07;6807323;'20200219142313;W03-C-Antwerpen-West-FH07;19084;FTTH-Cu;;';';;;;;;;8423665;'20200113101338;4516966;'1630000;'32984;Volkstraat;'52;';2000;Antwerpen - Anvers;;'151842,027;'211191,594;';N;ORN;5;15;Unknown;Unknown;;None;;;';;';;Y;;;;'15/01/2019 12:41:18;3;1808095;;LU;1;';';';';';Y;#A1/A.1.1/;APPART;DEEL_APP_GEBOUW - PARTIE_IMMEUBLE_APP;APPART;;;';;';;Y;;;;'15/01/2019 12:41:18
;;;Zoning;6807323;'20200219142313;W03-C-Antwerpen-West-FH07;6807323;'20200219142313;W03-C-Antwerpen-West-FH07;19084;FTTH-Cu;;';';;;;;;;8423665;'20200113101338;4516966;'1630000;'32984;Volkstraat;'52;';2000;Antwerpen - Anvers;;'151842,027;'211191,594;';N;ORN;5;15;Unknown;Unknown;;None;;;';;';;Y;;;;'15/01/2019 12:41:18;4;1808096;;LU;1;';';';';';Y;#A1/A.1.3/;APPART;DEEL_APP_GEBOUW - PARTIE_IMMEUBLE_APP;APPART;;;';;';;Y;;;;'15/01/2019 12:41:18
;;;Zoning;6807323;'20200219142313;W03-C-Antwerpen-West-FH07;6807323;'20200219142313;W03-C-Antwerpen-West-FH07;19084;FTTH-Cu;;';';;;;;;;8423665;'20200113101338;4516966;'1630000;'32984;Volkstraat;'52;';2000;Antwerpen - Anvers;;'151842,027;'211191,594;';N;ORN;5;15;Unknown;Unknown;;None;;;';;';;Y;;;;'15/01/2019 12:41:18;5;1808109;;LU;1;';';';';';Y;#A1/B11/;APPART;DEEL_APP_GEBOUW - PARTIE_IMMEUBLE_APP;APPART;;;';;';;Y;;;;'15/01/2019 12:41:18
;;;Zoning;6807323;'20200219142313;W03-C-Antwerpen-West-FH07;6807323;'20200219142313;W03-C-Antwerpen-West-FH07;19084;FTTH-Cu;;';';;;;;;;8423665;'20200113101338;4516966;'1630000;'32984;Volkstraat;'52;';2000;Antwerpen - Anvers;;'151842,027;'211191,594;';N;ORN;5;15;Unknown;Unknown;;None;;;';;';;Y;;;;'15/01/2019 12:41:18;6;1808110;;LU;1;';';';';';Y;#A1/B12/;APPART;DEEL_APP_GEBOUW - PARTIE_IMMEUBLE_APP;APPART;;;';;';;Y;;;;'15/01/2019 12:41:18
;;;Zoning;6807323;'20200219142313;W03-C-Antwerpen-West-FH07;6807323;'20200219142313;W03-C-Antwerpen-West-FH07;19084;FTTH-Cu;;';';;;;;;;8423665;'20200113101338;4516966;'1630000;'32984;Volkstraat;'52;';2000;Antwerpen - Anvers;;'151842,027;'211191,594;';N;ORN;5;15;Unknown;Unknown;;None;;;';;';;Y;;;;'15/01/2019 12:41:18;7;1808161;;LU;1;';';';';';Y;#A2.3/B21/;APPART;DEEL_APP_GEBOUW - PARTIE_IMMEUBLE_APP;APPART;;;';;';;Y;;;;'15/01/2019 12:41:18
;;;Zoning;6807323;'20200219142313;W03-C-Antwerpen-West-FH07;6807323;'20200219142313;W03-C-Antwerpen-West-FH07;19084;FTTH-Cu;;';';;;;;;;8423665;'20200113101338;4516966;'1630000;'32984;Volkstraat;'52;';2000;Antwerpen - Anvers;;'151842,027;'211191,594;';N;ORN;5;15;Unknown;Unknown;;None;;;';;';;Y;;;;'15/01/2019 12:41:18;8;1808162;;LU;1;';';';';';Y;#A2.3/B22/;APPART;DEEL_APP_GEBOUW - PARTIE_IMMEUBLE_APP;APPART;;;';;';;Y;;;;'15/01/2019 12:41:18
;;;Zoning;6807323;'20200219142313;W03-C-Antwerpen-West-FH07;6807323;'20200219142313;W03-C-Antwerpen-West-FH07;19084;FTTH-Cu;;';';;;;;;;8423665;'20200113101338;4516966;'1630000;'32984;Volkstraat;'52;';2000;Antwerpen - Anvers;;'151842,027;'211191,594;';N;ORN;5;15;Unknown;Unknown;;None;;;';;';;Y;;;;'15/01/2019 12:41:18;9;1808163;;LU;1;';';';';';Y;#A2.3/B23/;APPART;DEEL_APP_GEBOUW - PARTIE_IMMEUBLE_APP;APPART;;;';;';;Y;;;;'15/01/2019 12:41:18
;;;Zoning;6807323;'20200219142313;W03-C-Antwerpen-West-FH07;6807323;'20200219142313;W03-C-Antwerpen-West-FH07;19084;FTTH-Cu;;';';;;;;;;8423665;'20200113101338;4516966;'1630000;'32984;Volkstraat;'52;';2000;Antwerpen - Anvers;;'151842,027;'211191,594;';N;ORN;5;15;Unknown;Unknown;;None;;;';;';;Y;;;;'15/01/2019 12:41:18;10;1808189;;LU;1;';';';';';Y;#A2/A.2.1/;APPART;DEEL_APP_GEBOUW - PARTIE_IMMEUBLE_APP;APPART;;;';;';;Y;;;;'15/01/2019 12:41:18
;;;Zoning;6807323;'20200219142313;W03-C-Antwerpen-West-FH07;6807323;'20200219142313;W03-C-Antwerpen-West-FH07;19084;FTTH-Cu;;';';;;;;;;8423665;'20200113101338;4516966;'1630000;'32984;Volkstraat;'52;';2000;Antwerpen - Anvers;;'151842,027;'211191,594;';N;ORN;5;15;Unknown;Unknown;;None;;;';;';;Y;;;;'15/01/2019 12:41:18;11;1808190;;LU;1;';';';';';Y;#A2/A.2.3/;APPART;DEEL_APP_GEBOUW - PARTIE_IMMEUBLE_APP;APPART;;;';;';;Y;;;;'15/01/2019 12:41:18
;;;Zoning;6807323;'20200219142313;W03-C-Antwerpen-West-FH07;6807323;'20200219142313;W03-C-Antwerpen-West-FH07;19084;FTTH-Cu;;';';;;;;;;8423665;'20200113101338;4516966;'1630000;'32984;Volkstraat;'52;';2000;Antwerpen - Anvers;;'151842,027;'211191,594;';N;ORN;5;15;Unknown;Unknown;;None;;;';;';;Y;;;;'15/01/2019 12:41:18;12;1808202;;LU;1;';';';';';Y;#A2/B24/;APPART;DEEL_APP_GEBOUW - PARTIE_IMMEUBLE_APP;APPART;;;';;';;Y;;;;'15/01/2019 12:41:18
;;;Zoning;6807323;'20200219142313;W03-C-Antwerpen-West-FH07;6807323;'20200219142313;W03-C-Antwerpen-West-FH07;19084;FTTH-Cu;;';';;;;;;;8423665;'20200113101338;4516966;'1630000;'32984;Volkstraat;'52;';2000;Antwerpen - Anvers;;'151842,027;'211191,594;';N;ORN;5;15;Unknown;Unknown;;None;;;';;';;Y;;;;'15/01/2019 12:41:18;13;1808265;;LU;1;';';';';';Y;#A3/A.3.1/;APPART;DEEL_APP_GEBOUW - PARTIE_IMMEUBLE_APP;APPART;;;';;';;Y;;;;'15/01/2019 12:41:18
;;;Zoning;6807323;'20200219142313;W03-C-Antwerpen-West-FH07;6807323;'20200219142313;W03-C-Antwerpen-West-FH07;19084;FTTH-Cu;;';';;;;;;;8423665;'20200113101338;4516966;'1630000;'32984;Volkstraat;'52;';2000;Antwerpen - Anvers;;'151842,027;'211191,594;';N;ORN;5;15;Unknown;Unknown;;None;;;';;';;Y;;;;'15/01/2019 12:41:18;14;1808266;;LU;1;';';';';';Y;#A3/A.3.3/;APPART;DEEL_APP_GEBOUW - PARTIE_IMMEUBLE_APP;APPART;;;';;';;Y;;;;'15/01/2019 12:41:18
;;;Zoning;6807323;'20200219142313;W03-C-Antwerpen-West-FH07;6807323;'20200219142313;W03-C-Antwerpen-West-FH07;19084;FTTH-Cu;;';';;;;;;;8423665;'20200113101338;4516966;'1630000;'32984;Volkstraat;'52;';2000;Antwerpen - Anvers;;'151842,027;'211191,594;';N;ORN;5;15;Unknown;Unknown;;None;;;';;';;Y;;;;'15/01/2019 12:41:18;15;1808472;;SU;1;';';';';';Y;#HA.GV/A/;APPART;DEEL_APP_GEBOUW - PARTIE_IMMEUBLE_APP;COMM;;;';;';;Y;;;;'15/01/2019 12:41:18
;;;Zoning;6807323;'20200219142313;W03-C-Antwerpen-West-FH07;6807323;'20200219142313;W03-C-Antwerpen-West-FH07;19084;FTTH-Cu;;';';;;;;;;8423665;'20200113101338;4516966;'1630000;'32984;Volkstraat;'52;';2000;Antwerpen - Anvers;;'151842,027;'211191,594;';N;ORN;5;15;Unknown;Unknown;;None;;;';;';;Y;;;;'15/01/2019 12:41:18;18;1808490;;LU;1;';';';';';Y;#K.OG1/KELDER 1/;APPART;DEEL_APP_GEBOUW - PARTIE_IMMEUBLE_APP;;;;';;';;Y;;;;'15/01/2019 12:41:18
;;;Zoning;6807323;'20200219142313;W03-C-Antwerpen-West-FH07;6807323;'20200219142313;W03-C-Antwerpen-West-FH07;19084;FTTH-Cu;;';';;;;;;;8423665;'20200113101338;4516966;'1630000;'32984;Volkstraat;'52;';2000;Antwerpen - Anvers;;'151842,027;'211191,594;';N;ORN;5;15;Unknown;Unknown;;None;;;';;';;Y;;;;'15/01/2019 12:41:18;19;1808491;;LU;1;';';';';';Y;#K.OG2/KELDER 2/;APPART;DEEL_APP_GEBOUW - PARTIE_IMMEUBLE_APP;;;;';;';;Y;;;;'15/01/2019 12:41:18
;;;Zoning;6807323;'20200219142313;W03-C-Antwerpen-West-FH07;6807323;'20200219142313;W03-C-Antwerpen-West-FH07;19084;FTTH-Cu;;';';;;;;;;8423669;'20191016100332;60718;'1630000;'33270;Vrijdagmarkt;'7;';2000;Antwerpen - Anvers;;'152121,946;'212055,716;';Y;NA;1;3;Unknown;Unknown;;None;;;';;';;Y;;;;'15/01/2019 12:41:18;1;1841793;;BU;1;';';';';';Y;;COMM;HANDELSZAAK - COMMERCE;NA;;;';;';;Y;;;;'15/01/2019 12:41:18
;;;Zoning;6807323;'20200219142313;W03-C-Antwerpen-West-FH07;6807323;'20200219142313;W03-C-Antwerpen-West-FH07;19084;FTTH-Cu;;';';;;;;;;7093498;'20191021150509;111553;'1630000;'18587;Willem Lepelstraat;'2;';2000;Antwerpen - Anvers;;'151788,338;'211469,95;';N;ORN;4;0;Unknown;Unknown;;None;;;';IFH_BATCH;'12/07/2019 07:32:03;;Y;;;;'12/07/2019 07:28:35;1;1693680;;LU;1;';';';';';Y;;HOUSE;WONING - MAISON;NA;;;';;';;Y;;;;'12/07/2019 07:28:35
;;;Zoning;6807323;'20200219142313;W03-C-Antwerpen-West-FH07;6807323;'20200219142313;W03-C-Antwerpen-West-FH07;19084;FTTH-Cu;;';';;;;;;;7093498;'20191021150509;111553;'1630000;'18587;Willem Lepelstraat;'2;';2000;Antwerpen - Anvers;;'151788,338;'211469,95;';N;ORN;4;0;Unknown;Unknown;;None;;;';IFH_BATCH;'12/07/2019 07:32:03;;Y;;;;'12/07/2019 07:28:35;2;1693681;;LU;1;';';';';';Y;;APTBLD;APPARTEMENTSGEBOUW - IMMEUBLE A APPARTEMENTS;NA;;;';;';;Y;;;;'12/07/2019 07:28:35
;;;Zoning;6807323;'20200219142313;W03-C-Antwerpen-West-FH07;6807323;'20200219142313;W03-C-Antwerpen-West-FH07;19084;FTTH-Cu;;';';;;;;;;7093498;'20191021150509;111553;'1630000;'18587;Willem Lepelstraat;'2;';2000;Antwerpen - Anvers;;'151788,338;'211469,95;';N;ORN;4;0;Unknown;Unknown;;None;;;';IFH_BATCH;'12/07/2019 07:32:03;;Y;;;;'12/07/2019 07:28:35;3;10362347;;LU;1;';';';';';Y;;APTBLD;APPARTEMENTSGEBOUW - IMMEUBLE A APPARTEMENTS;NA;;;';;';;Y;;;;'12/07/2019 07:28:35
;;;Zoning;6807323;'20200219142313;W03-C-Antwerpen-West-FH07;6807323;'20200219142313;W03-C-Antwerpen-West-FH07;19084;FTTH-Cu;;';';;;;;;;7093498;'20191021150509;111553;'1630000;'18587;Willem Lepelstraat;'2;';2000;Antwerpen - Anvers;;'151788,338;'211469,95;';N;ORN;4;0;Unknown;Unknown;;None;;;';IFH_BATCH;'12/07/2019 07:32:03;;Y;;;;'12/07/2019 07:28:35;4;10362348;;LU;1;';';';';';Y;;APTBLD;APPARTEMENTSGEBOUW - IMMEUBLE A APPARTEMENTS;NA;;;';;';;Y;;;;'12/07/2019 07:28:35
;;;Zoning;6807323;'20200219142313;W03-C-Antwerpen-West-FH07;6807323;'20200219142313;W03-C-Antwerpen-West-FH07;19084;FTTH-Cu;11382481;'20191021144113;'Willem Lepelstraat 13 - 15 - 17;;;;;;;7093573;'20191021144048;976545;'1630000;'18587;Willem Lepelstraat;'13;';2000;Antwerpen - Anvers;;'151910,133;'211512,009;';N;IRREG;13;39;Unknown;Unknown;;None;;;';;';;Y;;;;'15/01/2019 12:41:18;1;1647984;;BU;1;';';';';';Y;;APTBLD;APPARTEMENTSGEBOUW - IMMEUBLE A APPARTEMENTS;NA;;;';;';;Y;;;;'15/01/2019 12:41:18
;;;Zoning;6807323;'20200219142313;W03-C-Antwerpen-West-FH07;6807323;'20200219142313;W03-C-Antwerpen-West-FH07;19084;FTTH-Cu;;';';;;;;;;7093571;'20191021150653;973313;'1630000;'18587;Willem Lepelstraat;'16;';2000;Antwerpen - Anvers;;'151825,966;'211457,166;';N;ORN;4;13;Unknown;Unknown;;None;;;';;';;Y;;;;'15/01/2019 12:41:18;1;10362352;;LU;1;';';';';';Y;;APTBLD;APPARTEMENTSGEBOUW - IMMEUBLE A APPARTEMENTS;NA;;;';;';;Y;;;;'15/01/2019 12:41:18
;;;Zoning;6807323;'20200219142313;W03-C-Antwerpen-West-FH07;6807323;'20200219142313;W03-C-Antwerpen-West-FH07;19084;FTTH-Cu;;';';;;;;;;7093571;'20191021150653;973313;'1630000;'18587;Willem Lepelstraat;'16;';2000;Antwerpen - Anvers;;'151825,966;'211457,166;';N;ORN;4;13;Unknown;Unknown;;None;;;';;';;Y;;;;'15/01/2019 12:41:18;2;10362353;;LU;1;';';';';';Y;;APTBLD;APPARTEMENTSGEBOUW - IMMEUBLE A APPARTEMENTS;NA;;;';;';;Y;;;;'15/01/2019 12:41:18
;;;Zoning;6807323;'20200219142313;W03-C-Antwerpen-West-FH07;6807323;'20200219142313;W03-C-Antwerpen-West-FH07;19084;FTTH-Cu;;';';;;;;;;7093571;'20191021150653;973313;'1630000;'18587;Willem Lepelstraat;'16;';2000;Antwerpen - Anvers;;'151825,966;'211457,166;';N;ORN;4;13;Unknown;Unknown;;None;;;';;';;Y;;;;'15/01/2019 12:41:18;3;10362354;;LU;1;';';';';';Y;;APTBLD;APPARTEMENTSGEBOUW - IMMEUBLE A APPARTEMENTS;NA;;;';;';;Y;;;;'15/01/2019 12:41:18
;;;Zoning;6807323;'20200219142313;W03-C-Antwerpen-West-FH07;6807323;'20200219142313;W03-C-Antwerpen-West-FH07;19084;FTTH-Cu;;';';;;;;;;7093571;'20191021150653;973313;'1630000;'18587;Willem Lepelstraat;'16;';2000;Antwerpen - Anvers;;'151825,966;'211457,166;';N;ORN;4;13;Unknown;Unknown;;None;;;';;';;Y;;;;'15/01/2019 12:41:18;4;11086731;;BU;1;';';';';';;;;;;;;';;';;Y;;;;'15/01/2019 12:41:18
;;;Zoning;6807323;'20200219142313;W03-C-Antwerpen-West-FH07;6807323;'20200219142313;W03-C-Antwerpen-West-FH07;19084;FTTH-Cu;11382482;'20191021144001;'Willem Lepelstraat 19 - 21;;;;;;;7093574;'20191021143941;976546;'1630000;'18587;Willem Lepelstraat;'19;';2000;Antwerpen - Anvers;;'151907,3;'211469,511;';N;IRREG;3;9;Unknown;Unknown;;None;;;';;';;Y;;;;'15/01/2019 12:41:18;1;1685750;;LU;1;';';';';';Y;;APTBLD;APPARTEMENTSGEBOUW - IMMEUBLE A APPARTEMENTS;NA;;;';;';;Y;;;;'15/01/2019 12:41:18
;;;Zoning;6807323;'20200219142313;W03-C-Antwerpen-West-FH07;6807323;'20200219142313;W03-C-Antwerpen-West-FH07;19084;FTTH-Cu;11382482;'20191021144001;'Willem Lepelstraat 19 - 21;;;;;;;7093574;'20191021143941;976546;'1630000;'18587;Willem Lepelstraat;'19;';2000;Antwerpen - Anvers;;'151907,3;'211469,511;';N;IRREG;3;9;Unknown;Unknown;;None;;;';;';;Y;;;;'15/01/2019 12:41:18;2;1685751;;LU;1;';';';';';Y;;APTBLD;APPARTEMENTSGEBOUW - IMMEUBLE A APPARTEMENTS;NA;;;';;';;Y;;;;'15/01/2019 12:41:18
;;;Zoning;6807323;'20200219142313;W03-C-Antwerpen-West-FH07;6807323;'20200219142313;W03-C-Antwerpen-West-FH07;19084;FTTH-Cu;11382482;'20191021144001;'Willem Lepelstraat 19 - 21;;;;;;;7093574;'20191021143941;976546;'1630000;'18587;Willem Lepelstraat;'19;';2000;Antwerpen - Anvers;;'151907,3;'211469,511;';N;IRREG;3;9;Unknown;Unknown;;None;;;';;';;Y;;;;'15/01/2019 12:41:18;3;1685752;;LU;1;';';';';';Y;;APTBLD;APPARTEMENTSGEBOUW - IMMEUBLE A APPARTEMENTS;NA;;;';;';;Y;;;;'15/01/2019 12:41:18
;;;Zoning;6807323;'20200219142313;W03-C-Antwerpen-West-FH07;6807323;'20200219142313;W03-C-Antwerpen-West-FH07;19084;FTTH-Cu;11382482;'20191021144001;'Willem Lepelstraat 19 - 21;;;;;;;7093574;'20191021143941;976546;'1630000;'18587;Willem Lepelstraat;'19;';2000;Antwerpen - Anvers;;'151907,3;'211469,511;';N;IRREG;3;9;Unknown;Unknown;;None;;;';;';;Y;;;;'15/01/2019 12:41:18;4;1685753;;LU;1;';';';';';Y;;APTBLD;APPARTEMENTSGEBOUW - IMMEUBLE A APPARTEMENTS;NA;;;';;';;Y;;;;'15/01/2019 12:41:18
;;;Zoning;6807323;'20200219142313;W03-C-Antwerpen-West-FH07;6807323;'20200219142313;W03-C-Antwerpen-West-FH07;19084;FTTH-Cu;11382482;'20191021144001;'Willem Lepelstraat 19 - 21;;;;;;;7093574;'20191021143941;976546;'1630000;'18587;Willem Lepelstraat;'19;';2000;Antwerpen - Anvers;;'151907,3;'211469,511;';N;IRREG;3;9;Unknown;Unknown;;None;;;';;';;Y;;;;'15/01/2019 12:41:18;5;1685754;;LU;1;';';';';';Y;;APTBLD;APPARTEMENTSGEBOUW - IMMEUBLE A APPARTEMENTS;NA;;;';;';;Y;;;;'15/01/2019 12:41:18
;;;Zoning;6807323;'20200219142313;W03-C-Antwerpen-West-FH07;6807323;'20200219142313;W03-C-Antwerpen-West-FH07;19084;FTTH-Cu;11382482;'20191021144001;'Willem Lepelstraat 19 - 21;;;;;;;7093574;'20191021143941;976546;'1630000;'18587;Willem Lepelstraat;'19;';2000;Antwerpen - Anvers;;'151907,3;'211469,511;';N;IRREG;3;9;Unknown;Unknown;;None;;;';;';;Y;;;;'15/01/2019 12:41:18;6;1685755;;LU;1;';';';';';Y;;APTBLD;APPARTEMENTSGEBOUW - IMMEUBLE A APPARTEMENTS;NA;;;';;';;Y;;;;'15/01/2019 12:41:18
;;;Zoning;6807323;'20200219142313;W03-C-Antwerpen-West-FH07;6807323;'20200219142313;W03-C-Antwerpen-West-FH07;19084;FTTH-Cu;11382482;'20191021144001;'Willem Lepelstraat 19 - 21;;;;;;;7093574;'20191021143941;976546;'1630000;'18587;Willem Lepelstraat;'19;';2000;Antwerpen - Anvers;;'151907,3;'211469,511;';N;IRREG;3;9;Unknown;Unknown;;None;;;';;';;Y;;;;'15/01/2019 12:41:18;7;1685756;;LU;1;';';';';';Y;;APTBLD;APPARTEMENTSGEBOUW - IMMEUBLE A APPARTEMENTS;NA;;;';;';;Y;;;;'15/01/2019 12:41:18
;;;Zoning;6807323;'20200219142313;W03-C-Antwerpen-West-FH07;6807323;'20200219142313;W03-C-Antwerpen-West-FH07;19084;FTTH-Cu;11382482;'20191021144001;'Willem Lepelstraat 19 - 21;;;;;;;7093574;'20191021143941;976546;'1630000;'18587;Willem Lepelstraat;'19;';2000;Antwerpen - Anvers;;'151907,3;'211469,511;';N;IRREG;3;9;Unknown;Unknown;;None;;;';;';;Y;;;;'15/01/2019 12:41:18;8;1685757;;LU;1;';';';';';Y;;APTBLD;APPARTEMENTSGEBOUW - IMMEUBLE A APPARTEMENTS;NA;;;';;';;Y;;;;'15/01/2019 12:41:18
;;;Zoning;6807323;'20200219142313;W03-C-Antwerpen-West-FH07;6807323;'20200219142313;W03-C-Antwerpen-West-FH07;19084;FTTH-Cu;11382482;'20191021144001;'Willem Lepelstraat 19 - 21;;;;;;;7093574;'20191021143941;976546;'1630000;'18587;Willem Lepelstraat;'19;';2000;Antwerpen - Anvers;;'151907,3;'211469,511;';N;IRREG;3;9;Unknown;Unknown;;None;;;';;';;Y;;;;'15/01/2019 12:41:18;9;1685758;;LU;1;';';';';';Y;;APTBLD;APPARTEMENTSGEBOUW - IMMEUBLE A APPARTEMENTS;NA;;;';;';;Y;;;;'15/01/2019 12:41:18
;;;Zoning;6807323;'20200219142313;W03-C-Antwerpen-West-FH07;6807323;'20200219142313;W03-C-Antwerpen-West-FH07;19084;FTTH-Cu;11382482;'20191021144001;'Willem Lepelstraat 19 - 21;;;;;;;7093574;'20191021143941;976546;'1630000;'18587;Willem Lepelstraat;'19;';2000;Antwerpen - Anvers;;'151907,3;'211469,511;';N;IRREG;3;9;Unknown;Unknown;;None;;;';;';;Y;;;;'15/01/2019 12:41:18;10;1685759;;LU;1;';';';';';Y;;APTBLD;APPARTEMENTSGEBOUW - IMMEUBLE A APPARTEMENTS;NA;;;';;';;Y;;;;'15/01/2019 12:41:18
;;;Zoning;6807323;'20200219142313;W03-C-Antwerpen-West-FH07;6807323;'20200219142313;W03-C-Antwerpen-West-FH07;19084;FTTH-Cu;11382482;'20191021144001;'Willem Lepelstraat 19 - 21;;;;;;;7093574;'20191021143941;976546;'1630000;'18587;Willem Lepelstraat;'19;';2000;Antwerpen - Anvers;;'151907,3;'211469,511;';N;IRREG;3;9;Unknown;Unknown;;None;;;';;';;Y;;;;'15/01/2019 12:41:18;11;1685760;;LU;1;';';';';';Y;;APTBLD;APPARTEMENTSGEBOUW - IMMEUBLE A APPARTEMENTS;NA;;;';;';;Y;;;;'15/01/2019 12:41:18
;;;Zoning;6807323;'20200219142313;W03-C-Antwerpen-West-FH07;6807323;'20200219142313;W03-C-Antwerpen-West-FH07;19084;FTTH-Cu;;';';;;;;;;7093564;'20191021150954;5833183;'1630000;'18587;Willem Lepelstraat;'30;'A;2000;Antwerpen - Anvers;;'151856,672;'211453,098;';Y;NA;1;4;Unknown;Unknown;;None;;;';;';;Y;;;;'15/01/2019 12:41:18;1;10364814;;BU;1;';';';';';Y;;INDU;NIJVERHEIDSGEBOUW - ENTREPRISE INDUSTRIELLE;NA;;;';;';;Y;;;;'15/01/2019 12:41:18
